-1.42158	0.0548942
-1.3206	0.074652
-1.21979	0.121825
-1.19073	0.0225441
-1.13503	0.0512652
-1.10699	0.0612827
-1.08309	0.0486941
-1.06062	0.0422747
-1.05184	0.0511993
-1.03162	0.0316593
-0.997904	0.0181856
-0.97199	0.0125678
-0.966624	0.0546993
-0.954795	0.0469258
-0.942913	0.0488677
-0.941487	0.0245054
-0.906123	0.0528441
-0.904694	0.0182804
-0.884666	0.0291531
-0.876355	-0.016743
-0.872553	-0.0159054
-0.861871	0.0633771
-0.848922	0.0668913
-0.836823	0.031073
-0.832104	0.0243339
-0.82294	0.0242043
-0.816526	0.00556613
-0.802023	0.0311184
-0.791817	0.0484425
-0.784929	0.00703022
-0.774905	0.00936203
-0.762709	0.028142
-0.757932	0.0351303
-0.752625	-0.0104459
-0.751541	0.0122717
-0.743494	0.0597963
-0.731258	-0.00530579
-0.728971	-0.00168792
-0.723926	0.0354522
-0.714984	0.0417091
-0.710534	-0.0180081
-0.703871	0.0186863
-0.697506	0.00578185
-0.6961	0.0175002
-0.68243	0.0478854
-0.680578	0.0218969
-0.67497	0.0510606
-0.669439	0.00966254
-0.659671	0.00598394
-0.654775	-0.00145179
-0.651315	-0.00374502
-0.64843	0.0140248
-0.639984	0.00815751
-0.633102	0.0137433
-0.627309	0.0221262
-0.624146	0.00694345
-0.617767	0.00737655
-0.614518	0.0120851
-0.61169	0.0157187
-0.610378	0.0269136
-0.601336	-0.0155024
-0.600391	0.044844
-0.59265	0.00980787
-0.586986	0.017104
-0.579229	0.0123828
-0.577406	0.014799
-0.575383	-0.00412254
-0.563753	0.0156975
-0.562459	0.0328301
-0.558378	0.00547643
-0.554393	0.00654703
-0.547221	0.0122718
-0.543476	0.0251169
-0.54151	-0.00020117
-0.538492	0.0129755
-0.534488	0.0415714
-0.528535	0.013594
-0.525937	0.01903
-0.523634	-0.000705265
-0.515361	-0.00764751
-0.512018	0.0118641
-0.509555	0.00968355
-0.505395	0.00108741
-0.500408	0.0186677
-0.496179	0.0154681
-0.493704	0.0129422
-0.487384	0.0126691
-0.485644	0.011298
-0.478714	0.0168091
-0.473304	0.046905
-0.471798	0.0228833
-0.467269	0.00378875
-0.464058	-0.0128318
-0.460978	-0.00318942
-0.458492	0.00176079
-0.453168	0.0105898
-0.449894	-0.000584899
-0.446283	-0.0050254
-0.442097	0.0290415
-0.437404	0.0118793
-0.435875	0.0127076
-0.432058	0.0121578
-0.424063	-0.0012379
-0.42261	-0.00539351
-0.416924	0.0105902
-0.41381	-0.00611596
-0.411742	0.0105792
-0.410734	0.000802055
-0.40724	0.0100112
-0.401785	-0.0180868
-0.398474	0.0179087
-0.396066	-0.00448077
-0.395555	0.00173488
-0.392088	0.0129255
-0.390325	-0.00568927
-0.383001	-0.00448934
-0.381869	0.0176632
-0.37693	0.0180606
-0.375359	-0.045761
-0.373996	0.00125996
-0.366729	-0.0150399
-0.363213	0.0228304
-0.360908	0.00960585
-0.35783	-0.000615118
-0.355747	0.015181
-0.351468	0.00136078
-0.349243	-0.00885375
-0.34535	0.00923722
-0.34028	-0.0183376
-0.337041	0.0257552
-0.336903	0.00643499
-0.332997	-0.0108585
-0.33204	0.0126861
-0.324555	-0.00990205
-0.321223	0.0149624
-0.315916	-0.00460469
-0.314875	0.00704816
-0.3137	-0.0272133
-0.310244	-0.0134875
-0.306829	0.0108117
-0.303337	-0.0174752
-0.300149	0.00251376
-0.29825	-0.00453872
-0.295598	-0.00911034
-0.291879	0.00265906
-0.287299	0.00349042
-0.283821	0.00508685
-0.2816	-0.00110966
-0.279403	0.011155
-0.278584	0.0108269
-0.273898	-0.0143371
-0.27299	-0.0109962
-0.271008	0.0105222
-0.267931	0.00301755
-0.263414	-0.00103448
-0.261897	0.0155353
-0.259644	0.00206877
-0.255755	-0.00396576
-0.25513	0.00998971
-0.253715	0.00299905
-0.245804	-0.0109211
-0.241553	0.0100566
-0.240139	-0.000754283
-0.23816	-0.0342103
-0.235773	-0.0145107
-0.231768	0.00718382
-0.229912	-0.00130114
-0.229081	0.0113635
-0.226348	-0.00898526
-0.223862	-0.011636
-0.222769	0.00162493
-0.219443	0.00217142
-0.21659	-0.0100723
-0.211425	-0.00537972
-0.209708	-0.0126259
-0.202531	-0.017474
-0.199803	-0.0140128
-0.197695	-0.0280066
-0.19756	0.00376436
-0.194903	-0.0177238
-0.190501	-0.01014
-0.187666	-0.00893714
-0.186057	-0.00835034
-0.183902	0.00303973
-0.182309	-0.0111101
-0.176316	-0.0112354
-0.175202	0.0173527
-0.17048	-0.0051924
-0.170171	0.0137537
-0.168267	-0.00200767
-0.16676	-0.00307484
-0.160644	0.00546755
-0.15962	-0.00380939
-0.157771	-0.00896817
-0.15589	-0.0332109
-0.154401	-0.0148517
-0.149536	0.0171674
-0.145595	0.00609677
-0.143857	-0.0131389
-0.140423	-0.000499377
-0.139015	-0.0101804
-0.134924	-0.00136098
-0.133531	-0.0135389
-0.131651	-0.00524432
-0.129293	-0.0156738
-0.128197	0.0108073
-0.125902	-0.0109887
-0.122907	0.0125062
-0.119322	-0.00916204
-0.11674	-0.00156038
-0.11494	-0.00958794
-0.110102	-0.0123036
-0.108867	0.00127176
-0.106418	-0.0214951
-0.102725	-0.00804456
-0.101129	-0.0166897
-0.100195	-0.00263673
-0.0931868	0.00404194
-0.0904835	-0.00132113
-0.086616	-0.0136362
-0.0844506	0.00261058
-0.0819697	-0.016228
-0.0788116	-0.0182376
-0.0772074	0.00119329
-0.0749975	0.000526811
-0.0735762	-0.0185425
-0.0705223	-0.0119727
-0.0682373	0.00806492
-0.0641291	-0.0144036
-0.0603294	-0.00471967
-0.0586387	-0.0114111
-0.0568225	-0.0140165
-0.0565284	-0.0129208
-0.0541901	-0.0115513
-0.0511722	-0.0220097
-0.0482776	-0.00335157
-0.0441552	0.017581
-0.0424439	-0.00192929
-0.0395726	0.00780766
-0.0379182	-0.000192071
-0.031736	-0.00146269
-0.0303221	0.0135427
-0.0296218	-0.00788608
-0.0266549	0.0101731
-0.0243278	-0.0343746
-0.0219368	-0.0117265
-0.0200671	-0.016759
-0.0165143	0.00354009
-0.0147464	-0.0206905
-0.0147416	-0.0223433
-0.0129199	-0.0024095
-0.00936816	-0.0177539
-0.00706611	0.0110486
-0.00336542	-0.0109848
0.000607422	0.00252568
0.00269137	-0.0116457
0.00588491	0.00195886
0.00781474	-0.0103216
0.00902477	-0.00563986
0.0106055	-0.0155462
0.0121323	-0.0228623
0.014733	-0.0163555
0.0168227	-0.0160349
0.0189327	-0.00256816
0.0206503	0.0140644
0.0232994	0.0116127
0.0265984	0.00361468
0.0323607	-0.0403952
0.033546	-0.00108102
0.0363245	0.0105309
0.0380661	-0.00887325
0.0424365	-0.0346188
0.0442746	-0.00196724
0.0467349	-0.0111297
0.0483933	-0.00109741
0.051099	0.00281805
0.0522327	0.00119552
0.0541275	0.00820571
0.0566495	-0.00984553
0.0582782	0.00211154
0.0600065	0.00819145
0.0633694	0.00231021
0.0673856	-0.00779582
0.0687804	0.00587793
0.07385	-0.0233172
0.0754135	0.0061654
0.0775843	0.000571361
0.0821145	-0.00549684
0.0826875	0.00622503
0.0847371	-0.00651761
0.0886251	0.0015913
0.090552	-0.0108586
0.0917361	-0.00200377
0.0955806	-0.0122485
0.0986336	-0.00101019
0.101854	-0.0254462
0.102161	-0.00397089
0.104612	-0.0051805
0.106139	-0.0300542
0.107006	-0.00776449
0.109731	-0.0116912
0.113552	-0.0054677
0.11546	-0.0102641
0.121073	0.0042826
0.123229	0.00629793
0.125686	0.00202983
0.127588	0.0145496
0.130103	-0.00800712
0.133722	-0.0266677
0.134694	-0.0137444
0.140639	-0.00251746
0.144039	-0.00637064
0.145588	-0.0175182
0.146602	-0.00229125
0.148447	0.00319266
0.150686	-0.0024465
0.153399	-0.00673463
0.158845	-0.0221497
0.16016	9.55519e-05
0.161084	-0.0138444
0.164494	-0.0232128
0.166346	-0.00389251
0.166705	-0.00462099
0.169373	-0.0198787
0.172114	-0.0222463
0.177387	-0.0215726
0.181212	-0.00147867
0.1833	-0.00890532
0.184773	-0.00789393
0.187185	-0.0127704
0.190124	0.00311113
0.192111	-0.00958083
0.195897	-0.0373342
0.199034	-0.0132183
0.202472	0.000333584
0.205433	-0.0078101
0.207919	0.00218545
0.211259	-0.00587422
0.212408	-0.0163881
0.217374	0.00798329
0.220345	-0.00555296
0.222512	-0.00422739
0.225455	-0.000750098
0.229207	0.014171
0.232635	-0.0223013
0.234839	-0.034672
0.237216	-0.00282385
0.238849	0.00433509
0.241478	-0.00527615
0.243679	0.00190369
0.249139	-0.0224509
0.250759	-0.00160625
0.25622	-0.0265828
0.257253	0.00612842
0.25912	-0.00704796
0.263716	-0.0198608
0.265298	0.00549166
0.268373	-0.00579509
0.27164	0.000346093
0.275012	0.0013215
0.275951	-0.0122416
0.2781	0.000951859
0.28304	-0.0140665
0.283317	-0.0222265
0.288071	-0.00937413
0.290694	-0.00279589
0.293452	-0.00362125
0.29658	-0.00830919
0.298371	9.5188e-07
0.302298	-0.014617
0.304572	0.0031231
0.3065	-0.00253299
0.31121	0.0116149
0.315526	-0.00139799
0.317683	-0.00107906
0.320574	-0.0086658
0.324138	0.00192287
0.327155	-0.00765485
0.327539	-0.0383431
0.333523	0.00433872
0.335397	-0.0267796
0.339785	0.00785317
0.342813	-0.00670432
0.343852	-0.00850629
0.346088	-0.0279103
0.352093	-0.0167386
0.356235	0.00279926
0.35915	-0.0275057
0.363919	0.0127175
0.366861	-0.0184289
0.370687	-0.00215464
0.373731	-0.0172985
0.376805	-0.00431939
0.380569	-0.00554969
0.38505	-0.00504412
0.386669	-0.0114219
0.389085	-0.0293633
0.390713	-0.0149441
0.394675	-0.008908
0.39922	-0.012588
0.401997	0.00101309
0.404461	-0.0125894
0.40623	-0.0155299
0.40974	-0.0380013
0.414999	-0.0220508
0.420148	0.014489
0.423393	-0.0304164
0.4259	0.0069897
0.426075	-0.0135116
0.432013	0.0107425
0.436261	-0.00949426
0.438379	-0.0162708
0.442639	0.00860442
0.445876	-0.0075462
0.447169	-0.00795557
0.450899	0.00140852
0.456095	-0.0168188
0.45878	-0.0133127
0.464533	-0.025722
0.467966	0.0131032
0.470337	-0.0204868
0.473464	-0.0039759
0.480068	-0.00659981
0.484323	0.00995255
0.489447	-0.000273519
0.490235	-0.0208366
0.494027	-0.0110827
0.497899	-0.0206737
0.499817	-0.0324552
0.504072	0.0260164
0.507755	-0.0116833
0.511762	-0.0352736
0.513485	0.0149681
0.516288	-0.00710843
0.522901	-0.0190141
0.529326	-0.014586
0.532363	-0.00030882
0.536166	-0.00792378
0.540745	-0.0203405
0.543596	0.032271
0.54798	-0.0228997
0.550815	-0.0181294
0.556599	-0.00201599
0.560582	0.00437579
0.562235	-0.00912972
0.570084	-0.0205835
0.572057	-0.0166694
0.578858	0.00241787
0.581959	0.00299867
0.587882	0.0328941
0.590707	-0.0486057
0.592336	-0.0374629
0.603777	-0.0142835
0.604982	-0.0141217
0.610405	-0.00203262
0.613718	-0.0451354
0.619553	0.00959072
0.625522	0.0299108
0.629603	-0.00883921
0.633403	-0.00285814
0.643315	0.0158878
0.645737	-0.000393933
0.654683	-0.0175534
0.657576	0.0123729
0.663978	-0.00727363
0.668518	-0.0198613
0.67653	-0.012743
0.679485	-0.0311712
0.68734	0.0163892
0.688364	0.00749566
0.698822	-0.0140237
0.706536	0.00189901
0.711298	0.0179761
0.714024	0.000398809
0.729655	-0.0177044
0.732532	0.00806843
0.738893	-0.00874906
0.746602	-0.000534455
0.755264	-0.0157114
0.757117	-0.00234304
0.763713	0.0335097
0.771379	0.00218832
0.779768	-0.0123541
0.79148	-0.0121968
0.797052	-0.0236852
0.81209	-0.0251736
0.816506	0.00948841
0.820759	0.00169585
0.829421	0.0397572
0.833907	-0.0396144
0.848663	0.0153437
0.858046	-0.0127734
0.873114	-0.0161632
0.880497	0.0221427
0.889932	-0.00462736
0.912349	-0.0244118
0.919335	-0.0142984
0.930418	0.0471293
0.93258	0.00110392
0.938099	0.0144742
0.951253	-0.0290536
0.998622	-0.0205282
1.00528	0.0412009
1.02972	-0.0229745
1.04525	0.0128623
1.05167	-0.00265301
1.09471	-0.00111169
1.10566	-0.0010653
1.16624	0.0513742
1.2318	-0.038302
1.28069	0.00413883
1.35833	0.0366313
