-2	0
-1.99	0
-1.98	0
-1.97	0
-1.96	0
-1.95	0
-1.94	0
-1.93	0
-1.92	0
-1.91	0
-1.9	0
-1.89	0
-1.88	0
-1.87	0
-1.86	0
-1.85	0
-1.84	0
-1.83	0
-1.82	0
-1.81	0
-1.8	0
-1.79	0
-1.78	0
-1.77	0
-1.76	0
-1.75	0
-1.74	0
-1.73	0
-1.72	0
-1.71	0
-1.7	0
-1.69	0
-1.68	0
-1.67	0
-1.66	0
-1.65	0
-1.64	0
-1.63	0
-1.62	0
-1.61	0
-1.6	0
-1.59	0
-1.58	0
-1.57	0
-1.56	0
-1.55	0
-1.54	0
-1.53	0
-1.52	0
-1.51	0
-1.5	0
-1.49	0
-1.48	0
-1.47	0
-1.46	0
-1.45	0
-1.44	0
-1.43	0
-1.42	0
-1.41	0
-1.4	0
-1.39	0
-1.38	0
-1.37	0
-1.36	0
-1.35	0
-1.34	0
-1.33	0
-1.32	0
-1.31	0
-1.3	0
-1.29	0
-1.28	0
-1.27	0
-1.26	0
-1.25	0
-1.24	0
-1.23	0
-1.22	0
-1.21	0
-1.2	0
-1.19	0
-1.18	0
-1.17	0
-1.16	0
-1.15	0
-1.14	0
-1.13	0
-1.12	0
-1.11	0
-1.1	0
-1.09	0
-1.08	0
-1.07	0
-1.06	0
-1.05	0
-1.04	0
-1.03	0
-1.02	0
-1.01	0
-1	2.52
-0.99	0.46
-0.98	0.7
-0.97	1.06
-0.96	0.66
-0.95	0.46
-0.94	0.28
-0.93	1.82
-0.92	0.48
-0.91	0.1
-0.9	0.06
-0.89	0.06
-0.88	0.36
-0.87	0.04
-0.86	0.08
-0.85	0.08
-0.84	0.62
-0.83	0.52
-0.82	1.24
-0.81	0.18
-0.8	0.4
-0.79	0.4
-0.78	0.3
-0.77	0.9
-0.76	0.24
-0.75	0.12
-0.74	0.52
-0.73	0.04
-0.72	0.9
-0.71	1.3
-0.7	0.64
-0.69	1.32
-0.68	0.9
-0.67	0.3
-0.66	0.22
-0.65	0.26
-0.64	0.44
-0.63	0.26
-0.62	1.26
-0.61	0.54
-0.6	0.52
-0.59	0.24
-0.58	0.12
-0.57	0.26
-0.56	0.5
-0.55	0.28
-0.54	1.18
-0.53	1.24
-0.52	1.02
-0.51	0.82
-0.5	0.88
-0.49	2.04
-0.48	1.58
-0.47	2.52
-0.46	0.78
-0.45	1.9
-0.44	1.84
-0.43	0.58
-0.42	0.92
-0.41	1.26
-0.4	1.12
-0.39	2.08
-0.38	3.18
-0.37	1.84
-0.36	1.28
-0.35	3.46
-0.34	3.14
-0.33	3.94
-0.32	4.4
-0.31	2.62
-0.3	1.58
-0.29	4.32
-0.28	5.68
-0.27	2.7
-0.26	4.32
-0.25	5.4
-0.24	2.62
-0.23	5.14
-0.22	5.86
-0.21	4.06
-0.2	7.64
-0.19	1.84
-0.18	0.36
-0.17	0.86
-0.16	0.4
-0.15	0.24
-0.14	0.28
-0.13	0.32
-0.12	0.12
-0.11	0.14
-0.1	0.18
-0.09	0.48
-0.08	0.1
-0.07	0.46
-0.06	0.22
-0.05	0.5
-0.04	0.12
-0.03	0.12
-0.02	0.24
-0.01	0.38
0	0.18
0.01	0.64
0.02	0.12
0.03	0.12
0.04	0.3
0.05	0.26
0.06	0.26
0.07	0.36
0.08	0.28
0.09	0.44
0.1	0.32
0.11	0.5
0.12	0.54
0.13	0.3
0.14	0.2
0.15	0.46
0.16	0.06
0.17	1.78
0.18	3.58
0.19	4.38
0.2	3.1
0.21	5.96
0.22	5.92
0.23	4.6
0.24	5.46
0.25	4.12
0.26	2.4
0.27	4.12
0.28	3.1
0.29	2.76
0.3	2.96
0.31	1.7
0.32	4.08
0.33	3.1
0.34	2.46
0.35	1.84
0.36	1.6
0.37	1.24
0.38	2.14
0.39	2.06
0.4	1.7
0.41	1.78
0.42	2.18
0.43	1.96
0.44	1.44
0.45	2.74
0.46	1.6
0.47	2.88
0.48	1.4
0.49	0.86
0.5	1.18
0.51	1.1
0.52	1.06
0.53	0.24
0.54	0.4
0.55	0.52
0.56	0.2
0.57	0.3
0.58	0.48
0.59	0.14
0.6	0.48
0.61	0.84
0.62	0.32
0.63	0.36
0.64	0.4
0.65	0.92
0.66	1.26
0.67	0.74
0.68	0.88
0.69	0.92
0.7	0.92
0.71	0.36
0.72	0.32
0.73	0.46
0.74	0.86
0.75	0.34
0.76	0.4
0.77	0.16
0.78	0.28
0.79	0.16
0.8	2.12
0.81	0.14
0.82	0.16
0.83	1.14
0.84	0.1
0.85	0.46
0.86	0.46
0.87	0.2
0.88	0.1
0.89	0.44
0.9	0.18
0.91	0.16
0.92	0.86
0.93	0.78
0.94	0.18
0.95	0.36
0.96	0.78
0.97	0.52
0.98	0.9
0.99	2.36
1	0
1.01	0
1.02	0
1.03	0
1.04	0
1.05	0
1.06	0
1.07	0
1.08	0
1.09	0
1.1	0
1.11	0
1.12	0
1.13	0
1.14	0
1.15	0
1.16	0
1.17	0
1.18	0
1.19	0
1.2	0
1.21	0
1.22	0
1.23	0
1.24	0
1.25	0
1.26	0
1.27	0
1.28	0
1.29	0
1.3	0
1.31	0
1.32	0
1.33	0
1.34	0
1.35	0
1.36	0
1.37	0
1.38	0
1.39	0
1.4	0
1.41	0
1.42	0
1.43	0
1.44	0
1.45	0
1.46	0
1.47	0
1.48	0
1.49	0
1.5	0
1.51	0
1.52	0
1.53	0
1.54	0
1.55	0
1.56	0
1.57	0
1.58	0
1.59	0
1.6	0
1.61	0
1.62	0
1.63	0
1.64	0
1.65	0
1.66	0
1.67	0
1.68	0
1.69	0
1.7	0
1.71	0
1.72	0
1.73	0
1.74	0
1.75	0
1.76	0
1.77	0
1.78	0
1.79	0
1.8	0
1.81	0
1.82	0
1.83	0
1.84	0
1.85	0
1.86	0
1.87	0
1.88	0
1.89	0
1.9	0
1.91	0
1.92	0
1.93	0
1.94	0
1.95	0
1.96	0
1.97	0
1.98	0
1.99	0
2	0
