-2	0
-1.99	0
-1.98	0
-1.97	0
-1.96	0
-1.95	0
-1.94	0
-1.93	0
-1.92	0
-1.91	0
-1.9	0
-1.89	0
-1.88	0
-1.87	0
-1.86	0
-1.85	0
-1.84	0
-1.83	0
-1.82	0
-1.81	0
-1.8	0
-1.79	0
-1.78	0
-1.77	0
-1.76	0
-1.75	0
-1.74	0
-1.73	0
-1.72	0
-1.71	0
-1.7	0
-1.69	0
-1.68	0
-1.67	0
-1.66	0
-1.65	0
-1.64	0
-1.63	0
-1.62	0
-1.61	0
-1.6	0
-1.59	0
-1.58	0
-1.57	0
-1.56	0
-1.55	0
-1.54	0
-1.53	0
-1.52	0
-1.51	0
-1.5	0
-1.49	0
-1.48	0
-1.47	0
-1.46	0
-1.45	0
-1.44	0
-1.43	0
-1.42	0
-1.41	0
-1.4	0
-1.39	0
-1.38	0
-1.37	0
-1.36	0
-1.35	0
-1.34	0
-1.33	0
-1.32	0
-1.31	0
-1.3	0
-1.29	0
-1.28	0
-1.27	0
-1.26	0
-1.25	0
-1.24	0
-1.23	0
-1.22	0
-1.21	0
-1.2	0
-1.19	0
-1.18	0
-1.17	0
-1.16	0
-1.15	0
-1.14	0
-1.13	0
-1.12	0
-1.11	0
-1.1	0
-1.09	0
-1.08	0
-1.07	0
-1.06	0
-1.05	0
-1.04	0
-1.03	0
-1.02	0
-1.01	0
-1	0
-0.99	1.76
-0.98	1.92
-0.97	0.08
-0.96	2.4
-0.95	5.18
-0.94	1.3
-0.93	0
-0.92	0
-0.91	0
-0.9	0
-0.89	0
-0.88	2.54
-0.87	1.28
-0.86	0
-0.85	0
-0.84	0.02
-0.83	0.64
-0.82	0.56
-0.81	0.08
-0.8	3.52
-0.79	0.64
-0.78	0
-0.77	0.02
-0.76	0
-0.75	0
-0.74	1.92
-0.73	0.68
-0.72	0.02
-0.71	0
-0.7	0
-0.69	0
-0.68	0
-0.67	0.56
-0.66	1.24
-0.65	0.68
-0.64	0.04
-0.63	3.82
-0.62	0
-0.61	0
-0.6	0
-0.59	0
-0.58	1.28
-0.57	3.8
-0.56	2.58
-0.55	0.64
-0.54	4.12
-0.53	4.46
-0.52	3.04
-0.51	1.36
-0.5	0.08
-0.49	0
-0.48	3.16
-0.47	0.02
-0.46	0
-0.45	0.64
-0.44	0
-0.43	0
-0.42	1.28
-0.41	4.86
-0.4	3.76
-0.39	1.42
-0.38	1.82
-0.37	5.94
-0.36	1.06
-0.35	0.1
-0.34	4.9
-0.33	1.4
-0.32	3.9
-0.31	3.34
-0.3	0.86
-0.29	4.02
-0.28	4.44
-0.27	3.9
-0.26	5.04
-0.25	8.54
-0.24	6.16
-0.23	3.56
-0.22	7.24
-0.21	9.1
-0.2	8.7
-0.19	11.46
-0.18	21.9
-0.17	4.02
-0.16	18.08
-0.15	10.72
-0.14	20.54
-0.13	10.34
-0.12	2.58
-0.11	0.06
-0.1	0
-0.09	0.02
-0.08	0.06
-0.07	0.62
-0.06	0.18
-0.05	0.22
-0.04	0.08
-0.03	0.04
-0.02	0.04
-0.01	0.06
0	0.08
0.01	0.54
0.02	0.02
0.03	0.04
0.04	0.38
0.05	0.98
0.06	0.92
0.07	0.2
0.08	0.16
0.09	0.1
0.1	0.84
0.11	3.36
0.12	8.48
0.13	15.32
0.14	14.68
0.15	17.12
0.16	11.3
0.17	21.62
0.18	13.8
0.19	6.14
0.2	7.82
0.21	7.68
0.22	1.16
0.23	5.38
0.24	8.8
0.25	2.44
0.26	3.76
0.27	7.06
0.28	5.1
0.29	5
0.3	2.28
0.31	3.32
0.32	2.06
0.33	3.62
0.34	0.26
0.35	0.44
0.36	6.34
0.37	1.3
0.38	1.28
0.39	4.24
0.4	7.32
0.41	0.46
0.42	0.64
0.43	0
0.44	0.32
0.45	0.64
0.46	1.96
0.47	3.84
0.48	2.52
0.49	0.96
0.5	0.34
0.51	0.32
0.52	2.56
0.53	2.56
0.54	1.28
0.55	2.88
0.56	2.88
0.57	1.28
0.58	0
0.59	0
0.6	1.34
0.61	1.2
0.62	2.56
0.63	0.32
0.64	0
0.65	0.32
0.66	0.02
0.67	0.64
0.68	0
0.69	0.02
0.7	0
0.71	0
0.72	0.64
0.73	2.56
0.74	0.02
0.75	0
0.76	0.34
0.77	0.96
0.78	0
0.79	2.56
0.8	0
0.81	0
0.82	0
0.83	0.56
0.84	0
0.85	0
0.86	1.92
0.87	1.92
0.88	0.96
0.89	0
0.9	0
0.91	0
0.92	0
0.93	1.92
0.94	5.76
0.95	0.04
0.96	0.36
0.97	2.16
0.98	1.28
0.99	0
1	0
1.01	0
1.02	0
1.03	0
1.04	0
1.05	0
1.06	0
1.07	0
1.08	0
1.09	0
1.1	0
1.11	0
1.12	0
1.13	0
1.14	0
1.15	0
1.16	0
1.17	0
1.18	0
1.19	0
1.2	0
1.21	0
1.22	0
1.23	0
1.24	0
1.25	0
1.26	0
1.27	0
1.28	0
1.29	0
1.3	0
1.31	0
1.32	0
1.33	0
1.34	0
1.35	0
1.36	0
1.37	0
1.38	0
1.39	0
1.4	0
1.41	0
1.42	0
1.43	0
1.44	0
1.45	0
1.46	0
1.47	0
1.48	0
1.49	0
1.5	0
1.51	0
1.52	0
1.53	0
1.54	0
1.55	0
1.56	0
1.57	0
1.58	0
1.59	0
1.6	0
1.61	0
1.62	0
1.63	0
1.64	0
1.65	0
1.66	0
1.67	0
1.68	0
1.69	0
1.7	0
1.71	0
1.72	0
1.73	0
1.74	0
1.75	0
1.76	0
1.77	0
1.78	0
1.79	0
1.8	0
1.81	0
1.82	0
1.83	0
1.84	0
1.85	0
1.86	0
1.87	0
1.88	0
1.89	0
1.9	0
1.91	0
1.92	0
1.93	0
1.94	0
1.95	0
1.96	0
1.97	0
1.98	0
1.99	0
2	0
