-2	0
-1.99	0
-1.98	0
-1.97	0
-1.96	0
-1.95	0
-1.94	0
-1.93	0
-1.92	0
-1.91	0
-1.9	0
-1.89	0
-1.88	0
-1.87	0
-1.86	0
-1.85	0
-1.84	0
-1.83	0
-1.82	0
-1.81	0
-1.8	0
-1.79	0
-1.78	0
-1.77	0
-1.76	0
-1.75	0
-1.74	0
-1.73	0
-1.72	0
-1.71	0
-1.7	0
-1.69	0
-1.68	0
-1.67	0
-1.66	0
-1.65	0
-1.64	0
-1.63	0
-1.62	0
-1.61	0
-1.6	0
-1.59	0
-1.58	0
-1.57	0
-1.56	0
-1.55	0
-1.54	0
-1.53	0
-1.52	0
-1.51	0
-1.5	0
-1.49	0
-1.48	0
-1.47	0
-1.46	0
-1.45	0
-1.44	0
-1.43	0
-1.42	0
-1.41	0
-1.4	0
-1.39	0
-1.38	0
-1.37	0
-1.36	0
-1.35	0
-1.34	0
-1.33	0
-1.32	0
-1.31	0
-1.3	0
-1.29	0
-1.28	0
-1.27	0
-1.26	0
-1.25	0
-1.24	0
-1.23	0
-1.22	0
-1.21	0
-1.2	0
-1.19	0
-1.18	0
-1.17	0
-1.16	0
-1.15	0
-1.14	0
-1.13	0
-1.12	0
-1.11	0
-1.1	0
-1.09	0
-1.08	0
-1.07	0
-1.06	0
-1.05	0
-1.04	0
-1.03	0
-1.02	0
-1.01	0
-1	0.96
-0.99	0.32
-0.98	3.12
-0.97	2.58
-0.96	0
-0.95	0
-0.94	1.28
-0.93	1.28
-0.92	0
-0.91	4.14
-0.9	0.32
-0.89	0.6
-0.88	0
-0.87	2.56
-0.86	0
-0.85	0.02
-0.84	0.12
-0.83	0.2
-0.82	0
-0.81	0
-0.8	0
-0.79	0.64
-0.78	0
-0.77	0
-0.76	0
-0.75	0
-0.74	0
-0.73	0
-0.72	0
-0.71	0.64
-0.7	0.32
-0.69	2.88
-0.68	0
-0.67	0
-0.66	0.08
-0.65	0.84
-0.64	0.04
-0.63	0.32
-0.62	2.56
-0.61	0
-0.6	0
-0.59	1.32
-0.58	0.76
-0.57	0.08
-0.56	0
-0.55	0.04
-0.54	1.32
-0.53	2.56
-0.52	4.78
-0.51	4.12
-0.5	2.88
-0.49	0
-0.48	1.28
-0.47	2.56
-0.46	0
-0.45	1.26
-0.44	4.44
-0.43	0
-0.42	1.28
-0.41	1.28
-0.4	0
-0.39	0
-0.38	0
-0.37	2.56
-0.36	0
-0.35	0
-0.34	4.46
-0.33	5.74
-0.32	0
-0.31	7.08
-0.3	2.6
-0.29	0.16
-0.28	3.84
-0.27	0.68
-0.26	8.28
-0.25	6.46
-0.24	3.82
-0.23	2.86
-0.22	8.48
-0.21	6.38
-0.2	8.82
-0.19	7.86
-0.18	8.8
-0.17	7.18
-0.16	14.58
-0.15	21.58
-0.14	12.06
-0.13	18.8
-0.12	23.08
-0.11	8.5
-0.1	3.32
-0.09	0.02
-0.08	0
-0.07	0.02
-0.06	0.16
-0.05	0.12
-0.04	0.06
-0.03	0
-0.02	0.02
-0.01	0.22
0	0.26
0.01	0.66
0.02	0.58
0.03	0.14
0.04	0.06
0.05	0.28
0.06	0.02
0.07	0
0.08	0.64
0.09	2
0.1	7.76
0.11	16.64
0.12	20.04
0.13	19.68
0.14	22.02
0.15	11.66
0.16	8.48
0.17	11.58
0.18	6.84
0.19	7
0.2	5.74
0.21	6.26
0.22	3.12
0.23	3.9
0.24	6
0.25	8.24
0.26	3.84
0.27	2.62
0.28	0.4
0.29	3.04
0.3	5.12
0.31	1.44
0.32	5.12
0.33	4.96
0.34	0
0.35	2.56
0.36	2.88
0.37	0.96
0.38	0
0.39	1.28
0.4	0
0.41	1.28
0.42	0
0.43	3.88
0.44	0.6
0.45	0.02
0.46	2.56
0.47	0.32
0.48	2.56
0.49	3.18
0.5	0
0.51	4.52
0.52	2.56
0.53	0.68
0.54	1.84
0.55	0
0.56	1.28
0.57	0.02
0.58	0.94
0.59	0.32
0.6	1.28
0.61	3.2
0.62	0.16
0.63	0.16
0.64	0
0.65	0.64
0.66	0
0.67	0
0.68	2.56
0.69	0
0.7	0
0.71	1.28
0.72	0
0.73	0
0.74	0
0.75	0
0.76	0
0.77	0
0.78	0
0.79	0
0.8	0.64
0.81	0
0.82	0
0.83	0
0.84	0
0.85	0
0.86	2.56
0.87	0
0.88	0
0.89	1.28
0.9	2.56
0.91	0.96
0.92	0.64
0.93	1.92
0.94	0.08
0.95	0
0.96	2.56
0.97	2.48
0.98	0
0.99	1.28
1	0
1.01	0
1.02	0
1.03	0
1.04	0
1.05	0
1.06	0
1.07	0
1.08	0
1.09	0
1.1	0
1.11	0
1.12	0
1.13	0
1.14	0
1.15	0
1.16	0
1.17	0
1.18	0
1.19	0
1.2	0
1.21	0
1.22	0
1.23	0
1.24	0
1.25	0
1.26	0
1.27	0
1.28	0
1.29	0
1.3	0
1.31	0
1.32	0
1.33	0
1.34	0
1.35	0
1.36	0
1.37	0
1.38	0
1.39	0
1.4	0
1.41	0
1.42	0
1.43	0
1.44	0
1.45	0
1.46	0
1.47	0
1.48	0
1.49	0
1.5	0
1.51	0
1.52	0
1.53	0
1.54	0
1.55	0
1.56	0
1.57	0
1.58	0
1.59	0
1.6	0
1.61	0
1.62	0
1.63	0
1.64	0
1.65	0
1.66	0
1.67	0
1.68	0
1.69	0
1.7	0
1.71	0
1.72	0
1.73	0
1.74	0
1.75	0
1.76	0
1.77	0
1.78	0
1.79	0
1.8	0
1.81	0
1.82	0
1.83	0
1.84	0
1.85	0
1.86	0
1.87	0
1.88	0
1.89	0
1.9	0
1.91	0
1.92	0
1.93	0
1.94	0
1.95	0
1.96	0
1.97	0
1.98	0
1.99	0
2	0
