-2	0
-1.99	0
-1.98	0
-1.97	0
-1.96	0
-1.95	0
-1.94	0
-1.93	0
-1.92	0
-1.91	0
-1.9	0
-1.89	0
-1.88	0
-1.87	0
-1.86	0
-1.85	0
-1.84	0
-1.83	0
-1.82	0
-1.81	0
-1.8	0
-1.79	0
-1.78	0
-1.77	0
-1.76	0
-1.75	0
-1.74	0
-1.73	0
-1.72	0
-1.71	0
-1.7	0
-1.69	0
-1.68	0
-1.67	0
-1.66	0
-1.65	0
-1.64	0
-1.63	0
-1.62	0
-1.61	0
-1.6	0
-1.59	0
-1.58	0
-1.57	0
-1.56	0
-1.55	0
-1.54	0
-1.53	0
-1.52	0
-1.51	0
-1.5	0
-1.49	0
-1.48	0
-1.47	0
-1.46	0
-1.45	0
-1.44	0
-1.43	0
-1.42	0
-1.41	0
-1.4	0
-1.39	0
-1.38	0
-1.37	0
-1.36	0
-1.35	0
-1.34	0
-1.33	0
-1.32	0
-1.31	0
-1.3	0
-1.29	0
-1.28	0
-1.27	0
-1.26	0
-1.25	0
-1.24	0
-1.23	0
-1.22	0
-1.21	0
-1.2	0
-1.19	0
-1.18	0
-1.17	0
-1.16	0
-1.15	0
-1.14	0
-1.13	0
-1.12	0
-1.11	0
-1.1	0
-1.09	0
-1.08	0
-1.07	0
-1.06	0
-1.05	0
-1.04	0
-1.03	0
-1.02	0
-1.01	0
-1	0.3
-0.99	0.28
-0.98	0.12
-0.97	0.04
-0.96	0.32
-0.95	0.08
-0.94	0.16
-0.93	0.04
-0.92	0.06
-0.91	0.08
-0.9	0.1
-0.89	0.02
-0.88	0.16
-0.87	0.06
-0.86	0.1
-0.85	0.02
-0.84	0.18
-0.83	0.24
-0.82	0.34
-0.81	0.54
-0.8	0.38
-0.79	0.52
-0.78	0.38
-0.77	0.36
-0.76	0.16
-0.75	0.32
-0.74	0.76
-0.73	0.56
-0.72	0.1
-0.71	0.26
-0.7	0.52
-0.69	0.56
-0.68	0.4
-0.67	0.36
-0.66	0.48
-0.65	0.58
-0.64	0.54
-0.63	0.78
-0.62	0.42
-0.61	0.44
-0.6	0.46
-0.59	0.4
-0.58	1.04
-0.57	0.8
-0.56	0.6
-0.55	0.96
-0.54	0.54
-0.53	1
-0.52	0.9
-0.51	0.84
-0.5	0.78
-0.49	1.22
-0.48	0.6
-0.47	1.64
-0.46	0.34
-0.45	0.3
-0.44	1.02
-0.43	1.66
-0.42	1.2
-0.41	1.36
-0.4	1.26
-0.39	1.86
-0.38	2.2
-0.37	2.38
-0.36	1.64
-0.35	1.24
-0.34	1.72
-0.33	1.12
-0.32	0.82
-0.31	1.38
-0.3	2.46
-0.29	1.5
-0.28	0.66
-0.27	1.56
-0.26	1.66
-0.25	1.04
-0.24	0.9
-0.23	1.18
-0.22	2.3
-0.21	0.4
-0.2	0.18
-0.19	0.22
-0.18	0.14
-0.17	0.2
-0.16	0.24
-0.15	0.1
-0.14	0.04
-0.13	0.24
-0.12	0.12
-0.11	0.2
-0.1	0.14
-0.09	0.3
-0.08	0.24
-0.07	0.32
-0.06	0.18
-0.05	0.18
-0.04	0.28
-0.03	0.32
-0.02	0.32
-0.01	0.14
0	0.28
0.01	0.32
0.02	0.26
0.03	0.14
0.04	0.14
0.05	0.22
0.06	0.1
0.07	0.1
0.08	0.22
0.09	0.18
0.1	0.2
0.11	0.26
0.12	0.14
0.13	0.46
0.14	0.16
0.15	0.28
0.16	0.26
0.17	0.24
0.18	0.32
0.19	0.16
0.2	0.48
0.21	1.34
0.22	0.92
0.23	2.86
0.24	0.9
0.25	1.2
0.26	1.48
0.27	1.68
0.28	1.22
0.29	1.26
0.3	1.22
0.31	1.76
0.32	0.88
0.33	1.82
0.34	2.18
0.35	1.82
0.36	2.06
0.37	1.32
0.38	1.66
0.39	1.76
0.4	0.88
0.41	1.04
0.42	1.2
0.43	0.88
0.44	1
0.45	1.62
0.46	1.14
0.47	1.4
0.48	0.82
0.49	0.42
0.5	0.56
0.51	0.56
0.52	0.64
0.53	0.82
0.54	0.92
0.55	0.6
0.56	0.7
0.57	0.42
0.58	0.58
0.59	0.34
0.6	0.7
0.61	0.48
0.62	1.06
0.63	0.28
0.64	0.66
0.65	0.34
0.66	0.24
0.67	0.3
0.68	0.34
0.69	0.5
0.7	0.24
0.71	0.2
0.72	0.52
0.73	0.38
0.74	0.7
0.75	0.42
0.76	0.4
0.77	0.46
0.78	0.52
0.79	0.8
0.8	0.4
0.81	0.4
0.82	0.18
0.83	0.16
0.84	0.06
0.85	0.04
0.86	0.08
0.87	0.02
0.88	0.14
0.89	0.06
0.9	0.04
0.91	0.12
0.92	0.04
0.93	0.02
0.94	0.1
0.95	0.66
0.96	0.16
0.97	0.12
0.98	0.14
0.99	0.56
1	0
1.01	0
1.02	0
1.03	0
1.04	0
1.05	0
1.06	0
1.07	0
1.08	0
1.09	0
1.1	0
1.11	0
1.12	0
1.13	0
1.14	0
1.15	0
1.16	0
1.17	0
1.18	0
1.19	0
1.2	0
1.21	0
1.22	0
1.23	0
1.24	0
1.25	0
1.26	0
1.27	0
1.28	0
1.29	0
1.3	0
1.31	0
1.32	0
1.33	0
1.34	0
1.35	0
1.36	0
1.37	0
1.38	0
1.39	0
1.4	0
1.41	0
1.42	0
1.43	0
1.44	0
1.45	0
1.46	0
1.47	0
1.48	0
1.49	0
1.5	0
1.51	0
1.52	0
1.53	0
1.54	0
1.55	0
1.56	0
1.57	0
1.58	0
1.59	0
1.6	0
1.61	0
1.62	0
1.63	0
1.64	0
1.65	0
1.66	0
1.67	0
1.68	0
1.69	0
1.7	0
1.71	0
1.72	0
1.73	0
1.74	0
1.75	0
1.76	0
1.77	0
1.78	0
1.79	0
1.8	0
1.81	0
1.82	0
1.83	0
1.84	0
1.85	0
1.86	0
1.87	0
1.88	0
1.89	0
1.9	0
1.91	0
1.92	0
1.93	0
1.94	0
1.95	0
1.96	0
1.97	0
1.98	0
1.99	0
2	0
