-2	0
-1.99	0
-1.98	0
-1.97	0
-1.96	0
-1.95	0
-1.94	0
-1.93	0
-1.92	0
-1.91	0
-1.9	0
-1.89	0
-1.88	0
-1.87	0
-1.86	0
-1.85	0
-1.84	0
-1.83	0
-1.82	0
-1.81	0
-1.8	0
-1.79	0
-1.78	0
-1.77	0
-1.76	0
-1.75	0
-1.74	0
-1.73	0
-1.72	0
-1.71	0
-1.7	0
-1.69	0
-1.68	0
-1.67	0
-1.66	0
-1.65	0
-1.64	0
-1.63	0
-1.62	0
-1.61	0
-1.6	0
-1.59	0
-1.58	0
-1.57	0
-1.56	0
-1.55	0
-1.54	0
-1.53	0
-1.52	0
-1.51	0
-1.5	0
-1.49	0
-1.48	0
-1.47	0
-1.46	0
-1.45	0
-1.44	0
-1.43	0
-1.42	0
-1.41	0
-1.4	0
-1.39	0
-1.38	0
-1.37	0
-1.36	0
-1.35	0
-1.34	0
-1.33	0
-1.32	0
-1.31	0
-1.3	0
-1.29	0
-1.28	0
-1.27	0
-1.26	0
-1.25	0
-1.24	0
-1.23	0
-1.22	0
-1.21	0
-1.2	0
-1.19	0
-1.18	0
-1.17	0
-1.16	0
-1.15	0
-1.14	0
-1.13	0
-1.12	0
-1.11	0
-1.1	0
-1.09	0
-1.08	0
-1.07	0
-1.06	0
-1.05	0
-1.04	0
-1.03	0
-1.02	0
-1.01	0
-1	0.96
-0.99	0.32
-0.98	3.08
-0.97	2.58
-0.96	0
-0.95	0
-0.94	2.56
-0.93	0
-0.92	0
-0.91	2.54
-0.9	1.6
-0.89	0.32
-0.88	2.9
-0.87	0
-0.86	0.16
-0.85	0.16
-0.84	0.04
-0.83	0
-0.82	0
-0.81	0
-0.8	0.6
-0.79	0.04
-0.78	0
-0.77	0
-0.76	0
-0.75	0.24
-0.74	0.2
-0.73	0.16
-0.72	0
-0.71	0.96
-0.7	2.56
-0.69	0.32
-0.68	0
-0.67	0
-0.66	0.56
-0.65	0.08
-0.64	0
-0.63	2.8
-0.62	0.08
-0.61	0.32
-0.6	0.68
-0.59	1.24
-0.58	0
-0.57	0
-0.56	0
-0.55	0
-0.54	3.84
-0.53	2.54
-0.52	2.86
-0.51	3.5
-0.5	2.88
-0.49	0
-0.48	1.28
-0.47	2.56
-0.46	0
-0.45	1.26
-0.44	4.44
-0.43	1.28
-0.42	1.28
-0.41	0
-0.4	0
-0.39	0
-0.38	2.56
-0.37	0
-0.36	0
-0.35	1.26
-0.34	7.64
-0.33	1.28
-0.32	3.04
-0.31	4.14
-0.3	2.68
-0.29	0.04
-0.28	3.86
-0.27	2.64
-0.26	9.8
-0.25	3.6
-0.24	3.4
-0.23	3.26
-0.22	7.04
-0.21	10.48
-0.2	4.28
-0.19	6.78
-0.18	10.98
-0.17	7.5
-0.16	20.8
-0.15	18.34
-0.14	14.64
-0.13	17.28
-0.12	18.52
-0.11	10.84
-0.1	0.68
-0.09	0.12
-0.08	0.08
-0.07	0.34
-0.06	0.04
-0.05	0.62
-0.04	0.18
-0.03	0
-0.02	0.64
-0.01	0.48
0	0.04
0.01	0.72
0.02	0.04
0.03	0.04
0.04	0.04
0.05	0
0.06	0
0.07	0
0.08	0
0.09	0
0.1	9.62
0.11	15.42
0.12	18.54
0.13	20.16
0.14	18.24
0.15	17.08
0.16	8.78
0.17	9.48
0.18	8.46
0.19	4.16
0.2	10.24
0.21	6.08
0.22	1.44
0.23	4.86
0.24	6.62
0.25	7.74
0.26	3.94
0.27	2.98
0.28	0.4
0.29	2.8
0.3	4.16
0.31	1.44
0.32	1.28
0.33	10.08
0.34	0
0.35	1.6
0.36	1.28
0.37	3.2
0.38	0.32
0.39	1.28
0.4	0
0.41	1.3
0.42	0
0.43	2.58
0.44	1.88
0.45	0
0.46	2.56
0.47	0.34
0.48	1.3
0.49	4.44
0.5	0.02
0.51	1.98
0.52	3.76
0.53	2.56
0.54	1.3
0.55	0.02
0.56	1.6
0.57	0.64
0.58	0.88
0.59	0.02
0.6	0.66
0.61	0.8
0.62	2.72
0.63	0
0.64	0
0.65	0
0.66	0.64
0.67	0
0.68	0
0.69	2.56
0.7	0
0.71	0
0.72	1.28
0.73	0
0.74	0
0.75	0
0.76	0
0.77	0
0.78	0
0.79	0.04
0.8	0.02
0.81	0.58
0.82	0
0.83	0
0.84	0
0.85	0
0.86	0
0.87	2.56
0.88	0
0.89	2.56
0.9	1.92
0.91	0.32
0.92	0
0.93	2.56
0.94	0
0.95	0
0.96	2.6
0.97	2.52
0.98	1.28
0.99	0
1	0
1.01	0
1.02	0
1.03	0
1.04	0
1.05	0
1.06	0
1.07	0
1.08	0
1.09	0
1.1	0
1.11	0
1.12	0
1.13	0
1.14	0
1.15	0
1.16	0
1.17	0
1.18	0
1.19	0
1.2	0
1.21	0
1.22	0
1.23	0
1.24	0
1.25	0
1.26	0
1.27	0
1.28	0
1.29	0
1.3	0
1.31	0
1.32	0
1.33	0
1.34	0
1.35	0
1.36	0
1.37	0
1.38	0
1.39	0
1.4	0
1.41	0
1.42	0
1.43	0
1.44	0
1.45	0
1.46	0
1.47	0
1.48	0
1.49	0
1.5	0
1.51	0
1.52	0
1.53	0
1.54	0
1.55	0
1.56	0
1.57	0
1.58	0
1.59	0
1.6	0
1.61	0
1.62	0
1.63	0
1.64	0
1.65	0
1.66	0
1.67	0
1.68	0
1.69	0
1.7	0
1.71	0
1.72	0
1.73	0
1.74	0
1.75	0
1.76	0
1.77	0
1.78	0
1.79	0
1.8	0
1.81	0
1.82	0
1.83	0
1.84	0
1.85	0
1.86	0
1.87	0
1.88	0
1.89	0
1.9	0
1.91	0
1.92	0
1.93	0
1.94	0
1.95	0
1.96	0
1.97	0
1.98	0
1.99	0
2	0
