-2	0
-1.99	0
-1.98	0
-1.97	0
-1.96	0
-1.95	0
-1.94	0
-1.93	0
-1.92	0
-1.91	0
-1.9	0
-1.89	0
-1.88	0
-1.87	0
-1.86	0
-1.85	0
-1.84	0
-1.83	0
-1.82	0
-1.81	0
-1.8	0
-1.79	0
-1.78	0
-1.77	0
-1.76	0
-1.75	0
-1.74	0
-1.73	0
-1.72	0
-1.71	0
-1.7	0
-1.69	0
-1.68	0
-1.67	0
-1.66	0
-1.65	0
-1.64	0
-1.63	0
-1.62	0
-1.61	0
-1.6	0
-1.59	0
-1.58	0
-1.57	0
-1.56	0
-1.55	0
-1.54	0
-1.53	0
-1.52	0
-1.51	0
-1.5	0
-1.49	0
-1.48	0
-1.47	0
-1.46	0
-1.45	0
-1.44	0
-1.43	0
-1.42	0
-1.41	0
-1.4	0
-1.39	0
-1.38	0
-1.37	0
-1.36	0
-1.35	0
-1.34	0
-1.33	0
-1.32	0
-1.31	0
-1.3	0
-1.29	0
-1.28	0
-1.27	0
-1.26	0
-1.25	0
-1.24	0
-1.23	0
-1.22	0
-1.21	0
-1.2	0
-1.19	0
-1.18	0
-1.17	0
-1.16	0
-1.15	0
-1.14	0
-1.13	0
-1.12	0
-1.11	0
-1.1	0
-1.09	0
-1.08	0
-1.07	0
-1.06	0
-1.05	0
-1.04	0
-1.03	0
-1.02	0
-1.01	0
-1	0
-0.99	0.04
-0.98	0
-0.97	0.08
-0.96	0.06
-0.95	0.02
-0.94	0.06
-0.93	0.04
-0.92	0.1
-0.91	0.06
-0.9	0.04
-0.89	0.08
-0.88	0.1
-0.87	0.02
-0.86	0.1
-0.85	0.04
-0.84	0.1
-0.83	0.1
-0.82	0.16
-0.81	0.14
-0.8	0.12
-0.79	0.14
-0.78	0.28
-0.77	0.28
-0.76	0.16
-0.75	0.4
-0.74	0.3
-0.73	0.46
-0.72	0.32
-0.71	0.3
-0.7	0.28
-0.69	0.52
-0.68	0.32
-0.67	0.5
-0.66	0.52
-0.65	0.54
-0.64	0.58
-0.63	0.68
-0.62	0.84
-0.61	1.06
-0.6	0.96
-0.59	0.82
-0.58	0.76
-0.57	1.02
-0.56	0.9
-0.55	1.32
-0.54	1.64
-0.53	1.42
-0.52	1.72
-0.51	1.84
-0.5	1.64
-0.49	2.5
-0.48	2.18
-0.47	2.56
-0.46	3.3
-0.45	2.8
-0.44	2.64
-0.43	2.86
-0.42	2.72
-0.41	3.24
-0.4	2.9
-0.39	2.82
-0.38	2.76
-0.37	3.38
-0.36	3.3
-0.35	3.42
-0.34	3.84
-0.33	3.8
-0.32	4.32
-0.31	3.74
-0.3	4.02
-0.29	3.66
-0.28	3.98
-0.27	4.64
-0.26	4.7
-0.25	4.6
-0.24	4.58
-0.23	4.84
-0.22	5.08
-0.21	4.68
-0.2	5.78
-0.19	5.1
-0.18	6.24
-0.17	5.38
-0.16	5.34
-0.15	5.58
-0.14	6.86
-0.13	7.06
-0.12	5.94
-0.11	7.34
-0.1	7.12
-0.09	7.74
-0.08	7.12
-0.07	6.58
-0.06	7.32
-0.05	6.66
-0.04	7.06
-0.03	6.12
-0.02	6.8
-0.01	7.02
0	6.6
0.01	6.74
0.02	7.06
0.03	8.14
0.04	6.6
0.05	6.2
0.06	6.66
0.07	7.02
0.08	7.48
0.09	6.22
0.1	6.18
0.11	6.28
0.12	5.34
0.13	5.92
0.14	6.26
0.15	5.6
0.16	5.14
0.17	5.66
0.18	4.78
0.19	5.68
0.2	5.46
0.21	5.02
0.22	4.66
0.23	4.52
0.24	4.88
0.25	4.22
0.26	3.88
0.27	3.82
0.28	4.22
0.29	3.78
0.3	3.64
0.31	3.58
0.32	3.06
0.33	3.2
0.34	3.36
0.35	2.9
0.36	2.48
0.37	3.3
0.38	2.62
0.39	3.12
0.4	2.56
0.41	2.4
0.42	1.98
0.43	2.68
0.44	2.26
0.45	2.26
0.46	2.22
0.47	1.98
0.48	2.56
0.49	2.86
0.5	2.28
0.51	2.08
0.52	2.18
0.53	1.9
0.54	1.8
0.55	1.4
0.56	1.38
0.57	1.32
0.58	1.04
0.59	1.02
0.6	0.78
0.61	1.08
0.62	0.82
0.63	0.7
0.64	0.58
0.65	0.64
0.66	0.72
0.67	0.5
0.68	0.26
0.69	0.34
0.7	0.3
0.71	0.28
0.72	0.48
0.73	0.42
0.74	0.3
0.75	0.12
0.76	0.16
0.77	0.12
0.78	0.2
0.79	0.26
0.8	0.1
0.81	0.1
0.82	0.16
0.83	0.38
0.84	0.1
0.85	0.22
0.86	0.16
0.87	0.18
0.88	0.22
0.89	0.08
0.9	0.08
0.91	0.14
0.92	0.14
0.93	0.2
0.94	0.06
0.95	0.04
0.96	0.02
0.97	0.12
0.98	0
0.99	0
1	0
1.01	0
1.02	0
1.03	0
1.04	0
1.05	0
1.06	0
1.07	0
1.08	0
1.09	0
1.1	0
1.11	0
1.12	0
1.13	0
1.14	0
1.15	0
1.16	0
1.17	0
1.18	0
1.19	0
1.2	0
1.21	0
1.22	0
1.23	0
1.24	0
1.25	0
1.26	0
1.27	0
1.28	0
1.29	0
1.3	0
1.31	0
1.32	0
1.33	0
1.34	0
1.35	0
1.36	0
1.37	0
1.38	0
1.39	0
1.4	0
1.41	0
1.42	0
1.43	0
1.44	0
1.45	0
1.46	0
1.47	0
1.48	0
1.49	0
1.5	0
1.51	0
1.52	0
1.53	0
1.54	0
1.55	0
1.56	0
1.57	0
1.58	0
1.59	0
1.6	0
1.61	0
1.62	0
1.63	0
1.64	0
1.65	0
1.66	0
1.67	0
1.68	0
1.69	0
1.7	0
1.71	0
1.72	0
1.73	0
1.74	0
1.75	0
1.76	0
1.77	0
1.78	0
1.79	0
1.8	0
1.81	0
1.82	0
1.83	0
1.84	0
1.85	0
1.86	0
1.87	0
1.88	0
1.89	0
1.9	0
1.91	0
1.92	0
1.93	0
1.94	0
1.95	0
1.96	0
1.97	0
1.98	0
1.99	0
2	0
