-2	0
-1.99	0
-1.98	0
-1.97	0
-1.96	0
-1.95	0
-1.94	0
-1.93	0
-1.92	0
-1.91	0
-1.9	0
-1.89	0
-1.88	0
-1.87	0
-1.86	0
-1.85	0
-1.84	0
-1.83	0
-1.82	0
-1.81	0
-1.8	0
-1.79	0
-1.78	0
-1.77	0
-1.76	0
-1.75	0
-1.74	0
-1.73	0
-1.72	0
-1.71	0
-1.7	0
-1.69	0
-1.68	0
-1.67	0
-1.66	0
-1.65	0
-1.64	0
-1.63	0
-1.62	0
-1.61	0
-1.6	0
-1.59	0
-1.58	0
-1.57	0
-1.56	0
-1.55	0
-1.54	0
-1.53	0
-1.52	0
-1.51	0
-1.5	0
-1.49	0
-1.48	0
-1.47	0
-1.46	0
-1.45	0
-1.44	0
-1.43	0
-1.42	0
-1.41	0
-1.4	0
-1.39	0
-1.38	0
-1.37	0
-1.36	0
-1.35	0
-1.34	0
-1.33	0
-1.32	0
-1.31	0
-1.3	0
-1.29	0
-1.28	0
-1.27	0
-1.26	0
-1.25	0
-1.24	0
-1.23	0
-1.22	0
-1.21	0
-1.2	0
-1.19	0
-1.18	0
-1.17	0
-1.16	0
-1.15	0
-1.14	0
-1.13	0
-1.12	0
-1.11	0
-1.1	0
-1.09	0
-1.08	0
-1.07	0
-1.06	0
-1.05	0
-1.04	0
-1.03	0
-1.02	0
-1.01	0
-1	0
-0.99	0
-0.98	0.02
-0.97	0.02
-0.96	0.1
-0.95	0.02
-0.94	0.04
-0.93	0.1
-0.92	0.02
-0.91	0.02
-0.9	0.06
-0.89	0.14
-0.88	0.08
-0.87	0.04
-0.86	0.04
-0.85	0.08
-0.84	0.18
-0.83	0.08
-0.82	0.08
-0.81	0.14
-0.8	0.06
-0.79	0.08
-0.78	0.18
-0.77	0.16
-0.76	0.1
-0.75	0.1
-0.74	0.2
-0.73	0.22
-0.72	0.32
-0.71	0.32
-0.7	0.24
-0.69	0.24
-0.68	0.5
-0.67	0.22
-0.66	0.32
-0.65	0.54
-0.64	0.74
-0.63	0.6
-0.62	0.58
-0.61	0.74
-0.6	0.4
-0.59	0.78
-0.58	0.48
-0.57	0.56
-0.56	0.62
-0.55	0.48
-0.54	0.72
-0.53	0.68
-0.52	0.78
-0.51	0.94
-0.5	1.12
-0.49	1.16
-0.48	1.12
-0.47	1.08
-0.46	0.92
-0.45	1.18
-0.44	0.82
-0.43	0.72
-0.42	1
-0.41	1.2
-0.4	1.04
-0.39	0.92
-0.38	0.92
-0.37	0.86
-0.36	0.92
-0.35	1.14
-0.34	0.96
-0.33	0.98
-0.32	0.86
-0.31	0.94
-0.3	1
-0.29	0.82
-0.28	0.74
-0.27	0.84
-0.26	0.8
-0.25	1.02
-0.24	0.92
-0.23	1.12
-0.22	0.88
-0.21	0.86
-0.2	0.86
-0.19	0.96
-0.18	0.8
-0.17	1.08
-0.16	1.06
-0.15	0.88
-0.14	0.92
-0.13	0.94
-0.12	0.98
-0.11	1.14
-0.1	1.26
-0.09	1
-0.08	1.1
-0.07	1.18
-0.06	0.92
-0.05	0.92
-0.04	0.92
-0.03	1.12
-0.02	1.28
-0.01	1.18
0	1.12
0.01	1.12
0.02	1.26
0.03	1.36
0.04	1.26
0.05	1.06
0.06	1.02
0.07	1.3
0.08	0.84
0.09	1
0.1	1.02
0.11	1.06
0.12	1.24
0.13	0.92
0.14	0.84
0.15	0.8
0.16	1.02
0.17	1
0.18	1.1
0.19	0.84
0.2	0.9
0.21	0.74
0.22	0.78
0.23	1.12
0.24	0.68
0.25	0.72
0.26	1
0.27	0.94
0.28	0.9
0.29	0.8
0.3	0.6
0.31	0.92
0.32	0.74
0.33	0.8
0.34	0.76
0.35	0.9
0.36	0.8
0.37	1.02
0.38	0.86
0.39	1.08
0.4	0.98
0.41	1
0.42	0.96
0.43	0.88
0.44	0.96
0.45	0.98
0.46	0.9
0.47	0.98
0.48	1.02
0.49	0.74
0.5	0.74
0.51	0.88
0.52	0.9
0.53	0.7
0.54	0.56
0.55	0.54
0.56	0.62
0.57	0.52
0.58	0.62
0.59	0.8
0.6	0.42
0.61	0.46
0.62	0.54
0.63	0.48
0.64	0.46
0.65	0.48
0.66	0.5
0.67	0.3
0.68	0.32
0.69	0.3
0.7	0.24
0.71	0.26
0.72	0.22
0.73	0.24
0.74	0.22
0.75	0.12
0.76	0.2
0.77	0.08
0.78	0.14
0.79	0.16
0.8	0.44
0.81	0.16
0.82	0.14
0.83	0.24
0.84	0.26
0.85	0.16
0.86	0.06
0.87	0.08
0.88	0.26
0.89	0.04
0.9	0.04
0.91	0.1
0.92	0.16
0.93	0.08
0.94	0.06
0.95	0.14
0.96	0.14
0.97	0.08
0.98	0.16
0.99	0.02
1	0
1.01	0
1.02	0
1.03	0
1.04	0
1.05	0
1.06	0
1.07	0
1.08	0
1.09	0
1.1	0
1.11	0
1.12	0
1.13	0
1.14	0
1.15	0
1.16	0
1.17	0
1.18	0
1.19	0
1.2	0
1.21	0
1.22	0
1.23	0
1.24	0
1.25	0
1.26	0
1.27	0
1.28	0
1.29	0
1.3	0
1.31	0
1.32	0
1.33	0
1.34	0
1.35	0
1.36	0
1.37	0
1.38	0
1.39	0
1.4	0
1.41	0
1.42	0
1.43	0
1.44	0
1.45	0
1.46	0
1.47	0
1.48	0
1.49	0
1.5	0
1.51	0
1.52	0
1.53	0
1.54	0
1.55	0
1.56	0
1.57	0
1.58	0
1.59	0
1.6	0
1.61	0
1.62	0
1.63	0
1.64	0
1.65	0
1.66	0
1.67	0
1.68	0
1.69	0
1.7	0
1.71	0
1.72	0
1.73	0
1.74	0
1.75	0
1.76	0
1.77	0
1.78	0
1.79	0
1.8	0
1.81	0
1.82	0
1.83	0
1.84	0
1.85	0
1.86	0
1.87	0
1.88	0
1.89	0
1.9	0
1.91	0
1.92	0
1.93	0
1.94	0
1.95	0
1.96	0
1.97	0
1.98	0
1.99	0
2	0
