-2	0
-1.99	0
-1.98	0
-1.97	0
-1.96	0
-1.95	0
-1.94	0
-1.93	0
-1.92	0
-1.91	0
-1.9	0
-1.89	0
-1.88	0
-1.87	0
-1.86	0
-1.85	0
-1.84	0
-1.83	0
-1.82	0
-1.81	0
-1.8	0
-1.79	0
-1.78	0
-1.77	0
-1.76	0
-1.75	0
-1.74	0
-1.73	0
-1.72	0
-1.71	0
-1.7	0
-1.69	0
-1.68	0
-1.67	0
-1.66	0
-1.65	0
-1.64	0
-1.63	0
-1.62	0
-1.61	0
-1.6	0
-1.59	0
-1.58	0
-1.57	0
-1.56	0
-1.55	0
-1.54	0
-1.53	0
-1.52	0
-1.51	0
-1.5	0
-1.49	0
-1.48	0
-1.47	0
-1.46	0
-1.45	0
-1.44	0
-1.43	0
-1.42	0
-1.41	0
-1.4	0
-1.39	0
-1.38	0
-1.37	0
-1.36	0
-1.35	0
-1.34	0
-1.33	0
-1.32	0
-1.31	0
-1.3	0
-1.29	0
-1.28	0
-1.27	0
-1.26	0
-1.25	0
-1.24	0
-1.23	0
-1.22	0
-1.21	0
-1.2	0
-1.19	0
-1.18	0
-1.17	0
-1.16	0
-1.15	0
-1.14	0
-1.13	0
-1.12	0
-1.11	0
-1.1	0
-1.09	0
-1.08	0
-1.07	0
-1.06	0
-1.05	0
-1.04	0
-1.03	0
-1.02	0
-1.01	0
-1	2.58
-0.99	0.66
-0.98	0.52
-0.97	0.1
-0.96	1.5
-0.95	0.8
-0.94	0.12
-0.93	1.26
-0.92	0.06
-0.91	0.22
-0.9	0.32
-0.89	0.3
-0.88	0.36
-0.87	0.26
-0.86	0.06
-0.85	0.98
-0.84	0.58
-0.83	0.16
-0.82	0.1
-0.81	0.84
-0.8	0.58
-0.79	0.24
-0.78	0.28
-0.77	0.68
-0.76	0.32
-0.75	0.22
-0.74	0.18
-0.73	0.74
-0.72	0.08
-0.71	0.26
-0.7	2.3
-0.69	0.98
-0.68	0.32
-0.67	1.16
-0.66	0.52
-0.65	0.34
-0.64	0.88
-0.63	0.66
-0.62	0.42
-0.61	0.52
-0.6	0.26
-0.59	0.52
-0.58	0.42
-0.57	0.1
-0.56	0.16
-0.55	0.16
-0.54	0.18
-0.53	0.96
-0.52	0.38
-0.51	1.54
-0.5	1.6
-0.49	0.38
-0.48	0.14
-0.47	0.2
-0.46	0.38
-0.45	1.44
-0.44	1.98
-0.43	2.56
-0.42	1.42
-0.41	1.16
-0.4	1.8
-0.39	0.38
-0.38	1.78
-0.37	0.98
-0.36	1.46
-0.35	1.58
-0.34	1.46
-0.33	2.38
-0.32	2.04
-0.31	1.6
-0.3	2.88
-0.29	7.04
-0.28	5.8
-0.27	2.44
-0.26	3.98
-0.25	2.38
-0.24	7.88
-0.23	5.7
-0.22	4.76
-0.21	3.1
-0.2	6.62
-0.19	5.14
-0.18	6.56
-0.17	3.7
-0.16	0.92
-0.15	0.18
-0.14	0.16
-0.13	0.38
-0.12	0.2
-0.11	0.62
-0.1	0.18
-0.09	0.1
-0.08	0.04
-0.07	0.14
-0.06	0.12
-0.05	0.38
-0.04	0.08
-0.03	0.04
-0.02	0.2
-0.01	0.12
0	0.04
0.01	0.5
0.02	0.38
0.03	0
0.04	0.04
0.05	0.16
0.06	0.16
0.07	0.18
0.08	0.24
0.09	0.46
0.1	0.46
0.11	0.38
0.12	0.32
0.13	0.2
0.14	0.48
0.15	1.94
0.16	4.34
0.17	4.42
0.18	5.16
0.19	6.92
0.2	6.8
0.21	5.5
0.22	4.52
0.23	5.68
0.24	4.94
0.25	2.74
0.26	3.54
0.27	3.84
0.28	4.36
0.29	2.7
0.3	0.22
0.31	0.9
0.32	2.32
0.33	2.52
0.34	2.68
0.35	1.68
0.36	0.88
0.37	2.22
0.38	2.12
0.39	0.9
0.4	2.72
0.41	0.68
0.42	3.02
0.43	1.58
0.44	1.7
0.45	0.28
0.46	0.38
0.47	0.52
0.48	0.06
0.49	1.88
0.5	1.14
0.51	0.68
0.52	0.02
0.53	1
0.54	0.44
0.55	0.04
0.56	0.06
0.57	0.4
0.58	0.3
0.59	0.16
0.6	0.68
0.61	0.36
0.62	0.22
0.63	0.66
0.64	1.02
0.65	0.2
0.66	1.44
0.67	0.5
0.68	0.44
0.69	1.46
0.7	0.54
0.71	0.04
0.72	0.16
0.73	0.16
0.74	1.06
0.75	0.18
0.76	0.26
0.77	0.12
0.78	0.14
0.79	0.06
0.8	0.7
0.81	1.62
0.82	0.12
0.83	0.3
0.84	1.14
0.85	0.64
0.86	0.18
0.87	0.04
0.88	0.06
0.89	1
0.9	0.7
0.91	0.22
0.92	1.26
0.93	0.06
0.94	0.58
0.95	1.26
0.96	0
0.97	0.08
0.98	0.96
0.99	2.78
1	0
1.01	0
1.02	0
1.03	0
1.04	0
1.05	0
1.06	0
1.07	0
1.08	0
1.09	0
1.1	0
1.11	0
1.12	0
1.13	0
1.14	0
1.15	0
1.16	0
1.17	0
1.18	0
1.19	0
1.2	0
1.21	0
1.22	0
1.23	0
1.24	0
1.25	0
1.26	0
1.27	0
1.28	0
1.29	0
1.3	0
1.31	0
1.32	0
1.33	0
1.34	0
1.35	0
1.36	0
1.37	0
1.38	0
1.39	0
1.4	0
1.41	0
1.42	0
1.43	0
1.44	0
1.45	0
1.46	0
1.47	0
1.48	0
1.49	0
1.5	0
1.51	0
1.52	0
1.53	0
1.54	0
1.55	0
1.56	0
1.57	0
1.58	0
1.59	0
1.6	0
1.61	0
1.62	0
1.63	0
1.64	0
1.65	0
1.66	0
1.67	0
1.68	0
1.69	0
1.7	0
1.71	0
1.72	0
1.73	0
1.74	0
1.75	0
1.76	0
1.77	0
1.78	0
1.79	0
1.8	0
1.81	0
1.82	0
1.83	0
1.84	0
1.85	0
1.86	0
1.87	0
1.88	0
1.89	0
1.9	0
1.91	0
1.92	0
1.93	0
1.94	0
1.95	0
1.96	0
1.97	0
1.98	0
1.99	0
2	0
