-2	0
-1.99	0
-1.98	0
-1.97	0
-1.96	0
-1.95	0
-1.94	0
-1.93	0
-1.92	0
-1.91	0
-1.9	0
-1.89	0
-1.88	0
-1.87	0
-1.86	0
-1.85	0
-1.84	0
-1.83	0
-1.82	0
-1.81	0
-1.8	0
-1.79	0
-1.78	0
-1.77	0
-1.76	0
-1.75	0
-1.74	0
-1.73	0
-1.72	0
-1.71	0
-1.7	0
-1.69	0
-1.68	0
-1.67	0
-1.66	0
-1.65	0
-1.64	0
-1.63	0
-1.62	0
-1.61	0
-1.6	0
-1.59	0
-1.58	0
-1.57	0
-1.56	0
-1.55	0
-1.54	0
-1.53	0
-1.52	0
-1.51	0
-1.5	0
-1.49	0
-1.48	0
-1.47	0
-1.46	0
-1.45	0
-1.44	0
-1.43	0
-1.42	0
-1.41	0
-1.4	0
-1.39	0
-1.38	0
-1.37	0
-1.36	0
-1.35	0
-1.34	0
-1.33	0
-1.32	0
-1.31	0
-1.3	0
-1.29	0
-1.28	0
-1.27	0
-1.26	0
-1.25	0
-1.24	0
-1.23	0
-1.22	0
-1.21	0
-1.2	0
-1.19	0
-1.18	0
-1.17	0
-1.16	0
-1.15	0
-1.14	0
-1.13	0
-1.12	0
-1.11	0
-1.1	0
-1.09	0
-1.08	0
-1.07	0
-1.06	0
-1.05	0
-1.04	0
-1.03	0
-1.02	0
-1.01	0
-1	0.52
-0.99	0.56
-0.98	2.4
-0.97	0.46
-0.96	0.3
-0.95	0.32
-0.94	0.2
-0.93	0.44
-0.92	0.48
-0.91	1.28
-0.9	0.16
-0.89	0.34
-0.88	0.24
-0.87	0.36
-0.86	0.16
-0.85	0.16
-0.84	0.36
-0.83	0.4
-0.82	0.58
-0.81	0.24
-0.8	0.26
-0.79	0.24
-0.78	0.66
-0.77	0.26
-0.76	0.2
-0.75	0.34
-0.74	0.8
-0.73	0.84
-0.72	1.22
-0.71	0.36
-0.7	0.84
-0.69	0.52
-0.68	0.42
-0.67	0.38
-0.66	0.18
-0.65	0.12
-0.64	1.06
-0.63	1.24
-0.62	0.58
-0.61	0.68
-0.6	0.96
-0.59	1.14
-0.58	0.76
-0.57	1.16
-0.56	2
-0.55	1.16
-0.54	0.84
-0.53	1.4
-0.52	2.62
-0.51	2.44
-0.5	1.26
-0.49	1.16
-0.48	1.44
-0.47	1.72
-0.46	1.58
-0.45	2.6
-0.44	2.1
-0.43	1.68
-0.42	4.14
-0.41	2.18
-0.4	1.9
-0.39	3.28
-0.38	2.02
-0.37	2.86
-0.36	4.02
-0.35	3.5
-0.34	2.72
-0.33	3.12
-0.32	2
-0.31	2.38
-0.3	4.54
-0.29	4.56
-0.28	2.6
-0.27	3.18
-0.26	3.84
-0.25	3.12
-0.24	4.3
-0.23	3.76
-0.22	1.14
-0.21	0.94
-0.2	1.04
-0.19	0.96
-0.18	0.48
-0.17	0.68
-0.16	0.38
-0.15	0.34
-0.14	0.6
-0.13	0.56
-0.12	0.54
-0.11	0.44
-0.1	0.42
-0.09	0.22
-0.08	0.46
-0.07	0.42
-0.06	0.6
-0.05	0.64
-0.04	0.62
-0.03	0.48
-0.02	0.82
-0.01	0.4
0	0.5
0.01	0.28
0.02	0.36
0.03	0.44
0.04	0.54
0.05	0.36
0.06	0.56
0.07	0.58
0.08	1.04
0.09	0.7
0.1	0.68
0.11	0.58
0.12	0.5
0.13	0.64
0.14	0.56
0.15	0.52
0.16	0.88
0.17	0.88
0.18	1.16
0.19	0.56
0.2	1.36
0.21	2.08
0.22	3.04
0.23	2.78
0.24	3.54
0.25	5.64
0.26	3.22
0.27	3.5
0.28	6.1
0.29	2.3
0.3	3.04
0.31	2.48
0.32	2.76
0.33	1.74
0.34	3.48
0.35	2.56
0.36	2.9
0.37	1.8
0.38	2.48
0.39	1.76
0.4	2.6
0.41	3.58
0.42	2.9
0.43	1.54
0.44	1.88
0.45	1.58
0.46	2.4
0.47	1.24
0.48	0.96
0.49	3.86
0.5	2.48
0.51	2.9
0.52	0.78
0.53	1.66
0.54	1.78
0.55	1.64
0.56	0.9
0.57	0.54
0.58	0.64
0.59	0.46
0.6	1.04
0.61	1.1
0.62	0.38
0.63	0.52
0.64	0.42
0.65	0.32
0.66	0.3
0.67	0.26
0.68	0.6
0.69	0.42
0.7	1.22
0.71	0.6
0.72	0.18
0.73	0.24
0.74	0.42
0.75	0.92
0.76	0.44
0.77	0.32
0.78	0.96
0.79	1.3
0.8	0.94
0.81	0.44
0.82	0.54
0.83	0.24
0.84	0.26
0.85	0.16
0.86	0.28
0.87	0.16
0.88	0.42
0.89	1.36
0.9	0.24
0.91	0.34
0.92	0.22
0.93	0.08
0.94	0.04
0.95	0.24
0.96	0.98
0.97	1.3
0.98	0.36
0.99	0.86
1	0
1.01	0
1.02	0
1.03	0
1.04	0
1.05	0
1.06	0
1.07	0
1.08	0
1.09	0
1.1	0
1.11	0
1.12	0
1.13	0
1.14	0
1.15	0
1.16	0
1.17	0
1.18	0
1.19	0
1.2	0
1.21	0
1.22	0
1.23	0
1.24	0
1.25	0
1.26	0
1.27	0
1.28	0
1.29	0
1.3	0
1.31	0
1.32	0
1.33	0
1.34	0
1.35	0
1.36	0
1.37	0
1.38	0
1.39	0
1.4	0
1.41	0
1.42	0
1.43	0
1.44	0
1.45	0
1.46	0
1.47	0
1.48	0
1.49	0
1.5	0
1.51	0
1.52	0
1.53	0
1.54	0
1.55	0
1.56	0
1.57	0
1.58	0
1.59	0
1.6	0
1.61	0
1.62	0
1.63	0
1.64	0
1.65	0
1.66	0
1.67	0
1.68	0
1.69	0
1.7	0
1.71	0
1.72	0
1.73	0
1.74	0
1.75	0
1.76	0
1.77	0
1.78	0
1.79	0
1.8	0
1.81	0
1.82	0
1.83	0
1.84	0
1.85	0
1.86	0
1.87	0
1.88	0
1.89	0
1.9	0
1.91	0
1.92	0
1.93	0
1.94	0
1.95	0
1.96	0
1.97	0
1.98	0
1.99	0
2	0
