-2	0
-1.99	0
-1.98	0
-1.97	0
-1.96	0
-1.95	0
-1.94	0
-1.93	0
-1.92	0
-1.91	0
-1.9	0
-1.89	0
-1.88	0
-1.87	0
-1.86	0
-1.85	0
-1.84	0
-1.83	0
-1.82	0
-1.81	0
-1.8	0
-1.79	0
-1.78	0
-1.77	0
-1.76	0
-1.75	0
-1.74	0
-1.73	0
-1.72	0
-1.71	0
-1.7	0
-1.69	0
-1.68	0
-1.67	0
-1.66	0
-1.65	0
-1.64	0
-1.63	0
-1.62	0
-1.61	0
-1.6	0
-1.59	0
-1.58	0
-1.57	0
-1.56	0
-1.55	0
-1.54	0
-1.53	0
-1.52	0
-1.51	0
-1.5	0
-1.49	0
-1.48	0
-1.47	0
-1.46	0
-1.45	0
-1.44	0
-1.43	0
-1.42	0
-1.41	0
-1.4	0
-1.39	0
-1.38	0
-1.37	0
-1.36	0
-1.35	0
-1.34	0
-1.33	0
-1.32	0
-1.31	0
-1.3	0
-1.29	0
-1.28	0
-1.27	0
-1.26	0
-1.25	0
-1.24	0
-1.23	0
-1.22	0
-1.21	0
-1.2	0
-1.19	0
-1.18	0
-1.17	0
-1.16	0
-1.15	0
-1.14	0
-1.13	0
-1.12	0
-1.11	0
-1.1	0
-1.09	0
-1.08	0
-1.07	0
-1.06	0
-1.05	0
-1.04	0
-1.03	0
-1.02	0
-1.01	0
-1	9.58
-0.99	2.54
-0.98	2.86
-0.97	4.82
-0.96	6.46
-0.95	0
-0.94	3.3
-0.93	0.7
-0.92	0
-0.91	0.04
-0.9	0
-0.89	0.04
-0.88	0
-0.87	0
-0.86	5.1
-0.85	0
-0.84	0
-0.83	2.24
-0.82	5.16
-0.81	0
-0.8	0
-0.79	0
-0.78	0
-0.77	0.24
-0.76	5.18
-0.75	0
-0.74	0
-0.73	0.04
-0.72	0.04
-0.71	0.12
-0.7	0.12
-0.69	0.16
-0.68	2.56
-0.67	1.28
-0.66	1.28
-0.65	0
-0.64	0
-0.63	0
-0.62	1.28
-0.61	0
-0.6	0
-0.59	7.68
-0.58	0
-0.57	1.26
-0.56	0
-0.55	0
-0.54	0.04
-0.53	7.84
-0.52	2.66
-0.51	3.12
-0.5	0.64
-0.49	0
-0.48	0
-0.47	0.36
-0.46	8.24
-0.45	10.56
-0.44	10.82
-0.43	0.16
-0.42	2.54
-0.41	1.28
-0.4	0
-0.39	1.32
-0.38	1.2
-0.37	1.44
-0.36	3.76
-0.35	5.1
-0.34	0
-0.33	4.96
-0.32	1.44
-0.31	3.82
-0.3	10.26
-0.29	14.04
-0.28	8.3
-0.27	13.4
-0.26	13.76
-0.25	9.92
-0.24	6.4
-0.23	15.32
-0.22	17.24
-0.21	6.38
-0.2	12.74
-0.19	23.68
-0.18	28.76
-0.17	23.42
-0.16	8.38
-0.15	28.76
-0.14	35.76
-0.13	34.46
-0.12	31.28
-0.11	24.6
-0.1	7.84
-0.09	0
-0.08	0
-0.07	0.64
-0.06	0.64
-0.05	1.92
-0.04	0
-0.03	0
-0.02	0
-0.01	0.32
0	0
0.01	0
0.02	0
0.03	0
0.04	0
0.05	0
0.06	0
0.07	0
0.08	0
0.09	10.24
0.1	20.48
0.11	25.6
0.12	36
0.13	37.44
0.14	40.46
0.15	3.86
0.16	23.04
0.17	32.64
0.18	20.48
0.19	12.48
0.2	4.48
0.21	21.12
0.22	9.76
0.23	5.92
0.24	12.8
0.25	7.04
0.26	12.8
0.27	10.24
0.28	17.28
0.29	10.24
0.3	5.76
0.31	0.2
0.32	5.6
0.33	1.92
0.34	5.16
0.35	6.36
0.36	0
0.37	0
0.38	0
0.39	0.64
0.4	1.28
0.41	0.66
0.42	3.88
0.43	4.1
0.44	8.96
0.45	12.32
0.46	0
0.47	2.32
0.48	0.64
0.49	0.64
0.5	0
0.51	3.2
0.52	7.04
0.53	0
0.54	0
0.55	0
0.56	0
0.57	0
0.58	5.14
0.59	0.1
0.6	1.36
0.61	0.68
0.62	0.72
0.63	0
0.64	1.28
0.65	0
0.66	1.28
0.67	2.56
0.68	0
0.69	0
0.7	0
0.71	0
0.72	0
0.73	0
0.74	0
0.75	5.12
0.76	0
0.77	0
0.78	0
0.79	0
0.8	0.12
0.81	4
0.82	1.12
0.83	0.12
0.84	0.12
0.85	7.68
0.86	0
0.87	0
0.88	2.56
0.89	0
0.9	0
0.91	0
0.92	0
0.93	0
0.94	4
0.95	6.62
0.96	4.92
0.97	2.66
0.98	4.48
0.99	7.68
1	0
1.01	0
1.02	0
1.03	0
1.04	0
1.05	0
1.06	0
1.07	0
1.08	0
1.09	0
1.1	0
1.11	0
1.12	0
1.13	0
1.14	0
1.15	0
1.16	0
1.17	0
1.18	0
1.19	0
1.2	0
1.21	0
1.22	0
1.23	0
1.24	0
1.25	0
1.26	0
1.27	0
1.28	0
1.29	0
1.3	0
1.31	0
1.32	0
1.33	0
1.34	0
1.35	0
1.36	0
1.37	0
1.38	0
1.39	0
1.4	0
1.41	0
1.42	0
1.43	0
1.44	0
1.45	0
1.46	0
1.47	0
1.48	0
1.49	0
1.5	0
1.51	0
1.52	0
1.53	0
1.54	0
1.55	0
1.56	0
1.57	0
1.58	0
1.59	0
1.6	0
1.61	0
1.62	0
1.63	0
1.64	0
1.65	0
1.66	0
1.67	0
1.68	0
1.69	0
1.7	0
1.71	0
1.72	0
1.73	0
1.74	0
1.75	0
1.76	0
1.77	0
1.78	0
1.79	0
1.8	0
1.81	0
1.82	0
1.83	0
1.84	0
1.85	0
1.86	0
1.87	0
1.88	0
1.89	0
1.9	0
1.91	0
1.92	0
1.93	0
1.94	0
1.95	0
1.96	0
1.97	0
1.98	0
1.99	0
2	0
