-2	0
-1.99	0
-1.98	0
-1.97	0
-1.96	0
-1.95	0
-1.94	0
-1.93	0
-1.92	0
-1.91	0
-1.9	0
-1.89	0
-1.88	0
-1.87	0
-1.86	0
-1.85	0
-1.84	0
-1.83	0
-1.82	0
-1.81	0
-1.8	0
-1.79	0
-1.78	0
-1.77	0
-1.76	0
-1.75	0
-1.74	0
-1.73	0
-1.72	0
-1.71	0
-1.7	0
-1.69	0
-1.68	0
-1.67	0
-1.66	0
-1.65	0
-1.64	0
-1.63	0
-1.62	0
-1.61	0
-1.6	0
-1.59	0
-1.58	0
-1.57	0
-1.56	0
-1.55	0
-1.54	0
-1.53	0
-1.52	0
-1.51	0
-1.5	0
-1.49	0
-1.48	0
-1.47	0
-1.46	0
-1.45	0
-1.44	0
-1.43	0
-1.42	0
-1.41	0
-1.4	0
-1.39	0
-1.38	0
-1.37	0
-1.36	0
-1.35	0
-1.34	0
-1.33	0
-1.32	0
-1.31	0
-1.3	0
-1.29	0
-1.28	0
-1.27	0
-1.26	0
-1.25	0
-1.24	0
-1.23	0
-1.22	0
-1.21	0
-1.2	0
-1.19	0
-1.18	0
-1.17	0
-1.16	0
-1.15	0
-1.14	0
-1.13	0
-1.12	0
-1.11	0
-1.1	0
-1.09	0
-1.08	0
-1.07	0
-1.06	0
-1.05	0
-1.04	0
-1.03	0
-1.02	0
-1.01	0
-1	0.48
-0.99	0.06
-0.98	0.54
-0.97	2.06
-0.96	0.4
-0.95	0.6
-0.94	0.54
-0.93	0.22
-0.92	0.48
-0.91	0.46
-0.9	0.38
-0.89	0.12
-0.88	0.44
-0.87	0.52
-0.86	0.18
-0.85	0.3
-0.84	0.22
-0.83	0.38
-0.82	0.48
-0.81	0.3
-0.8	0.36
-0.79	0.5
-0.78	0.62
-0.77	0.38
-0.76	0.28
-0.75	0.52
-0.74	0.74
-0.73	0.58
-0.72	0.9
-0.71	0.54
-0.7	0.62
-0.69	0.38
-0.68	0.3
-0.67	1.28
-0.66	0.94
-0.65	0.34
-0.64	0.92
-0.63	0.62
-0.62	0.48
-0.61	0.64
-0.6	1.2
-0.59	1.3
-0.58	1.2
-0.57	2.14
-0.56	1.18
-0.55	1.32
-0.54	1.44
-0.53	2.38
-0.52	1.18
-0.51	1.58
-0.5	1.48
-0.49	2.02
-0.48	2.38
-0.47	1.62
-0.46	1.84
-0.45	4.16
-0.44	2.46
-0.43	2.04
-0.42	1.28
-0.41	2.54
-0.4	2.68
-0.39	2.98
-0.38	3.96
-0.37	3.14
-0.36	2.56
-0.35	2.48
-0.34	3.1
-0.33	2.48
-0.32	3.1
-0.31	3.54
-0.3	3.78
-0.29	2.48
-0.28	3.44
-0.27	3.32
-0.26	3.66
-0.25	3.9
-0.24	3.18
-0.23	0.92
-0.22	1.3
-0.21	1.14
-0.2	0.98
-0.19	0.78
-0.18	0.7
-0.17	0.62
-0.16	0.6
-0.15	0.52
-0.14	0.5
-0.13	0.52
-0.12	0.48
-0.11	0.52
-0.1	0.34
-0.09	0.5
-0.08	0.46
-0.07	0.58
-0.06	0.4
-0.05	0.48
-0.04	0.64
-0.03	0.4
-0.02	0.76
-0.01	0.56
0	0.8
0.01	0.4
0.02	0.2
0.03	0.52
0.04	0.5
0.05	0.66
0.06	0.56
0.07	0.48
0.08	0.66
0.09	0.38
0.1	0.5
0.11	0.7
0.12	0.98
0.13	1.04
0.14	0.78
0.15	0.56
0.16	1.02
0.17	0.64
0.18	0.66
0.19	0.6
0.2	0.62
0.21	1.42
0.22	1.82
0.23	3.5
0.24	1.98
0.25	3.64
0.26	4.54
0.27	4.02
0.28	3.2
0.29	5.06
0.3	3.4
0.31	3.6
0.32	2.88
0.33	2.1
0.34	2.48
0.35	1.84
0.36	2.72
0.37	2.52
0.38	1.66
0.39	2.98
0.4	2.7
0.41	1.78
0.42	2.68
0.43	2.66
0.44	3.06
0.45	2.4
0.46	2.32
0.47	1.24
0.48	1.4
0.49	2.68
0.5	1.8
0.51	2.5
0.52	3.24
0.53	1.12
0.54	1.68
0.55	0.94
0.56	1.22
0.57	1.68
0.58	1.36
0.59	0.7
0.6	0.44
0.61	0.48
0.62	0.54
0.63	0.88
0.64	1.18
0.65	0.48
0.66	0.3
0.67	0.2
0.68	0.44
0.69	0.4
0.7	0.72
0.71	0.74
0.72	0.6
0.73	0.4
0.74	0.4
0.75	0.38
0.76	0.48
0.77	0.16
0.78	0.8
0.79	1.04
0.8	1.32
0.81	0.54
0.82	0.8
0.83	0.32
0.84	0.22
0.85	0.22
0.86	0.22
0.87	0.36
0.88	1.3
0.89	0.58
0.9	0.08
0.91	0.08
0.92	0.14
0.93	0.2
0.94	0.28
0.95	0.62
0.96	1.34
0.97	0.22
0.98	0.24
0.99	0.76
1	0
1.01	0
1.02	0
1.03	0
1.04	0
1.05	0
1.06	0
1.07	0
1.08	0
1.09	0
1.1	0
1.11	0
1.12	0
1.13	0
1.14	0
1.15	0
1.16	0
1.17	0
1.18	0
1.19	0
1.2	0
1.21	0
1.22	0
1.23	0
1.24	0
1.25	0
1.26	0
1.27	0
1.28	0
1.29	0
1.3	0
1.31	0
1.32	0
1.33	0
1.34	0
1.35	0
1.36	0
1.37	0
1.38	0
1.39	0
1.4	0
1.41	0
1.42	0
1.43	0
1.44	0
1.45	0
1.46	0
1.47	0
1.48	0
1.49	0
1.5	0
1.51	0
1.52	0
1.53	0
1.54	0
1.55	0
1.56	0
1.57	0
1.58	0
1.59	0
1.6	0
1.61	0
1.62	0
1.63	0
1.64	0
1.65	0
1.66	0
1.67	0
1.68	0
1.69	0
1.7	0
1.71	0
1.72	0
1.73	0
1.74	0
1.75	0
1.76	0
1.77	0
1.78	0
1.79	0
1.8	0
1.81	0
1.82	0
1.83	0
1.84	0
1.85	0
1.86	0
1.87	0
1.88	0
1.89	0
1.9	0
1.91	0
1.92	0
1.93	0
1.94	0
1.95	0
1.96	0
1.97	0
1.98	0
1.99	0
2	0
