-2	0
-1.99	0
-1.98	0
-1.97	0
-1.96	0
-1.95	0
-1.94	0
-1.93	0
-1.92	0
-1.91	0
-1.9	0
-1.89	0
-1.88	0
-1.87	0
-1.86	0
-1.85	0
-1.84	0
-1.83	0
-1.82	0
-1.81	0
-1.8	0
-1.79	0
-1.78	0
-1.77	0
-1.76	0
-1.75	0
-1.74	0
-1.73	0
-1.72	0
-1.71	0
-1.7	0
-1.69	0
-1.68	0
-1.67	0
-1.66	0
-1.65	0
-1.64	0
-1.63	0
-1.62	0
-1.61	0
-1.6	0
-1.59	0
-1.58	0
-1.57	0
-1.56	0
-1.55	0
-1.54	0
-1.53	0
-1.52	0
-1.51	0
-1.5	0
-1.49	0
-1.48	0
-1.47	0
-1.46	0
-1.45	0
-1.44	0
-1.43	0
-1.42	0
-1.41	0
-1.4	0
-1.39	0
-1.38	0
-1.37	0
-1.36	0
-1.35	0
-1.34	0
-1.33	0
-1.32	0
-1.31	0
-1.3	0
-1.29	0
-1.28	0
-1.27	0
-1.26	0
-1.25	0
-1.24	0
-1.23	0
-1.22	0
-1.21	0
-1.2	0
-1.19	0
-1.18	0
-1.17	0
-1.16	0
-1.15	0
-1.14	0
-1.13	0
-1.12	0
-1.11	0
-1.1	0
-1.09	0
-1.08	0
-1.07	0
-1.06	0
-1.05	0
-1.04	0
-1.03	0
-1.02	0
-1.01	0
-1	1.26
-0.99	1.28
-0.98	0
-0.97	0
-0.96	0
-0.95	0
-0.94	0
-0.93	0.6
-0.92	0
-0.91	0
-0.9	1.2
-0.89	0.62
-0.88	0
-0.87	0.08
-0.86	0
-0.85	1.92
-0.84	0.64
-0.83	0.16
-0.82	0.08
-0.81	0.14
-0.8	0.12
-0.79	0.44
-0.78	0.4
-0.77	2.66
-0.76	0.28
-0.75	0.66
-0.74	0.62
-0.73	0.02
-0.72	0
-0.71	0
-0.7	0.02
-0.69	0
-0.68	0
-0.67	0
-0.66	2.02
-0.65	0.02
-0.64	1.28
-0.63	1.28
-0.62	0.64
-0.61	0.34
-0.6	0.08
-0.59	0.56
-0.58	0.28
-0.57	0.32
-0.56	0.42
-0.55	1.2
-0.54	0.96
-0.53	2.02
-0.52	0.48
-0.51	0
-0.5	0
-0.49	0
-0.48	0.04
-0.47	0
-0.46	0
-0.45	0
-0.44	0.14
-0.43	0
-0.42	0.64
-0.41	2.52
-0.4	1.9
-0.39	0.64
-0.38	0.12
-0.37	0.18
-0.36	1.3
-0.35	1.28
-0.34	0.02
-0.33	2.84
-0.32	0.16
-0.31	0.92
-0.3	0.02
-0.29	1.92
-0.28	0.88
-0.27	1.4
-0.26	0.2
-0.25	2.56
-0.24	0.96
-0.23	1.42
-0.22	2.94
-0.21	2.46
-0.2	3.9
-0.19	2.48
-0.18	4.1
-0.17	2.52
-0.16	10.3
-0.15	12.12
-0.14	9.66
-0.13	12.02
-0.12	8.38
-0.11	8.26
-0.1	0
-0.09	0
-0.08	0
-0.07	0
-0.06	0.04
-0.05	0
-0.04	0
-0.03	0.32
-0.02	0
-0.01	0.34
0	0.02
0.01	0
0.02	0
0.03	0
0.04	0
0.05	0.12
0.06	0
0.07	0
0.08	0.08
0.09	0.04
0.1	8.36
0.11	10.16
0.12	11.58
0.13	10.9
0.14	10.8
0.15	11.2
0.16	2.14
0.17	3.38
0.18	2.96
0.19	3.08
0.2	2.88
0.21	2.56
0.22	3.2
0.23	1.28
0.24	1.28
0.25	0
0.26	0.64
0.27	2.56
0.28	1.28
0.29	0
0.3	0
0.31	0
0.32	2.88
0.33	0.8
0.34	1.44
0.35	0.96
0.36	0
0.37	1.6
0.38	0.96
0.39	1.36
0.4	1.64
0.41	0.7
0.42	0.12
0.43	0
0.44	0
0.45	0.16
0.46	0.02
0.47	0.02
0.48	0.3
0.49	0.18
0.5	0.78
0.51	0.14
0.52	1.68
0.53	0.34
0.54	1.94
0.55	0.1
0.56	0
0.57	0.14
0.58	0
0.59	0
0.6	0.08
0.61	0
0.62	1.28
0.63	1.2
0.64	0.16
0.65	1.28
0.66	0.64
0.67	0
0.68	0.36
0.69	0.12
0.7	0.1
0.71	0.34
0.72	0.68
0.73	0.64
0.74	0.1
0.75	0.3
0.76	2.56
0.77	0.04
0.78	0.04
0.79	0
0.8	0
0.81	0.08
0.82	0.28
0.83	0.64
0.84	2.56
0.85	0.64
0.86	0
0.87	0
0.88	0
0.89	1.28
0.9	0.64
0.91	0
0.92	0
0.93	0
0.94	0
0.95	0.64
0.96	0
0.97	0
0.98	1.28
0.99	1.28
1	0
1.01	0
1.02	0
1.03	0
1.04	0
1.05	0
1.06	0
1.07	0
1.08	0
1.09	0
1.1	0
1.11	0
1.12	0
1.13	0
1.14	0
1.15	0
1.16	0
1.17	0
1.18	0
1.19	0
1.2	0
1.21	0
1.22	0
1.23	0
1.24	0
1.25	0
1.26	0
1.27	0
1.28	0
1.29	0
1.3	0
1.31	0
1.32	0
1.33	0
1.34	0
1.35	0
1.36	0
1.37	0
1.38	0
1.39	0
1.4	0
1.41	0
1.42	0
1.43	0
1.44	0
1.45	0
1.46	0
1.47	0
1.48	0
1.49	0
1.5	0
1.51	0
1.52	0
1.53	0
1.54	0
1.55	0
1.56	0
1.57	0
1.58	0
1.59	0
1.6	0
1.61	0
1.62	0
1.63	0
1.64	0
1.65	0
1.66	0
1.67	0
1.68	0
1.69	0
1.7	0
1.71	0
1.72	0
1.73	0
1.74	0
1.75	0
1.76	0
1.77	0
1.78	0
1.79	0
1.8	0
1.81	0
1.82	0
1.83	0
1.84	0
1.85	0
1.86	0
1.87	0
1.88	0
1.89	0
1.9	0
1.91	0
1.92	0
1.93	0
1.94	0
1.95	0
1.96	0
1.97	0
1.98	0
1.99	0
2	0
