-2	0
-1.99	0
-1.98	0
-1.97	0
-1.96	0
-1.95	0
-1.94	0
-1.93	0
-1.92	0
-1.91	0
-1.9	0
-1.89	0
-1.88	0
-1.87	0
-1.86	0
-1.85	0
-1.84	0
-1.83	0
-1.82	0
-1.81	0
-1.8	0
-1.79	0
-1.78	0
-1.77	0
-1.76	0
-1.75	0
-1.74	0
-1.73	0
-1.72	0
-1.71	0
-1.7	0
-1.69	0
-1.68	0
-1.67	0
-1.66	0
-1.65	0
-1.64	0
-1.63	0
-1.62	0
-1.61	0
-1.6	0
-1.59	0
-1.58	0
-1.57	0
-1.56	0
-1.55	0
-1.54	0
-1.53	0
-1.52	0
-1.51	0
-1.5	0
-1.49	0
-1.48	0
-1.47	0
-1.46	0
-1.45	0
-1.44	0
-1.43	0
-1.42	0
-1.41	0
-1.4	0
-1.39	0
-1.38	0
-1.37	0
-1.36	0
-1.35	0
-1.34	0
-1.33	0
-1.32	0
-1.31	0
-1.3	0
-1.29	0
-1.28	0
-1.27	0
-1.26	0
-1.25	0
-1.24	0
-1.23	0
-1.22	0
-1.21	0
-1.2	0
-1.19	0
-1.18	0
-1.17	0
-1.16	0
-1.15	0
-1.14	0
-1.13	0
-1.12	0
-1.11	0
-1.1	0
-1.09	0
-1.08	0
-1.07	0
-1.06	0
-1.05	0
-1.04	0
-1.03	0
-1.02	0
-1.01	0
-1	0
-0.99	0
-0.98	0
-0.97	0
-0.96	0
-0.95	0
-0.94	0
-0.93	0
-0.92	0
-0.91	0.02
-0.9	0.02
-0.89	0
-0.88	0
-0.87	0.02
-0.86	0.02
-0.85	0.04
-0.84	0.08
-0.83	0.06
-0.82	0.02
-0.81	0.1
-0.8	0.14
-0.79	0.26
-0.78	0.16
-0.77	0.12
-0.76	0.2
-0.75	0.12
-0.74	0.06
-0.73	0.24
-0.72	0.2
-0.71	0.26
-0.7	0.36
-0.69	0.5
-0.68	0.42
-0.67	0.46
-0.66	0.58
-0.65	0.54
-0.64	0.5
-0.63	0.58
-0.62	0.62
-0.61	0.76
-0.6	0.96
-0.59	0.98
-0.58	0.88
-0.57	1.14
-0.56	1
-0.55	1.46
-0.54	1.46
-0.53	1.58
-0.52	1.88
-0.51	1.94
-0.5	2.02
-0.49	2.12
-0.48	1.7
-0.47	2.32
-0.46	2.44
-0.45	2.72
-0.44	2.7
-0.43	3.1
-0.42	3.24
-0.41	3.82
-0.4	3.78
-0.39	4.32
-0.38	4.74
-0.37	5.32
-0.36	5.18
-0.35	5.7
-0.34	5.12
-0.33	6.04
-0.32	6.14
-0.31	7.58
-0.3	7.3
-0.29	7.6
-0.28	8.12
-0.27	9.66
-0.26	8.66
-0.25	9.22
-0.24	10.22
-0.23	10.74
-0.22	10.58
-0.21	11.54
-0.2	12.64
-0.19	12.56
-0.18	12.04
-0.17	14.56
-0.16	13.96
-0.15	14.46
-0.14	15.62
-0.13	15.58
-0.12	15.78
-0.11	15.68
-0.1	16.44
-0.09	16.7
-0.08	17.68
-0.07	16.76
-0.06	18.06
-0.05	17.08
-0.04	17.36
-0.03	17.1
-0.02	17
-0.01	18.06
0	18
0.01	18.54
0.02	18.98
0.03	18.14
0.04	17.08
0.05	17.62
0.06	16.48
0.07	16.56
0.08	16.76
0.09	16.8
0.1	16.5
0.11	16.42
0.12	15.16
0.13	15.64
0.14	14.1
0.15	14.34
0.16	12.8
0.17	13.42
0.18	12.74
0.19	11.74
0.2	11.64
0.21	11.16
0.22	10.46
0.23	9.06
0.24	9.38
0.25	8.58
0.26	8.62
0.27	8.22
0.28	7.42
0.29	8.02
0.3	7.1
0.31	6.72
0.32	7.34
0.33	5.8
0.34	5.6
0.35	5.7
0.36	5.2
0.37	4.1
0.38	4.3
0.39	3.96
0.4	3.54
0.41	3.14
0.42	2.96
0.43	3
0.44	2.46
0.45	2.54
0.46	2.2
0.47	1.9
0.48	2
0.49	2.06
0.5	1.56
0.51	1.88
0.52	1.24
0.53	1.3
0.54	1.46
0.55	1.08
0.56	1.08
0.57	1
0.58	0.86
0.59	0.86
0.6	0.96
0.61	0.86
0.62	0.7
0.63	0.58
0.64	0.56
0.65	0.42
0.66	0.62
0.67	0.5
0.68	0.26
0.69	0.46
0.7	0.26
0.71	0.28
0.72	0.26
0.73	0.32
0.74	0.24
0.75	0.14
0.76	0.1
0.77	0.2
0.78	0.14
0.79	0.18
0.8	0.18
0.81	0.06
0.82	0.16
0.83	0.12
0.84	0.12
0.85	0.1
0.86	0.04
0.87	0.08
0.88	0.02
0.89	0.06
0.9	0.04
0.91	0.04
0.92	0
0.93	0.02
0.94	0
0.95	0
0.96	0
0.97	0
0.98	0
0.99	0
1	0
1.01	0
1.02	0
1.03	0
1.04	0
1.05	0
1.06	0
1.07	0
1.08	0
1.09	0
1.1	0
1.11	0
1.12	0
1.13	0
1.14	0
1.15	0
1.16	0
1.17	0
1.18	0
1.19	0
1.2	0
1.21	0
1.22	0
1.23	0
1.24	0
1.25	0
1.26	0
1.27	0
1.28	0
1.29	0
1.3	0
1.31	0
1.32	0
1.33	0
1.34	0
1.35	0
1.36	0
1.37	0
1.38	0
1.39	0
1.4	0
1.41	0
1.42	0
1.43	0
1.44	0
1.45	0
1.46	0
1.47	0
1.48	0
1.49	0
1.5	0
1.51	0
1.52	0
1.53	0
1.54	0
1.55	0
1.56	0
1.57	0
1.58	0
1.59	0
1.6	0
1.61	0
1.62	0
1.63	0
1.64	0
1.65	0
1.66	0
1.67	0
1.68	0
1.69	0
1.7	0
1.71	0
1.72	0
1.73	0
1.74	0
1.75	0
1.76	0
1.77	0
1.78	0
1.79	0
1.8	0
1.81	0
1.82	0
1.83	0
1.84	0
1.85	0
1.86	0
1.87	0
1.88	0
1.89	0
1.9	0
1.91	0
1.92	0
1.93	0
1.94	0
1.95	0
1.96	0
1.97	0
1.98	0
1.99	0
2	0
