-2	0
-1.99	0
-1.98	0
-1.97	0
-1.96	0
-1.95	0
-1.94	0
-1.93	0
-1.92	0
-1.91	0
-1.9	0
-1.89	0
-1.88	0
-1.87	0
-1.86	0
-1.85	0
-1.84	0
-1.83	0
-1.82	0
-1.81	0
-1.8	0
-1.79	0
-1.78	0
-1.77	0
-1.76	0
-1.75	0
-1.74	0
-1.73	0
-1.72	0
-1.71	0
-1.7	0
-1.69	0
-1.68	0
-1.67	0
-1.66	0
-1.65	0
-1.64	0
-1.63	0
-1.62	0
-1.61	0
-1.6	0
-1.59	0
-1.58	0
-1.57	0
-1.56	0
-1.55	0
-1.54	0
-1.53	0
-1.52	0
-1.51	0
-1.5	0
-1.49	0
-1.48	0
-1.47	0
-1.46	0
-1.45	0
-1.44	0
-1.43	0
-1.42	0
-1.41	0
-1.4	0
-1.39	0
-1.38	0
-1.37	0
-1.36	0
-1.35	0
-1.34	0
-1.33	0
-1.32	0
-1.31	0
-1.3	0
-1.29	0
-1.28	0
-1.27	0
-1.26	0
-1.25	0
-1.24	0
-1.23	0
-1.22	0
-1.21	0
-1.2	0
-1.19	0
-1.18	0
-1.17	0
-1.16	0
-1.15	0
-1.14	0
-1.13	0
-1.12	0
-1.11	0
-1.1	0
-1.09	0
-1.08	0
-1.07	0
-1.06	0
-1.05	0
-1.04	0
-1.03	0
-1.02	0
-1.01	0
-1	2.38
-0.99	0
-0.98	0
-0.97	0.16
-0.96	0
-0.95	0
-0.94	0
-0.93	0
-0.92	0
-0.91	0.32
-0.9	0.32
-0.89	2.96
-0.88	0.16
-0.87	0
-0.86	0
-0.85	0.16
-0.84	1.14
-0.83	0.82
-0.82	1.96
-0.81	0.08
-0.8	0.76
-0.79	0.1
-0.78	0
-0.77	0.48
-0.76	0
-0.75	0.12
-0.74	0.78
-0.73	0.28
-0.72	0.04
-0.71	0.02
-0.7	0.06
-0.69	0.46
-0.68	1.6
-0.67	0.64
-0.66	0.74
-0.65	1.3
-0.64	0.3
-0.63	0.64
-0.62	0
-0.61	0
-0.6	0.4
-0.59	0.9
-0.58	2.56
-0.57	1.48
-0.56	0.46
-0.55	0
-0.54	0.08
-0.53	0.06
-0.52	0.02
-0.51	0
-0.5	0.14
-0.49	0.04
-0.48	0.04
-0.47	0.08
-0.46	0.1
-0.45	1.28
-0.44	0.64
-0.43	0
-0.42	1.74
-0.41	1.46
-0.4	0.76
-0.39	0.76
-0.38	0.78
-0.37	0.02
-0.36	1.5
-0.35	2.56
-0.34	0.24
-0.33	0.96
-0.32	1.94
-0.31	0.02
-0.3	0.04
-0.29	1.92
-0.28	0.46
-0.27	1.82
-0.26	1.3
-0.25	1.34
-0.24	3.2
-0.23	1.36
-0.22	3.12
-0.21	3.18
-0.2	5.36
-0.19	0.08
-0.18	5.72
-0.17	11.14
-0.16	8.22
-0.15	10.54
-0.14	8.6
-0.13	9.44
-0.12	7.1
-0.11	1.94
-0.1	0.32
-0.09	0.24
-0.08	0.08
-0.07	0
-0.06	0.02
-0.05	0.02
-0.04	0
-0.03	0
-0.02	0.08
-0.01	0
0	0.34
0.01	0.04
0.02	0.34
0.03	0
0.04	0
0.05	0.08
0.06	0
0.07	0
0.08	0.08
0.09	0.64
0.1	2.74
0.11	6.62
0.12	9.36
0.13	11.22
0.14	10.56
0.15	9.02
0.16	10.18
0.17	3.84
0.18	1.6
0.19	4.5
0.2	2.04
0.21	2.08
0.22	2.92
0.23	3.84
0.24	0.72
0.25	2.56
0.26	1.3
0.27	0.12
0.28	1.38
0.29	1.94
0.3	0
0.31	1.26
0.32	0
0.33	0.32
0.34	2.44
0.35	2.12
0.36	0.24
0.37	0.02
0.38	0.64
0.39	0.04
0.4	1.92
0.41	2.24
0.42	1.18
0.43	0.16
0.44	0.1
0.45	0.04
0.46	0.68
0.47	0.22
0.48	0.04
0.49	0.16
0.5	0.2
0.51	0.2
0.52	0.24
0.53	0.16
0.54	0.64
0.55	0.46
0.56	1.38
0.57	1.76
0.58	0.26
0.59	0.12
0.6	0
0.61	0.36
0.62	0.24
0.63	0.5
0.64	1.12
0.65	0.58
0.66	0.7
0.67	2
0.68	0
0.69	0.16
0.7	0
0.71	0
0.72	0.08
0.73	0.52
0.74	0
0.75	0
0.76	0.4
0.77	0.36
0.78	0.38
0.79	0.12
0.8	0.02
0.81	1.96
0.82	0.92
0.83	0.96
0.84	0.96
0.85	0.52
0.86	0
0.87	0
0.88	2.56
0.89	0.64
0.9	0
0.91	0
0.92	0
0.93	0
0.94	0.64
0.95	0
0.96	0
0.97	0
0.98	0.08
0.99	2.48
1	0
1.01	0
1.02	0
1.03	0
1.04	0
1.05	0
1.06	0
1.07	0
1.08	0
1.09	0
1.1	0
1.11	0
1.12	0
1.13	0
1.14	0
1.15	0
1.16	0
1.17	0
1.18	0
1.19	0
1.2	0
1.21	0
1.22	0
1.23	0
1.24	0
1.25	0
1.26	0
1.27	0
1.28	0
1.29	0
1.3	0
1.31	0
1.32	0
1.33	0
1.34	0
1.35	0
1.36	0
1.37	0
1.38	0
1.39	0
1.4	0
1.41	0
1.42	0
1.43	0
1.44	0
1.45	0
1.46	0
1.47	0
1.48	0
1.49	0
1.5	0
1.51	0
1.52	0
1.53	0
1.54	0
1.55	0
1.56	0
1.57	0
1.58	0
1.59	0
1.6	0
1.61	0
1.62	0
1.63	0
1.64	0
1.65	0
1.66	0
1.67	0
1.68	0
1.69	0
1.7	0
1.71	0
1.72	0
1.73	0
1.74	0
1.75	0
1.76	0
1.77	0
1.78	0
1.79	0
1.8	0
1.81	0
1.82	0
1.83	0
1.84	0
1.85	0
1.86	0
1.87	0
1.88	0
1.89	0
1.9	0
1.91	0
1.92	0
1.93	0
1.94	0
1.95	0
1.96	0
1.97	0
1.98	0
1.99	0
2	0
