-2	0
-1.99	0
-1.98	0
-1.97	0
-1.96	0
-1.95	0
-1.94	0
-1.93	0
-1.92	0
-1.91	0
-1.9	0
-1.89	0
-1.88	0
-1.87	0
-1.86	0
-1.85	0
-1.84	0
-1.83	0
-1.82	0
-1.81	0
-1.8	0
-1.79	0
-1.78	0
-1.77	0
-1.76	0
-1.75	0
-1.74	0
-1.73	0
-1.72	0
-1.71	0
-1.7	0
-1.69	0
-1.68	0
-1.67	0
-1.66	0
-1.65	0
-1.64	0
-1.63	0
-1.62	0
-1.61	0
-1.6	0
-1.59	0
-1.58	0
-1.57	0
-1.56	0
-1.55	0
-1.54	0
-1.53	0
-1.52	0
-1.51	0
-1.5	0
-1.49	0
-1.48	0
-1.47	0
-1.46	0
-1.45	0
-1.44	0
-1.43	0
-1.42	0
-1.41	0
-1.4	0
-1.39	0
-1.38	0
-1.37	0
-1.36	0
-1.35	0
-1.34	0
-1.33	0
-1.32	0
-1.31	0
-1.3	0
-1.29	0
-1.28	0
-1.27	0
-1.26	0
-1.25	0
-1.24	0
-1.23	0
-1.22	0
-1.21	0
-1.2	0
-1.19	0
-1.18	0
-1.17	0
-1.16	0
-1.15	0
-1.14	0
-1.13	0
-1.12	0
-1.11	0
-1.1	0
-1.09	0
-1.08	0
-1.07	0
-1.06	0
-1.05	0
-1.04	0
-1.03	0
-1.02	0
-1.01	0
-1	0
-0.99	0.02
-0.98	0.02
-0.97	0
-0.96	0.04
-0.95	0.02
-0.94	0.02
-0.93	0.08
-0.92	0.04
-0.91	0.02
-0.9	0.04
-0.89	0
-0.88	0
-0.87	0.04
-0.86	0.08
-0.85	0.04
-0.84	0.12
-0.83	0.02
-0.82	0.08
-0.81	0.16
-0.8	0.08
-0.79	0.14
-0.78	0.32
-0.77	0.1
-0.76	0.26
-0.75	0.14
-0.74	0.26
-0.73	0.2
-0.72	0.2
-0.71	0.16
-0.7	0.4
-0.69	0.24
-0.68	0.2
-0.67	0.44
-0.66	0.52
-0.65	0.46
-0.64	0.68
-0.63	0.5
-0.62	0.6
-0.61	0.74
-0.6	0.58
-0.59	0.6
-0.58	0.8
-0.57	1.18
-0.56	1.1
-0.55	1.16
-0.54	1.28
-0.53	1.52
-0.52	1.58
-0.51	1.66
-0.5	2
-0.49	1.8
-0.48	1.92
-0.47	2.38
-0.46	1.94
-0.45	2.16
-0.44	2.04
-0.43	2.26
-0.42	2.14
-0.41	2.18
-0.4	2.54
-0.39	2.68
-0.38	2.78
-0.37	2.72
-0.36	3.22
-0.35	3.22
-0.34	3.06
-0.33	3.82
-0.32	3.8
-0.31	3.76
-0.3	3.66
-0.29	3.78
-0.28	3.96
-0.27	4.52
-0.26	4.48
-0.25	5.12
-0.24	5.18
-0.23	4.64
-0.22	5.1
-0.21	5.18
-0.2	5.72
-0.19	6.1
-0.18	6.14
-0.17	6.16
-0.16	7.04
-0.15	6.9
-0.14	6.38
-0.13	6.32
-0.12	7.5
-0.11	7.24
-0.1	7.24
-0.09	7.22
-0.08	7.2
-0.07	7.14
-0.06	7.56
-0.05	7.58
-0.04	7.94
-0.03	7.4
-0.02	7.48
-0.01	7.56
0	7.94
0.01	7.3
0.02	7.12
0.03	7.28
0.04	7.92
0.05	7.48
0.06	7.48
0.07	7.6
0.08	7.5
0.09	6.56
0.1	6.5
0.11	7.4
0.12	6.54
0.13	5.44
0.14	6.44
0.15	6.76
0.16	5.36
0.17	5.88
0.18	5.86
0.19	5.76
0.2	5.6
0.21	5.06
0.22	5.36
0.23	5.04
0.24	4.92
0.25	4.68
0.26	3.9
0.27	3.58
0.28	4.34
0.29	3.94
0.3	3.32
0.31	3.44
0.32	3.48
0.33	2.98
0.34	3.34
0.35	2.96
0.36	2.76
0.37	2.16
0.38	2.34
0.39	2.62
0.4	2.3
0.41	2.26
0.42	1.94
0.43	2.8
0.44	1.98
0.45	1.9
0.46	1.66
0.47	2.06
0.48	1.76
0.49	2.06
0.5	1.62
0.51	1.6
0.52	1.6
0.53	1.54
0.54	1.28
0.55	1.24
0.56	1.22
0.57	0.86
0.58	1.06
0.59	0.58
0.6	0.7
0.61	0.76
0.62	0.36
0.63	0.5
0.64	0.64
0.65	0.38
0.66	0.46
0.67	0.54
0.68	0.32
0.69	0.4
0.7	0.24
0.71	0.36
0.72	0.26
0.73	0.24
0.74	0.16
0.75	0.18
0.76	0.24
0.77	0.14
0.78	0.1
0.79	0.12
0.8	0.18
0.81	0.08
0.82	0.08
0.83	0.08
0.84	0.1
0.85	0.18
0.86	0.24
0.87	0.26
0.88	0.02
0.89	0.02
0.9	0.14
0.91	0.1
0.92	0.08
0.93	0.1
0.94	0.08
0.95	0.08
0.96	0.02
0.97	0
0.98	0
0.99	0
1	0
1.01	0
1.02	0
1.03	0
1.04	0
1.05	0
1.06	0
1.07	0
1.08	0
1.09	0
1.1	0
1.11	0
1.12	0
1.13	0
1.14	0
1.15	0
1.16	0
1.17	0
1.18	0
1.19	0
1.2	0
1.21	0
1.22	0
1.23	0
1.24	0
1.25	0
1.26	0
1.27	0
1.28	0
1.29	0
1.3	0
1.31	0
1.32	0
1.33	0
1.34	0
1.35	0
1.36	0
1.37	0
1.38	0
1.39	0
1.4	0
1.41	0
1.42	0
1.43	0
1.44	0
1.45	0
1.46	0
1.47	0
1.48	0
1.49	0
1.5	0
1.51	0
1.52	0
1.53	0
1.54	0
1.55	0
1.56	0
1.57	0
1.58	0
1.59	0
1.6	0
1.61	0
1.62	0
1.63	0
1.64	0
1.65	0
1.66	0
1.67	0
1.68	0
1.69	0
1.7	0
1.71	0
1.72	0
1.73	0
1.74	0
1.75	0
1.76	0
1.77	0
1.78	0
1.79	0
1.8	0
1.81	0
1.82	0
1.83	0
1.84	0
1.85	0
1.86	0
1.87	0
1.88	0
1.89	0
1.9	0
1.91	0
1.92	0
1.93	0
1.94	0
1.95	0
1.96	0
1.97	0
1.98	0
1.99	0
2	0
