-2	0
-1.99	0
-1.98	0
-1.97	0
-1.96	0
-1.95	0
-1.94	0
-1.93	0
-1.92	0
-1.91	0
-1.9	0
-1.89	0
-1.88	0
-1.87	0
-1.86	0
-1.85	0
-1.84	0
-1.83	0
-1.82	0
-1.81	0
-1.8	0
-1.79	0
-1.78	0
-1.77	0
-1.76	0
-1.75	0
-1.74	0
-1.73	0
-1.72	0
-1.71	0
-1.7	0
-1.69	0
-1.68	0
-1.67	0
-1.66	0
-1.65	0
-1.64	0
-1.63	0
-1.62	0
-1.61	0
-1.6	0
-1.59	0
-1.58	0
-1.57	0
-1.56	0
-1.55	0
-1.54	0
-1.53	0
-1.52	0
-1.51	0
-1.5	0
-1.49	0
-1.48	0
-1.47	0
-1.46	0
-1.45	0
-1.44	0
-1.43	0
-1.42	0
-1.41	0
-1.4	0
-1.39	0
-1.38	0
-1.37	0
-1.36	0
-1.35	0
-1.34	0
-1.33	0
-1.32	0
-1.31	0
-1.3	0
-1.29	0
-1.28	0
-1.27	0
-1.26	0
-1.25	0
-1.24	0
-1.23	0
-1.22	0
-1.21	0
-1.2	0
-1.19	0
-1.18	0
-1.17	0
-1.16	0
-1.15	0
-1.14	0
-1.13	0
-1.12	0
-1.11	0
-1.1	0
-1.09	0
-1.08	0
-1.07	0
-1.06	0
-1.05	0
-1.04	0
-1.03	0
-1.02	0
-1.01	0
-1	0
-0.99	0
-0.98	0.14
-0.97	0.1
-0.96	0.06
-0.95	0.02
-0.94	0.18
-0.93	0.04
-0.92	0.4
-0.91	0.7
-0.9	0.74
-0.89	0.2
-0.88	0.18
-0.87	0.2
-0.86	0.18
-0.85	0.28
-0.84	0.12
-0.83	0.24
-0.82	0.22
-0.81	0.18
-0.8	0.56
-0.79	0.4
-0.78	0.3
-0.77	0.34
-0.76	0.56
-0.75	0.58
-0.74	0.56
-0.73	0.66
-0.72	0.74
-0.71	0.62
-0.7	0.82
-0.69	0.86
-0.68	1.32
-0.67	1.08
-0.66	0.9
-0.65	1.02
-0.64	1.34
-0.63	1.46
-0.62	2.1
-0.61	1.82
-0.6	1.32
-0.59	1.46
-0.58	1.62
-0.57	1.52
-0.56	1.74
-0.55	1.66
-0.54	2.12
-0.53	2.24
-0.52	1.54
-0.51	2.3
-0.5	2.46
-0.49	2
-0.48	2.26
-0.47	2.2
-0.46	2.14
-0.45	1.8
-0.44	2.08
-0.43	3.2
-0.42	2.04
-0.41	2.42
-0.4	2.18
-0.39	2.86
-0.38	2.68
-0.37	2.5
-0.36	2.6
-0.35	2.18
-0.34	3.66
-0.33	2.46
-0.32	2.04
-0.31	1.82
-0.3	1.22
-0.29	1.28
-0.28	1.08
-0.27	1.32
-0.26	1.1
-0.25	1.4
-0.24	1.5
-0.23	1.46
-0.22	1.54
-0.21	1.4
-0.2	1.36
-0.19	1.22
-0.18	1.2
-0.17	1.42
-0.16	1.24
-0.15	1.46
-0.14	1.16
-0.13	1.24
-0.12	1.28
-0.11	1.6
-0.1	1.24
-0.09	1.26
-0.08	1.4
-0.07	1.26
-0.06	1.32
-0.05	1.22
-0.04	1.02
-0.03	1.24
-0.02	1.38
-0.01	1.2
0	1.1
0.01	1.44
0.02	1.06
0.03	1.3
0.04	1.28
0.05	1.48
0.06	1.42
0.07	1.22
0.08	1.28
0.09	1.38
0.1	0.9
0.11	1.58
0.12	1.32
0.13	1.22
0.14	1.32
0.15	1.3
0.16	1.4
0.17	1.54
0.18	1.2
0.19	1.02
0.2	1.28
0.21	1.2
0.22	1.2
0.23	1.44
0.24	1.28
0.25	0.88
0.26	1.24
0.27	1.8
0.28	2.16
0.29	1.34
0.3	1.62
0.31	2.88
0.32	2.48
0.33	3.02
0.34	2.58
0.35	2.8
0.36	3.08
0.37	2.96
0.38	3.06
0.39	2.42
0.4	2.56
0.41	2.46
0.42	2.32
0.43	2.36
0.44	2.36
0.45	2.12
0.46	2.18
0.47	2.3
0.48	2.46
0.49	2.06
0.5	2.04
0.51	1.86
0.52	1.88
0.53	1.98
0.54	1.86
0.55	1.38
0.56	1.78
0.57	1.66
0.58	2.5
0.59	1.8
0.6	1.56
0.61	1.5
0.62	1.16
0.63	1.4
0.64	1.08
0.65	1.04
0.66	1.02
0.67	1.04
0.68	0.56
0.69	0.66
0.7	0.66
0.71	0.68
0.72	0.72
0.73	0.38
0.74	0.34
0.75	0.32
0.76	0.3
0.77	0.36
0.78	0.52
0.79	0.38
0.8	0.32
0.81	0.24
0.82	0.32
0.83	0.32
0.84	0.34
0.85	0.22
0.86	0.28
0.87	0.48
0.88	0.26
0.89	0.26
0.9	0.1
0.91	0.82
0.92	0.16
0.93	0.04
0.94	0.06
0.95	0.1
0.96	0.26
0.97	0
0.98	0
0.99	0
1	0
1.01	0
1.02	0
1.03	0
1.04	0
1.05	0
1.06	0
1.07	0
1.08	0
1.09	0
1.1	0
1.11	0
1.12	0
1.13	0
1.14	0
1.15	0
1.16	0
1.17	0
1.18	0
1.19	0
1.2	0
1.21	0
1.22	0
1.23	0
1.24	0
1.25	0
1.26	0
1.27	0
1.28	0
1.29	0
1.3	0
1.31	0
1.32	0
1.33	0
1.34	0
1.35	0
1.36	0
1.37	0
1.38	0
1.39	0
1.4	0
1.41	0
1.42	0
1.43	0
1.44	0
1.45	0
1.46	0
1.47	0
1.48	0
1.49	0
1.5	0
1.51	0
1.52	0
1.53	0
1.54	0
1.55	0
1.56	0
1.57	0
1.58	0
1.59	0
1.6	0
1.61	0
1.62	0
1.63	0
1.64	0
1.65	0
1.66	0
1.67	0
1.68	0
1.69	0
1.7	0
1.71	0
1.72	0
1.73	0
1.74	0
1.75	0
1.76	0
1.77	0
1.78	0
1.79	0
1.8	0
1.81	0
1.82	0
1.83	0
1.84	0
1.85	0
1.86	0
1.87	0
1.88	0
1.89	0
1.9	0
1.91	0
1.92	0
1.93	0
1.94	0
1.95	0
1.96	0
1.97	0
1.98	0
1.99	0
2	0
