-2	0
-1.99	0
-1.98	0
-1.97	0
-1.96	0
-1.95	0
-1.94	0
-1.93	0
-1.92	0
-1.91	0
-1.9	0
-1.89	0
-1.88	0
-1.87	0
-1.86	0
-1.85	0
-1.84	0
-1.83	0
-1.82	0
-1.81	0
-1.8	0
-1.79	0
-1.78	0
-1.77	0
-1.76	0
-1.75	0
-1.74	0
-1.73	0
-1.72	0
-1.71	0
-1.7	0
-1.69	0
-1.68	0
-1.67	0
-1.66	0
-1.65	0
-1.64	0
-1.63	0
-1.62	0
-1.61	0
-1.6	0
-1.59	0
-1.58	0
-1.57	0
-1.56	0
-1.55	0
-1.54	0
-1.53	0
-1.52	0
-1.51	0
-1.5	0
-1.49	0
-1.48	0
-1.47	0
-1.46	0
-1.45	0
-1.44	0
-1.43	0
-1.42	0
-1.41	0
-1.4	0
-1.39	0
-1.38	0
-1.37	0
-1.36	0
-1.35	0
-1.34	0
-1.33	0
-1.32	0
-1.31	0
-1.3	0
-1.29	0
-1.28	0
-1.27	0
-1.26	0
-1.25	0
-1.24	0
-1.23	0
-1.22	0
-1.21	0
-1.2	0
-1.19	0
-1.18	0
-1.17	0
-1.16	0
-1.15	0
-1.14	0
-1.13	0
-1.12	0
-1.11	0
-1.1	0
-1.09	0
-1.08	0
-1.07	0
-1.06	0
-1.05	0
-1.04	0
-1.03	0
-1.02	0
-1.01	0
-1	0
-0.99	0
-0.98	0.02
-0.97	0
-0.96	0
-0.95	0.02
-0.94	0.02
-0.93	0.02
-0.92	0.04
-0.91	0.02
-0.9	0.06
-0.89	0
-0.88	0.02
-0.87	0
-0.86	0.04
-0.85	0.06
-0.84	0.1
-0.83	0.08
-0.82	0.08
-0.81	0.02
-0.8	0.04
-0.79	0.1
-0.78	0.2
-0.77	0.24
-0.76	0.16
-0.75	0.06
-0.74	0.16
-0.73	0.34
-0.72	0.24
-0.71	0.38
-0.7	0.34
-0.69	0.18
-0.68	0.38
-0.67	0.56
-0.66	0.28
-0.65	0.5
-0.64	0.48
-0.63	0.44
-0.62	0.64
-0.61	0.66
-0.6	0.56
-0.59	0.88
-0.58	0.86
-0.57	0.76
-0.56	1.06
-0.55	1.06
-0.54	1.22
-0.53	1.22
-0.52	1.4
-0.51	1.76
-0.5	1.58
-0.49	1.64
-0.48	1.86
-0.47	1.42
-0.46	1.48
-0.45	2.06
-0.44	2.06
-0.43	1.92
-0.42	2.02
-0.41	2.6
-0.4	2.52
-0.39	2.44
-0.38	2.66
-0.37	2.8
-0.36	2.68
-0.35	3.24
-0.34	3.34
-0.33	3.42
-0.32	3.9
-0.31	3.54
-0.3	3.8
-0.29	4.02
-0.28	4.04
-0.27	4.64
-0.26	4.44
-0.25	4.94
-0.24	4.46
-0.23	5.14
-0.22	5.4
-0.21	5.84
-0.2	5.68
-0.19	6.56
-0.18	5.72
-0.17	6.34
-0.16	6.56
-0.15	6.06
-0.14	6.98
-0.13	6.48
-0.12	7.28
-0.11	6.88
-0.1	7.3
-0.09	7.9
-0.08	7.32
-0.07	7.34
-0.06	7.84
-0.05	7.64
-0.04	7.4
-0.03	8.68
-0.02	8.6
-0.01	8.14
0	7.48
0.01	8.74
0.02	7.72
0.03	8.08
0.04	7.92
0.05	7.16
0.06	7.6
0.07	7.52
0.08	7.54
0.09	6.86
0.1	7.06
0.11	6.4
0.12	6.92
0.13	6.04
0.14	6.78
0.15	7.1
0.16	6.74
0.17	5.94
0.18	6.32
0.19	5.06
0.2	5.02
0.21	5.16
0.22	5.32
0.23	4.84
0.24	5.24
0.25	4.58
0.26	4.46
0.27	4.36
0.28	3.74
0.29	3.54
0.3	3.48
0.31	3.18
0.32	3.58
0.33	3
0.34	3.32
0.35	2.5
0.36	2.86
0.37	3
0.38	2.42
0.39	2.82
0.4	2.22
0.41	2.08
0.42	2.02
0.43	1.84
0.44	1.72
0.45	1.7
0.46	1.38
0.47	1.62
0.48	1.64
0.49	1.64
0.5	1.44
0.51	1.38
0.52	1.38
0.53	0.96
0.54	1.12
0.55	1.22
0.56	1.06
0.57	0.74
0.58	0.86
0.59	0.82
0.6	0.66
0.61	0.48
0.62	0.64
0.63	0.64
0.64	0.44
0.65	0.74
0.66	0.24
0.67	0.36
0.68	0.34
0.69	0.32
0.7	0.42
0.71	0.28
0.72	0.16
0.73	0.18
0.74	0.14
0.75	0.22
0.76	0.18
0.77	0.08
0.78	0.18
0.79	0.14
0.8	0.06
0.81	0.08
0.82	0.08
0.83	0.14
0.84	0.12
0.85	0.06
0.86	0.28
0.87	0.1
0.88	0.16
0.89	0.06
0.9	0.04
0.91	0.14
0.92	0.02
0.93	0.06
0.94	0.12
0.95	0.02
0.96	0.02
0.97	0
0.98	0
0.99	0
1	0
1.01	0
1.02	0
1.03	0
1.04	0
1.05	0
1.06	0
1.07	0
1.08	0
1.09	0
1.1	0
1.11	0
1.12	0
1.13	0
1.14	0
1.15	0
1.16	0
1.17	0
1.18	0
1.19	0
1.2	0
1.21	0
1.22	0
1.23	0
1.24	0
1.25	0
1.26	0
1.27	0
1.28	0
1.29	0
1.3	0
1.31	0
1.32	0
1.33	0
1.34	0
1.35	0
1.36	0
1.37	0
1.38	0
1.39	0
1.4	0
1.41	0
1.42	0
1.43	0
1.44	0
1.45	0
1.46	0
1.47	0
1.48	0
1.49	0
1.5	0
1.51	0
1.52	0
1.53	0
1.54	0
1.55	0
1.56	0
1.57	0
1.58	0
1.59	0
1.6	0
1.61	0
1.62	0
1.63	0
1.64	0
1.65	0
1.66	0
1.67	0
1.68	0
1.69	0
1.7	0
1.71	0
1.72	0
1.73	0
1.74	0
1.75	0
1.76	0
1.77	0
1.78	0
1.79	0
1.8	0
1.81	0
1.82	0
1.83	0
1.84	0
1.85	0
1.86	0
1.87	0
1.88	0
1.89	0
1.9	0
1.91	0
1.92	0
1.93	0
1.94	0
1.95	0
1.96	0
1.97	0
1.98	0
1.99	0
2	0
