-2	0
-1.99	0
-1.98	0
-1.97	0
-1.96	0
-1.95	0
-1.94	0
-1.93	0
-1.92	0
-1.91	0
-1.9	0
-1.89	0
-1.88	0
-1.87	0
-1.86	0
-1.85	0
-1.84	0
-1.83	0
-1.82	0
-1.81	0
-1.8	0
-1.79	0
-1.78	0
-1.77	0
-1.76	0
-1.75	0
-1.74	0
-1.73	0
-1.72	0
-1.71	0
-1.7	0
-1.69	0
-1.68	0
-1.67	0
-1.66	0
-1.65	0
-1.64	0
-1.63	0
-1.62	0
-1.61	0
-1.6	0
-1.59	0
-1.58	0
-1.57	0
-1.56	0
-1.55	0
-1.54	0
-1.53	0
-1.52	0
-1.51	0
-1.5	0
-1.49	0
-1.48	0
-1.47	0
-1.46	0
-1.45	0
-1.44	0
-1.43	0
-1.42	0
-1.41	0
-1.4	0
-1.39	0
-1.38	0
-1.37	0
-1.36	0
-1.35	0
-1.34	0
-1.33	0
-1.32	0
-1.31	0
-1.3	0
-1.29	0
-1.28	0
-1.27	0
-1.26	0
-1.25	0
-1.24	0
-1.23	0
-1.22	0
-1.21	0
-1.2	0
-1.19	0
-1.18	0
-1.17	0
-1.16	0
-1.15	0
-1.14	0
-1.13	0
-1.12	0
-1.11	0
-1.1	0
-1.09	0
-1.08	0
-1.07	0
-1.06	0
-1.05	0
-1.04	0
-1.03	0
-1.02	0
-1.01	0
-1	0
-0.99	0
-0.98	0
-0.97	0.38
-0.96	0.06
-0.95	0.76
-0.94	0.32
-0.93	1.5
-0.92	0.38
-0.91	0.58
-0.9	0.66
-0.89	0.9
-0.88	0.56
-0.87	0.96
-0.86	0.86
-0.85	2.8
-0.84	1.34
-0.83	1.28
-0.82	2.22
-0.81	3.12
-0.8	7.46
-0.79	3.32
-0.78	5.64
-0.77	4.16
-0.76	4.22
-0.75	5.08
-0.74	3.84
-0.73	3.58
-0.72	4.8
-0.71	3.64
-0.7	3.86
-0.69	4.34
-0.68	5.12
-0.67	4.94
-0.66	5.16
-0.65	6.52
-0.64	5.46
-0.63	4.92
-0.62	11.08
-0.61	8.32
-0.6	8.36
-0.59	7.7
-0.58	7.54
-0.57	6.9
-0.56	8.94
-0.55	10.06
-0.54	11.74
-0.53	9.7
-0.52	11.6
-0.51	10.6
-0.5	12.56
-0.49	15.58
-0.48	14.08
-0.47	12.8
-0.46	15.68
-0.45	15.38
-0.44	19.34
-0.43	18.16
-0.42	21.24
-0.41	24.18
-0.4	17.74
-0.39	14.28
-0.38	14.56
-0.37	19.38
-0.36	15.74
-0.35	17.88
-0.34	14.68
-0.33	25.34
-0.32	17.26
-0.31	15.14
-0.3	15.6
-0.29	13.5
-0.28	14.48
-0.27	14.3
-0.26	15.46
-0.25	14.6
-0.24	14.26
-0.23	14.74
-0.22	14.8
-0.21	15.56
-0.2	15.46
-0.19	15.54
-0.18	17.06
-0.17	16.32
-0.16	15.62
-0.15	15.66
-0.14	15.56
-0.13	15.76
-0.12	16
-0.11	16.04
-0.1	16.52
-0.09	15.94
-0.08	16.76
-0.07	16.84
-0.06	17.18
-0.05	16.4
-0.04	17.54
-0.03	17.86
-0.02	19.3
-0.01	18.08
0	17.5
0.01	18.64
0.02	16.56
0.03	16.92
0.04	18.48
0.05	17.58
0.06	17.1
0.07	16.2
0.08	16.6
0.09	16.98
0.1	17.92
0.11	17.64
0.12	16.54
0.13	14.2
0.14	14.9
0.15	15.58
0.16	15.1
0.17	14.42
0.18	15.8
0.19	15.06
0.2	14.66
0.21	13.9
0.22	13.76
0.23	14.94
0.24	13.74
0.25	14.3
0.26	15.08
0.27	13.18
0.28	13.44
0.29	13.94
0.3	14.34
0.31	13.26
0.32	14.3
0.33	13.1
0.34	15.3
0.35	21.94
0.36	18.66
0.37	20.98
0.38	20.02
0.39	19.06
0.4	17.98
0.41	14.62
0.42	13.12
0.43	12.32
0.44	11.84
0.45	10.46
0.46	12.02
0.47	12.54
0.48	10.22
0.49	10.16
0.5	10.78
0.51	9.06
0.52	14.86
0.53	14.5
0.54	8.26
0.55	9.94
0.56	9.04
0.57	8.56
0.58	6.7
0.59	7.82
0.6	6.12
0.61	6.12
0.62	5.9
0.63	5.86
0.64	6.3
0.65	7.8
0.66	6.3
0.67	5.74
0.68	6.96
0.69	4.84
0.7	4.6
0.71	3.74
0.72	3.34
0.73	3.48
0.74	2.74
0.75	3.54
0.76	4.84
0.77	5.06
0.78	3.32
0.79	3.84
0.8	4.12
0.81	8.62
0.82	4.44
0.83	2.36
0.84	1.52
0.85	1.78
0.86	1.48
0.87	0.92
0.88	1.92
0.89	0.96
0.9	1.12
0.91	0.88
0.92	1.46
0.93	2.64
0.94	2
0.95	3.06
0.96	1.8
0.97	1.5
0.98	0.54
0.99	0
1	0
1.01	0
1.02	0
1.03	0
1.04	0
1.05	0
1.06	0
1.07	0
1.08	0
1.09	0
1.1	0
1.11	0
1.12	0
1.13	0
1.14	0
1.15	0
1.16	0
1.17	0
1.18	0
1.19	0
1.2	0
1.21	0
1.22	0
1.23	0
1.24	0
1.25	0
1.26	0
1.27	0
1.28	0
1.29	0
1.3	0
1.31	0
1.32	0
1.33	0
1.34	0
1.35	0
1.36	0
1.37	0
1.38	0
1.39	0
1.4	0
1.41	0
1.42	0
1.43	0
1.44	0
1.45	0
1.46	0
1.47	0
1.48	0
1.49	0
1.5	0
1.51	0
1.52	0
1.53	0
1.54	0
1.55	0
1.56	0
1.57	0
1.58	0
1.59	0
1.6	0
1.61	0
1.62	0
1.63	0
1.64	0
1.65	0
1.66	0
1.67	0
1.68	0
1.69	0
1.7	0
1.71	0
1.72	0
1.73	0
1.74	0
1.75	0
1.76	0
1.77	0
1.78	0
1.79	0
1.8	0
1.81	0
1.82	0
1.83	0
1.84	0
1.85	0
1.86	0
1.87	0
1.88	0
1.89	0
1.9	0
1.91	0
1.92	0
1.93	0
1.94	0
1.95	0
1.96	0
1.97	0
1.98	0
1.99	0
2	0
