-2	0
-1.99	0
-1.98	0
-1.97	0
-1.96	0
-1.95	0
-1.94	0
-1.93	0
-1.92	0
-1.91	0
-1.9	0
-1.89	0
-1.88	0
-1.87	0
-1.86	0
-1.85	0
-1.84	0
-1.83	0
-1.82	0
-1.81	0
-1.8	0
-1.79	0
-1.78	0
-1.77	0
-1.76	0
-1.75	0
-1.74	0
-1.73	0
-1.72	0
-1.71	0
-1.7	0
-1.69	0
-1.68	0
-1.67	0
-1.66	0
-1.65	0
-1.64	0
-1.63	0
-1.62	0
-1.61	0
-1.6	0
-1.59	0
-1.58	0
-1.57	0
-1.56	0
-1.55	0
-1.54	0
-1.53	0
-1.52	0
-1.51	0
-1.5	0
-1.49	0
-1.48	0
-1.47	0
-1.46	0
-1.45	0
-1.44	0
-1.43	0
-1.42	0
-1.41	0
-1.4	0
-1.39	0
-1.38	0
-1.37	0
-1.36	0
-1.35	0
-1.34	0
-1.33	0
-1.32	0
-1.31	0
-1.3	0
-1.29	0
-1.28	0
-1.27	0
-1.26	0
-1.25	0
-1.24	0
-1.23	0
-1.22	0
-1.21	0
-1.2	0
-1.19	0
-1.18	0
-1.17	0
-1.16	0
-1.15	0
-1.14	0
-1.13	0
-1.12	0
-1.11	0
-1.1	0
-1.09	0
-1.08	0
-1.07	0
-1.06	0
-1.05	0
-1.04	0
-1.03	0
-1.02	0
-1.01	0
-1	0
-0.99	0
-0.98	0
-0.97	0
-0.96	0.02
-0.95	0
-0.94	0
-0.93	0
-0.92	0
-0.91	0
-0.9	0.02
-0.89	0.02
-0.88	0
-0.87	0.02
-0.86	0
-0.85	0.04
-0.84	0.08
-0.83	0
-0.82	0
-0.81	0.02
-0.8	0.06
-0.79	0.06
-0.78	0.08
-0.77	0.1
-0.76	0.1
-0.75	0.1
-0.74	0.1
-0.73	0.08
-0.72	0.16
-0.71	0.18
-0.7	0.2
-0.69	0.28
-0.68	0.16
-0.67	0.18
-0.66	0.26
-0.65	0.28
-0.64	0.08
-0.63	0.34
-0.62	0.48
-0.61	0.5
-0.6	0.38
-0.59	0.36
-0.58	0.36
-0.57	0.54
-0.56	0.44
-0.55	0.48
-0.54	0.44
-0.53	0.5
-0.52	0.5
-0.51	0.58
-0.5	0.58
-0.49	0.42
-0.48	0.46
-0.47	0.6
-0.46	0.5
-0.45	0.58
-0.44	0.7
-0.43	0.82
-0.42	0.8
-0.41	0.54
-0.4	0.7
-0.39	0.8
-0.38	0.74
-0.37	0.8
-0.36	1.08
-0.35	0.82
-0.34	1.28
-0.33	0.76
-0.32	1.08
-0.31	0.9
-0.3	1.34
-0.29	1.24
-0.28	1.28
-0.27	0.98
-0.26	1.12
-0.25	1.1
-0.24	1.02
-0.23	1.28
-0.22	1.12
-0.21	1.2
-0.2	1.36
-0.19	1.04
-0.18	1.24
-0.17	1.36
-0.16	1.24
-0.15	1.34
-0.14	1.5
-0.13	1.22
-0.12	1.56
-0.11	1.48
-0.1	1.2
-0.09	1.68
-0.08	1.82
-0.07	1.88
-0.06	1.34
-0.05	1.44
-0.04	1.28
-0.03	1.32
-0.02	1.6
-0.01	1.6
0	1.62
0.01	1.66
0.02	1.66
0.03	1.6
0.04	1.42
0.05	1.36
0.06	1.2
0.07	1.6
0.08	1.62
0.09	1.42
0.1	1.32
0.11	1.5
0.12	1.44
0.13	1.22
0.14	1.18
0.15	1.18
0.16	1.46
0.17	0.9
0.18	1.32
0.19	1.16
0.2	0.96
0.21	1.12
0.22	1.06
0.23	1.46
0.24	1.02
0.25	1.24
0.26	1.22
0.27	1.02
0.28	1.2
0.29	0.96
0.3	0.94
0.31	1.16
0.32	1
0.33	0.7
0.34	0.74
0.35	1.02
0.36	0.78
0.37	0.76
0.38	0.7
0.39	0.58
0.4	0.6
0.41	0.7
0.42	0.62
0.43	0.58
0.44	0.7
0.45	0.6
0.46	0.48
0.47	0.46
0.48	0.7
0.49	0.48
0.5	0.38
0.51	0.6
0.52	0.48
0.53	0.56
0.54	0.56
0.55	0.48
0.56	0.5
0.57	0.36
0.58	0.5
0.59	0.18
0.6	0.22
0.61	0.36
0.62	0.2
0.63	0.4
0.64	0.14
0.65	0.26
0.66	0.24
0.67	0.16
0.68	0.16
0.69	0.24
0.7	0.2
0.71	0.1
0.72	0.14
0.73	0.16
0.74	0.2
0.75	0.18
0.76	0.18
0.77	0.2
0.78	0.06
0.79	0.1
0.8	0.12
0.81	0.08
0.82	0.1
0.83	0.1
0.84	0.1
0.85	0.08
0.86	0.02
0.87	0.06
0.88	0.12
0.89	0.1
0.9	0
0.91	0.12
0.92	0.04
0.93	0.14
0.94	0.02
0.95	0.04
0.96	0.04
0.97	0.06
0.98	0.04
0.99	0
1	0
1.01	0
1.02	0
1.03	0
1.04	0
1.05	0
1.06	0
1.07	0
1.08	0
1.09	0
1.1	0
1.11	0
1.12	0
1.13	0
1.14	0
1.15	0
1.16	0
1.17	0
1.18	0
1.19	0
1.2	0
1.21	0
1.22	0
1.23	0
1.24	0
1.25	0
1.26	0
1.27	0
1.28	0
1.29	0
1.3	0
1.31	0
1.32	0
1.33	0
1.34	0
1.35	0
1.36	0
1.37	0
1.38	0
1.39	0
1.4	0
1.41	0
1.42	0
1.43	0
1.44	0
1.45	0
1.46	0
1.47	0
1.48	0
1.49	0
1.5	0
1.51	0
1.52	0
1.53	0
1.54	0
1.55	0
1.56	0
1.57	0
1.58	0
1.59	0
1.6	0
1.61	0
1.62	0
1.63	0
1.64	0
1.65	0
1.66	0
1.67	0
1.68	0
1.69	0
1.7	0
1.71	0
1.72	0
1.73	0
1.74	0
1.75	0
1.76	0
1.77	0
1.78	0
1.79	0
1.8	0
1.81	0
1.82	0
1.83	0
1.84	0
1.85	0
1.86	0
1.87	0
1.88	0
1.89	0
1.9	0
1.91	0
1.92	0
1.93	0
1.94	0
1.95	0
1.96	0
1.97	0
1.98	0
1.99	0
2	0
