-2	0
-1.99	0
-1.98	0
-1.97	0
-1.96	0
-1.95	0
-1.94	0
-1.93	0
-1.92	0
-1.91	0
-1.9	0
-1.89	0
-1.88	0
-1.87	0
-1.86	0
-1.85	0
-1.84	0
-1.83	0
-1.82	0
-1.81	0
-1.8	0
-1.79	0
-1.78	0
-1.77	0
-1.76	0
-1.75	0
-1.74	0
-1.73	0
-1.72	0
-1.71	0
-1.7	0
-1.69	0
-1.68	0
-1.67	0
-1.66	0
-1.65	0
-1.64	0
-1.63	0
-1.62	0
-1.61	0
-1.6	0
-1.59	0
-1.58	0
-1.57	0
-1.56	0
-1.55	0
-1.54	0
-1.53	0
-1.52	0
-1.51	0
-1.5	0
-1.49	0
-1.48	0
-1.47	0
-1.46	0
-1.45	0
-1.44	0
-1.43	0
-1.42	0
-1.41	0
-1.4	0
-1.39	0
-1.38	0
-1.37	0
-1.36	0
-1.35	0
-1.34	0
-1.33	0
-1.32	0
-1.31	0
-1.3	0
-1.29	0
-1.28	0
-1.27	0
-1.26	0
-1.25	0
-1.24	0
-1.23	0
-1.22	0
-1.21	0
-1.2	0
-1.19	0
-1.18	0
-1.17	0
-1.16	0
-1.15	0
-1.14	0
-1.13	0
-1.12	0
-1.11	0
-1.1	0
-1.09	0
-1.08	0
-1.07	0
-1.06	0
-1.05	0
-1.04	0
-1.03	0
-1.02	0
-1.01	0
-1	0.64
-0.99	0
-0.98	0.32
-0.97	0
-0.96	0.32
-0.95	0
-0.94	0.04
-0.93	0.04
-0.92	0.04
-0.91	0.12
-0.9	0
-0.89	0.12
-0.88	0.34
-0.87	0.32
-0.86	0.32
-0.85	0.56
-0.84	0.18
-0.83	0.66
-0.82	0.1
-0.81	0.24
-0.8	0
-0.79	0.24
-0.78	0.22
-0.77	0.06
-0.76	0.02
-0.75	0.46
-0.74	0.36
-0.73	0.1
-0.72	0.24
-0.71	0.26
-0.7	0.1
-0.69	0.04
-0.68	0.14
-0.67	0.28
-0.66	0.14
-0.65	0.2
-0.64	0.46
-0.63	0.02
-0.62	0.18
-0.61	0.9
-0.6	0.28
-0.59	0.68
-0.58	0.54
-0.57	0.18
-0.56	1
-0.55	0.2
-0.54	0.1
-0.53	0.14
-0.52	0.18
-0.51	0.74
-0.5	1.46
-0.49	0.44
-0.48	0.42
-0.47	0.72
-0.46	0.6
-0.45	0.58
-0.44	1.04
-0.43	0.82
-0.42	0.46
-0.41	1.26
-0.4	1.62
-0.39	0.9
-0.38	0.58
-0.37	0.78
-0.36	0.2
-0.35	2.5
-0.34	0.4
-0.33	1.1
-0.32	1.42
-0.31	1.12
-0.3	2.34
-0.29	1.74
-0.28	1.32
-0.27	1.18
-0.26	2.34
-0.25	3.8
-0.24	3.1
-0.23	2.94
-0.22	1.6
-0.21	0.76
-0.2	1.46
-0.19	3.02
-0.18	1.54
-0.17	2.48
-0.16	0.44
-0.15	0.14
-0.14	0.1
-0.13	0.3
-0.12	0.14
-0.11	0.28
-0.1	0.02
-0.09	0.12
-0.08	0.08
-0.07	0.14
-0.06	0.14
-0.05	0.1
-0.04	0.06
-0.03	0.2
-0.02	0.24
-0.01	0.04
0	0.12
0.01	0.06
0.02	0.14
0.03	0.06
0.04	0.22
0.05	0.16
0.06	0.02
0.07	0.2
0.08	0.06
0.09	0.02
0.1	0.14
0.11	0.08
0.12	0.22
0.13	0.08
0.14	0.04
0.15	0.28
0.16	2.58
0.17	2.04
0.18	2.24
0.19	1.56
0.2	1.26
0.21	1.98
0.22	2.4
0.23	3.82
0.24	3.02
0.25	3.04
0.26	2.36
0.27	1.28
0.28	1.24
0.29	1.8
0.3	0.96
0.31	1.08
0.32	0.66
0.33	1.2
0.34	1.94
0.35	1.04
0.36	0.34
0.37	0.68
0.38	0.48
0.39	1.46
0.4	1.56
0.41	0.32
0.42	0.26
0.43	0.78
0.44	0.92
0.45	0.48
0.46	0.62
0.47	0.62
0.48	0.52
0.49	1.04
0.5	0.22
0.51	0.38
0.52	0.44
0.53	0.46
0.54	0.32
0.55	0.9
0.56	0.56
0.57	0.1
0.58	1.06
0.59	0.34
0.6	0.96
0.61	0.72
0.62	0.12
0.63	0.22
0.64	0.18
0.65	0.16
0.66	0.18
0.67	0.18
0.68	0.04
0.69	0.06
0.7	0
0.71	0.08
0.72	0.08
0.73	0.6
0.74	0.26
0.75	0.08
0.76	0.42
0.77	0.16
0.78	0.06
0.79	0.4
0.8	0.44
0.81	0.5
0.82	0.14
0.83	0.22
0.84	0.46
0.85	0.46
0.86	0.32
0.87	0.32
0.88	0
0.89	0
0.9	0
0.91	0.02
0.92	0.06
0.93	0
0.94	0.02
0.95	0.02
0.96	0.18
0.97	0.28
0.98	0.38
0.99	0.56
1	0
1.01	0
1.02	0
1.03	0
1.04	0
1.05	0
1.06	0
1.07	0
1.08	0
1.09	0
1.1	0
1.11	0
1.12	0
1.13	0
1.14	0
1.15	0
1.16	0
1.17	0
1.18	0
1.19	0
1.2	0
1.21	0
1.22	0
1.23	0
1.24	0
1.25	0
1.26	0
1.27	0
1.28	0
1.29	0
1.3	0
1.31	0
1.32	0
1.33	0
1.34	0
1.35	0
1.36	0
1.37	0
1.38	0
1.39	0
1.4	0
1.41	0
1.42	0
1.43	0
1.44	0
1.45	0
1.46	0
1.47	0
1.48	0
1.49	0
1.5	0
1.51	0
1.52	0
1.53	0
1.54	0
1.55	0
1.56	0
1.57	0
1.58	0
1.59	0
1.6	0
1.61	0
1.62	0
1.63	0
1.64	0
1.65	0
1.66	0
1.67	0
1.68	0
1.69	0
1.7	0
1.71	0
1.72	0
1.73	0
1.74	0
1.75	0
1.76	0
1.77	0
1.78	0
1.79	0
1.8	0
1.81	0
1.82	0
1.83	0
1.84	0
1.85	0
1.86	0
1.87	0
1.88	0
1.89	0
1.9	0
1.91	0
1.92	0
1.93	0
1.94	0
1.95	0
1.96	0
1.97	0
1.98	0
1.99	0
2	0
