-2	0
-1.99	0
-1.98	0
-1.97	0
-1.96	0
-1.95	0
-1.94	0
-1.93	0
-1.92	0
-1.91	0
-1.9	0
-1.89	0
-1.88	0
-1.87	0
-1.86	0
-1.85	0
-1.84	0
-1.83	0
-1.82	0
-1.81	0
-1.8	0
-1.79	0
-1.78	0
-1.77	0
-1.76	0
-1.75	0
-1.74	0
-1.73	0
-1.72	0
-1.71	0
-1.7	0
-1.69	0
-1.68	0
-1.67	0
-1.66	0
-1.65	0
-1.64	0
-1.63	0
-1.62	0
-1.61	0
-1.6	0
-1.59	0
-1.58	0
-1.57	0
-1.56	0
-1.55	0
-1.54	0
-1.53	0
-1.52	0
-1.51	0
-1.5	0
-1.49	0
-1.48	0
-1.47	0
-1.46	0
-1.45	0
-1.44	0
-1.43	0
-1.42	0
-1.41	0
-1.4	0
-1.39	0
-1.38	0
-1.37	0
-1.36	0
-1.35	0
-1.34	0
-1.33	0
-1.32	0
-1.31	0
-1.3	0
-1.29	0
-1.28	0
-1.27	0
-1.26	0
-1.25	0
-1.24	0
-1.23	0
-1.22	0
-1.21	0
-1.2	0
-1.19	0
-1.18	0
-1.17	0
-1.16	0
-1.15	0
-1.14	0
-1.13	0
-1.12	0
-1.11	0
-1.1	0
-1.09	0
-1.08	0
-1.07	0
-1.06	0
-1.05	0
-1.04	0
-1.03	0
-1.02	0
-1.01	0
-1	0
-0.99	0.44
-0.98	0
-0.97	0.18
-0.96	0.28
-0.95	0
-0.94	0
-0.93	0
-0.92	0.06
-0.91	0.46
-0.9	0.04
-0.89	0
-0.88	0
-0.87	0
-0.86	0.16
-0.85	0.18
-0.84	0.02
-0.83	0
-0.82	0.08
-0.81	0.38
-0.8	0.38
-0.79	0.36
-0.78	0.14
-0.77	0
-0.76	0.16
-0.75	0.14
-0.74	0.08
-0.73	0.08
-0.72	0.16
-0.71	0.02
-0.7	0.08
-0.69	0
-0.68	0.5
-0.67	0.66
-0.66	0.34
-0.65	0.2
-0.64	0.12
-0.63	0.06
-0.62	0.02
-0.61	0
-0.6	0
-0.59	0.02
-0.58	0.14
-0.57	0.3
-0.56	0.2
-0.55	0.06
-0.54	0.26
-0.53	0
-0.52	0.04
-0.51	0
-0.5	0.14
-0.49	0.22
-0.48	0.24
-0.47	0.3
-0.46	0.04
-0.45	0.1
-0.44	0.06
-0.43	0
-0.42	0.34
-0.41	0.1
-0.4	0.36
-0.39	0.94
-0.38	0.38
-0.37	0.62
-0.36	0.82
-0.35	0.5
-0.34	0.88
-0.33	0.38
-0.32	0.8
-0.31	0.28
-0.3	0.8
-0.29	0.14
-0.28	0.48
-0.27	0.1
-0.26	0.38
-0.25	0.7
-0.24	0.64
-0.23	0.6
-0.22	1.52
-0.21	1.32
-0.2	1.72
-0.19	0.68
-0.18	1.76
-0.17	1.78
-0.16	1.22
-0.15	1.1
-0.14	0.92
-0.13	0.44
-0.12	0
-0.11	0.08
-0.1	0.04
-0.09	0
-0.08	0.02
-0.07	0.02
-0.06	0
-0.05	0
-0.04	0.22
-0.03	0.02
-0.02	0.12
-0.01	0.02
0	0
0.01	0
0.02	0
0.03	0.1
0.04	0.08
0.05	0.02
0.06	0.12
0.07	0
0.08	0
0.09	0
0.1	0.08
0.11	0
0.12	0.36
0.13	1.18
0.14	1.64
0.15	1.16
0.16	1.18
0.17	1.76
0.18	1.06
0.19	0.98
0.2	0.88
0.21	2.12
0.22	1.48
0.23	0.62
0.24	0.62
0.25	0.36
0.26	0.12
0.27	0.72
0.28	0.32
0.29	0.56
0.3	0.22
0.31	0.98
0.32	0.44
0.33	0.84
0.34	0.48
0.35	0.42
0.36	0.38
0.37	0.5
0.38	0.9
0.39	0.04
0.4	0.52
0.41	0.42
0.42	0.04
0.43	0.02
0.44	0.02
0.45	0.38
0.46	0.18
0.47	0.14
0.48	0.24
0.49	0.06
0.5	0.16
0.51	0
0.52	0.02
0.53	0.4
0.54	0.08
0.55	0.24
0.56	0.32
0.57	0
0.58	0
0.59	0
0.6	0
0.61	0.02
0.62	0.02
0.63	0.02
0.64	0.1
0.65	0.32
0.66	0.7
0.67	0.58
0.68	0.08
0.69	0.1
0.7	0
0.71	0.06
0.72	0
0.73	0
0.74	0
0.75	0
0.76	0.32
0.77	0.16
0.78	0.18
0.79	0.14
0.8	0.42
0.81	0.24
0.82	0.16
0.83	0
0.84	0.06
0.85	0.1
0.86	0.18
0.87	0.2
0.88	0.14
0.89	0.02
0.9	0.4
0.91	0.04
0.92	0.2
0.93	0.02
0.94	0.04
0.95	0.26
0.96	0.08
0.97	0.1
0.98	0.44
0.99	0
1	0
1.01	0
1.02	0
1.03	0
1.04	0
1.05	0
1.06	0
1.07	0
1.08	0
1.09	0
1.1	0
1.11	0
1.12	0
1.13	0
1.14	0
1.15	0
1.16	0
1.17	0
1.18	0
1.19	0
1.2	0
1.21	0
1.22	0
1.23	0
1.24	0
1.25	0
1.26	0
1.27	0
1.28	0
1.29	0
1.3	0
1.31	0
1.32	0
1.33	0
1.34	0
1.35	0
1.36	0
1.37	0
1.38	0
1.39	0
1.4	0
1.41	0
1.42	0
1.43	0
1.44	0
1.45	0
1.46	0
1.47	0
1.48	0
1.49	0
1.5	0
1.51	0
1.52	0
1.53	0
1.54	0
1.55	0
1.56	0
1.57	0
1.58	0
1.59	0
1.6	0
1.61	0
1.62	0
1.63	0
1.64	0
1.65	0
1.66	0
1.67	0
1.68	0
1.69	0
1.7	0
1.71	0
1.72	0
1.73	0
1.74	0
1.75	0
1.76	0
1.77	0
1.78	0
1.79	0
1.8	0
1.81	0
1.82	0
1.83	0
1.84	0
1.85	0
1.86	0
1.87	0
1.88	0
1.89	0
1.9	0
1.91	0
1.92	0
1.93	0
1.94	0
1.95	0
1.96	0
1.97	0
1.98	0
1.99	0
2	0
