-2	0
-1.99	0
-1.98	0
-1.97	0
-1.96	0
-1.95	0
-1.94	0
-1.93	0
-1.92	0
-1.91	0
-1.9	0
-1.89	0
-1.88	0
-1.87	0
-1.86	0
-1.85	0
-1.84	0
-1.83	0
-1.82	0
-1.81	0
-1.8	0
-1.79	0
-1.78	0
-1.77	0
-1.76	0
-1.75	0
-1.74	0
-1.73	0
-1.72	0
-1.71	0
-1.7	0
-1.69	0
-1.68	0
-1.67	0
-1.66	0
-1.65	0
-1.64	0
-1.63	0
-1.62	0
-1.61	0
-1.6	0
-1.59	0
-1.58	0
-1.57	0
-1.56	0
-1.55	0
-1.54	0
-1.53	0
-1.52	0
-1.51	0
-1.5	0
-1.49	0
-1.48	0
-1.47	0
-1.46	0
-1.45	0
-1.44	0
-1.43	0
-1.42	0
-1.41	0
-1.4	0
-1.39	0
-1.38	0
-1.37	0
-1.36	0
-1.35	0
-1.34	0
-1.33	0
-1.32	0
-1.31	0
-1.3	0
-1.29	0
-1.28	0
-1.27	0
-1.26	0
-1.25	0
-1.24	0
-1.23	0
-1.22	0
-1.21	0
-1.2	0
-1.19	0
-1.18	0
-1.17	0
-1.16	0
-1.15	0
-1.14	0
-1.13	0
-1.12	0
-1.11	0
-1.1	0
-1.09	0
-1.08	0
-1.07	0
-1.06	0
-1.05	0
-1.04	0
-1.03	0
-1.02	0
-1.01	0
-1	2.64
-0.99	0.7
-0.98	0.48
-0.97	0.04
-0.96	1.18
-0.95	0.72
-0.94	2.14
-0.93	0.3
-0.92	0.34
-0.91	0.08
-0.9	0.02
-0.89	0.02
-0.88	0.44
-0.87	0.04
-0.86	0.32
-0.85	0.04
-0.84	0.8
-0.83	0.3
-0.82	0.36
-0.81	0.38
-0.8	1.18
-0.79	0.4
-0.78	0.34
-0.77	0.66
-0.76	0.24
-0.75	0.14
-0.74	0.1
-0.73	0.2
-0.72	0.58
-0.71	1.94
-0.7	1.5
-0.69	0.46
-0.68	1.18
-0.67	0.44
-0.66	0.2
-0.65	0.24
-0.64	0.36
-0.63	0.64
-0.62	0.1
-0.61	0.8
-0.6	0.16
-0.59	1.04
-0.58	0.22
-0.57	0.24
-0.56	0.34
-0.55	0.6
-0.54	0.56
-0.53	1.26
-0.52	1.68
-0.51	0.22
-0.5	0.36
-0.49	0.94
-0.48	0.68
-0.47	3.02
-0.46	1.76
-0.45	2.04
-0.44	1.12
-0.43	0.76
-0.42	2.48
-0.41	0.54
-0.4	1
-0.39	1.46
-0.38	0.98
-0.37	2.34
-0.36	2.88
-0.35	2.14
-0.34	0.88
-0.33	4.02
-0.32	3.26
-0.31	5.96
-0.3	2.32
-0.29	2.68
-0.28	2
-0.27	7.02
-0.26	4.24
-0.25	4.56
-0.24	5.68
-0.23	1.74
-0.22	6.7
-0.21	3.88
-0.2	4.46
-0.19	7.6
-0.18	0.58
-0.17	0.84
-0.16	0.38
-0.15	0.3
-0.14	0.16
-0.13	0.22
-0.12	0.36
-0.11	0.22
-0.1	0.3
-0.09	0.36
-0.08	0.56
-0.07	0.42
-0.06	0.32
-0.05	0.5
-0.04	0.26
-0.03	0.26
-0.02	0.3
-0.01	0.26
0	0.48
0.01	0.34
0.02	0.18
0.03	0.1
0.04	0.08
0.05	0.1
0.06	0.1
0.07	0.2
0.08	0.18
0.09	0.64
0.1	0.26
0.11	0.64
0.12	0.34
0.13	0.42
0.14	0.12
0.15	0.52
0.16	0.44
0.17	4
0.18	2.82
0.19	4.02
0.2	7.22
0.21	4.32
0.22	6.62
0.23	5.86
0.24	3.74
0.25	2.84
0.26	4.78
0.27	2.66
0.28	2.98
0.29	3.02
0.3	2.44
0.31	4.84
0.32	2.2
0.33	1.92
0.34	0.46
0.35	1.02
0.36	3.48
0.37	1.5
0.38	1.78
0.39	1.22
0.4	2.88
0.41	2.56
0.42	1.04
0.43	1.5
0.44	2.46
0.45	2.92
0.46	2.3
0.47	1.08
0.48	0.22
0.49	0.88
0.5	0.94
0.51	1.48
0.52	0.32
0.53	0.42
0.54	0.18
0.55	0.36
0.56	0.36
0.57	0.14
0.58	0.58
0.59	0.9
0.6	0.18
0.61	0.18
0.62	0.56
0.63	0.22
0.64	0.64
0.65	1.12
0.66	0.96
0.67	0.42
0.68	0.6
0.69	0.9
0.7	0.9
0.71	0.66
0.72	0.8
0.73	0.16
0.74	0.46
0.75	0.18
0.76	0.18
0.77	0.44
0.78	0.34
0.79	0.72
0.8	1.58
0.81	0.4
0.82	0.28
0.83	0.94
0.84	0.32
0.85	0.5
0.86	0.04
0.87	0.48
0.88	0.14
0.89	0.3
0.9	0.46
0.91	0.06
0.92	0.56
0.93	1
0.94	0.58
0.95	1.2
0.96	0.1
0.97	0.04
0.98	0.8
0.99	2.74
1	0
1.01	0
1.02	0
1.03	0
1.04	0
1.05	0
1.06	0
1.07	0
1.08	0
1.09	0
1.1	0
1.11	0
1.12	0
1.13	0
1.14	0
1.15	0
1.16	0
1.17	0
1.18	0
1.19	0
1.2	0
1.21	0
1.22	0
1.23	0
1.24	0
1.25	0
1.26	0
1.27	0
1.28	0
1.29	0
1.3	0
1.31	0
1.32	0
1.33	0
1.34	0
1.35	0
1.36	0
1.37	0
1.38	0
1.39	0
1.4	0
1.41	0
1.42	0
1.43	0
1.44	0
1.45	0
1.46	0
1.47	0
1.48	0
1.49	0
1.5	0
1.51	0
1.52	0
1.53	0
1.54	0
1.55	0
1.56	0
1.57	0
1.58	0
1.59	0
1.6	0
1.61	0
1.62	0
1.63	0
1.64	0
1.65	0
1.66	0
1.67	0
1.68	0
1.69	0
1.7	0
1.71	0
1.72	0
1.73	0
1.74	0
1.75	0
1.76	0
1.77	0
1.78	0
1.79	0
1.8	0
1.81	0
1.82	0
1.83	0
1.84	0
1.85	0
1.86	0
1.87	0
1.88	0
1.89	0
1.9	0
1.91	0
1.92	0
1.93	0
1.94	0
1.95	0
1.96	0
1.97	0
1.98	0
1.99	0
2	0
