-2	0
-1.99	0
-1.98	0
-1.97	0
-1.96	0
-1.95	0
-1.94	0
-1.93	0
-1.92	0
-1.91	0
-1.9	0
-1.89	0
-1.88	0
-1.87	0
-1.86	0
-1.85	0
-1.84	0
-1.83	0
-1.82	0
-1.81	0
-1.8	0
-1.79	0
-1.78	0
-1.77	0
-1.76	0
-1.75	0
-1.74	0
-1.73	0
-1.72	0
-1.71	0
-1.7	0
-1.69	0
-1.68	0
-1.67	0
-1.66	0
-1.65	0
-1.64	0
-1.63	0
-1.62	0
-1.61	0
-1.6	0
-1.59	0
-1.58	0
-1.57	0
-1.56	0
-1.55	0
-1.54	0
-1.53	0
-1.52	0
-1.51	0
-1.5	0
-1.49	0
-1.48	0
-1.47	0
-1.46	0
-1.45	0
-1.44	0
-1.43	0
-1.42	0
-1.41	0
-1.4	0
-1.39	0
-1.38	0
-1.37	0
-1.36	0
-1.35	0
-1.34	0
-1.33	0
-1.32	0
-1.31	0
-1.3	0
-1.29	0
-1.28	0
-1.27	0
-1.26	0
-1.25	0
-1.24	0
-1.23	0
-1.22	0
-1.21	0
-1.2	0
-1.19	0
-1.18	0
-1.17	0
-1.16	0
-1.15	0
-1.14	0
-1.13	0
-1.12	0
-1.11	0
-1.1	0
-1.09	0
-1.08	0
-1.07	0
-1.06	0
-1.05	0
-1.04	0
-1.03	0
-1.02	0
-1.01	0
-1	0.96
-0.99	2.22
-0.98	3.8
-0.97	0.64
-0.96	0
-0.95	0
-0.94	0
-0.93	0
-0.92	6.38
-0.91	0.32
-0.9	0.32
-0.89	0.16
-0.88	0.16
-0.87	0
-0.86	0
-0.85	0
-0.84	2.54
-0.83	0
-0.82	0
-0.81	0
-0.8	0
-0.79	0
-0.78	0.6
-0.77	0
-0.76	0
-0.75	0
-0.74	0.02
-0.73	0.02
-0.72	0
-0.71	0
-0.7	0
-0.69	0.32
-0.68	0.96
-0.67	0
-0.66	2.88
-0.65	0.54
-0.64	0.1
-0.63	0
-0.62	0
-0.61	0
-0.6	0.04
-0.59	2.56
-0.58	0.32
-0.57	0.02
-0.56	1.5
-0.55	0.02
-0.54	0.02
-0.53	3.84
-0.52	1.6
-0.51	2.38
-0.5	2.06
-0.49	5.1
-0.48	1.28
-0.47	0
-0.46	0
-0.45	1.28
-0.44	2.56
-0.43	3.16
-0.42	2.54
-0.41	0
-0.4	1.28
-0.39	1.28
-0.38	0
-0.37	1.28
-0.36	1.28
-0.35	0
-0.34	0.02
-0.33	2.8
-0.32	6.1
-0.31	1.92
-0.3	5.58
-0.29	2.1
-0.28	3.2
-0.27	3.72
-0.26	3.26
-0.25	7.64
-0.24	6.14
-0.23	3.96
-0.22	3.34
-0.21	7.66
-0.2	7.62
-0.19	6.2
-0.18	6.48
-0.17	10.86
-0.16	7.84
-0.15	21.16
-0.14	17.04
-0.13	20.12
-0.12	22.14
-0.11	12.58
-0.1	5.12
-0.09	0.02
-0.08	0
-0.07	0.68
-0.06	0
-0.05	0.68
-0.04	0.04
-0.03	0.04
-0.02	0.04
-0.01	0
0	0
0.01	0
0.02	0
0.03	0.64
0.04	0.64
0.05	0
0.06	0
0.07	0
0.08	0.08
0.09	6.44
0.1	11.24
0.11	17.62
0.12	24.98
0.13	23.06
0.14	16.72
0.15	8.62
0.16	9.74
0.17	8.62
0.18	6.4
0.19	5.6
0.2	6.12
0.21	3.16
0.22	5.38
0.23	4.1
0.24	10.5
0.25	3.56
0.26	1.9
0.27	3.64
0.28	0.68
0.29	5.12
0.3	1.44
0.31	7.52
0.32	2.56
0.33	1.28
0.34	1.28
0.35	1.6
0.36	2.24
0.37	1.28
0.38	0
0.39	1.28
0.4	0
0.41	1.28
0.42	2.6
0.43	3.16
0.44	0
0.45	1.44
0.46	0.16
0.47	0.32
0.48	6.08
0.49	0.64
0.5	0.64
0.51	1.28
0.52	2.56
0.53	1.28
0.54	0.32
0.55	0.96
0.56	0
0.57	0
0.58	3.84
0.59	0.64
0.6	0.6
0.61	0
0.62	0
0.63	0.66
0.64	0.32
0.65	2.56
0.66	0.64
0.67	0.96
0.68	0.34
0.69	1.28
0.7	0
0.71	0.02
0.72	0
0.73	0
0.74	0
0.75	0
0.76	0.34
0.77	0
0.78	0.32
0.79	0.6
0.8	0
0.81	0
0.82	0
0.83	2.56
0.84	0
0.85	0
0.86	0
0.87	0
0.88	0
0.89	0
0.9	0.64
0.91	5.76
0.92	0.32
0.93	0
0.94	0
0.95	0
0.96	0
0.97	2.56
0.98	2.56
0.99	1.28
1	0
1.01	0
1.02	0
1.03	0
1.04	0
1.05	0
1.06	0
1.07	0
1.08	0
1.09	0
1.1	0
1.11	0
1.12	0
1.13	0
1.14	0
1.15	0
1.16	0
1.17	0
1.18	0
1.19	0
1.2	0
1.21	0
1.22	0
1.23	0
1.24	0
1.25	0
1.26	0
1.27	0
1.28	0
1.29	0
1.3	0
1.31	0
1.32	0
1.33	0
1.34	0
1.35	0
1.36	0
1.37	0
1.38	0
1.39	0
1.4	0
1.41	0
1.42	0
1.43	0
1.44	0
1.45	0
1.46	0
1.47	0
1.48	0
1.49	0
1.5	0
1.51	0
1.52	0
1.53	0
1.54	0
1.55	0
1.56	0
1.57	0
1.58	0
1.59	0
1.6	0
1.61	0
1.62	0
1.63	0
1.64	0
1.65	0
1.66	0
1.67	0
1.68	0
1.69	0
1.7	0
1.71	0
1.72	0
1.73	0
1.74	0
1.75	0
1.76	0
1.77	0
1.78	0
1.79	0
1.8	0
1.81	0
1.82	0
1.83	0
1.84	0
1.85	0
1.86	0
1.87	0
1.88	0
1.89	0
1.9	0
1.91	0
1.92	0
1.93	0
1.94	0
1.95	0
1.96	0
1.97	0
1.98	0
1.99	0
2	0
