-2	0
-1.99	0
-1.98	0
-1.97	0
-1.96	0
-1.95	0
-1.94	0
-1.93	0
-1.92	0
-1.91	0
-1.9	0
-1.89	0
-1.88	0
-1.87	0
-1.86	0
-1.85	0
-1.84	0
-1.83	0
-1.82	0
-1.81	0
-1.8	0
-1.79	0
-1.78	0
-1.77	0
-1.76	0
-1.75	0
-1.74	0
-1.73	0
-1.72	0
-1.71	0
-1.7	0
-1.69	0
-1.68	0
-1.67	0
-1.66	0
-1.65	0
-1.64	0
-1.63	0
-1.62	0
-1.61	0
-1.6	0
-1.59	0
-1.58	0
-1.57	0
-1.56	0
-1.55	0
-1.54	0
-1.53	0
-1.52	0
-1.51	0
-1.5	0
-1.49	0
-1.48	0
-1.47	0
-1.46	0
-1.45	0
-1.44	0
-1.43	0
-1.42	0
-1.41	0
-1.4	0
-1.39	0
-1.38	0
-1.37	0
-1.36	0
-1.35	0
-1.34	0
-1.33	0
-1.32	0
-1.31	0
-1.3	0
-1.29	0
-1.28	0
-1.27	0
-1.26	0
-1.25	0
-1.24	0
-1.23	0
-1.22	0
-1.21	0
-1.2	0
-1.19	0
-1.18	0
-1.17	0
-1.16	0
-1.15	0
-1.14	0
-1.13	0
-1.12	0
-1.11	0
-1.1	0
-1.09	0
-1.08	0
-1.07	0
-1.06	0
-1.05	0
-1.04	0
-1.03	0
-1.02	0
-1.01	0
-1	1.28
-0.99	0
-0.98	1.02
-0.97	0.06
-0.96	0.82
-0.95	0.48
-0.94	0
-0.93	0
-0.92	1.86
-0.91	0.16
-0.9	0.74
-0.89	0.38
-0.88	0
-0.87	1.64
-0.86	0.42
-0.85	0.12
-0.84	0.44
-0.83	1.5
-0.82	0.14
-0.81	0.04
-0.8	0
-0.79	0.74
-0.78	0.7
-0.77	0
-0.76	0.38
-0.75	0.7
-0.74	0.48
-0.73	0
-0.72	0.02
-0.71	0.3
-0.7	1.24
-0.69	0.12
-0.68	1.58
-0.67	1.6
-0.66	0.36
-0.65	0.9
-0.64	0.56
-0.63	0.42
-0.62	0.04
-0.61	0.24
-0.6	0.98
-0.59	0.88
-0.58	0.12
-0.57	0.34
-0.56	0.04
-0.55	0.62
-0.54	0.96
-0.53	0.32
-0.52	0.04
-0.51	0.08
-0.5	0.92
-0.49	0.3
-0.48	0.16
-0.47	0.3
-0.46	0.94
-0.45	2.82
-0.44	0.16
-0.43	0.1
-0.42	0.1
-0.41	0.08
-0.4	1.82
-0.39	1
-0.38	2.9
-0.37	0.38
-0.36	0.52
-0.35	0.98
-0.34	1.24
-0.33	0.98
-0.32	0.12
-0.31	1.36
-0.3	2.44
-0.29	2.46
-0.28	1.84
-0.27	1.28
-0.26	1.74
-0.25	2.32
-0.24	5.38
-0.23	1.58
-0.22	2.42
-0.21	10.14
-0.2	4.9
-0.19	7
-0.18	8.6
-0.17	5.42
-0.16	8.22
-0.15	7.32
-0.14	7.54
-0.13	2.1
-0.12	0.66
-0.11	0.02
-0.1	0.02
-0.09	0.04
-0.08	0.1
-0.07	0
-0.06	0
-0.05	0.02
-0.04	0
-0.03	0
-0.02	0.02
-0.01	0.04
0	0.06
0.01	0.02
0.02	0.04
0.03	0
0.04	0
0.05	0.32
0.06	0.32
0.07	0.4
0.08	0.08
0.09	0.12
0.1	0.18
0.11	0.48
0.12	2.86
0.13	5.3
0.14	9.06
0.15	8.7
0.16	7.36
0.17	13.22
0.18	3.74
0.19	3.2
0.2	8.38
0.21	2.54
0.22	0.92
0.23	4.06
0.24	2.14
0.25	0.74
0.26	2.86
0.27	2.56
0.28	1.88
0.29	2.6
0.3	2.68
0.31	0.1
0.32	2.02
0.33	0.06
0.34	0.72
0.35	0.62
0.36	0.12
0.37	2.88
0.38	1.3
0.39	1.86
0.4	0.58
0.41	0
0.42	0.28
0.43	0.2
0.44	2.6
0.45	0.56
0.46	0.56
0.47	0.68
0.48	0.08
0.49	0.04
0.5	0.82
0.51	1.28
0.52	0.06
0.53	0
0.54	0.5
0.55	0.38
0.56	0.64
0.57	0.04
0.58	0.02
0.59	1.32
0.6	0
0.61	0.08
0.62	0.18
0.63	0.24
0.64	0.34
0.65	0.76
0.66	0.58
0.67	1.7
0.68	0.86
0.69	1.18
0.7	0.48
0.71	0
0.72	0.08
0.73	0.04
0.74	0.5
0.75	0.04
0.76	0
0.77	0.44
0.78	1.06
0.79	0.32
0.8	0.16
0.81	0.04
0.82	1.92
0.83	0.08
0.84	0.34
0.85	0.5
0.86	1.16
0.87	1.08
0.88	0
0.89	0
0.9	0
0.91	2.56
0.92	0.32
0.93	0.32
0.94	0.64
0.95	0.64
0.96	0.18
0.97	1.1
0.98	0
0.99	1.28
1	0
1.01	0
1.02	0
1.03	0
1.04	0
1.05	0
1.06	0
1.07	0
1.08	0
1.09	0
1.1	0
1.11	0
1.12	0
1.13	0
1.14	0
1.15	0
1.16	0
1.17	0
1.18	0
1.19	0
1.2	0
1.21	0
1.22	0
1.23	0
1.24	0
1.25	0
1.26	0
1.27	0
1.28	0
1.29	0
1.3	0
1.31	0
1.32	0
1.33	0
1.34	0
1.35	0
1.36	0
1.37	0
1.38	0
1.39	0
1.4	0
1.41	0
1.42	0
1.43	0
1.44	0
1.45	0
1.46	0
1.47	0
1.48	0
1.49	0
1.5	0
1.51	0
1.52	0
1.53	0
1.54	0
1.55	0
1.56	0
1.57	0
1.58	0
1.59	0
1.6	0
1.61	0
1.62	0
1.63	0
1.64	0
1.65	0
1.66	0
1.67	0
1.68	0
1.69	0
1.7	0
1.71	0
1.72	0
1.73	0
1.74	0
1.75	0
1.76	0
1.77	0
1.78	0
1.79	0
1.8	0
1.81	0
1.82	0
1.83	0
1.84	0
1.85	0
1.86	0
1.87	0
1.88	0
1.89	0
1.9	0
1.91	0
1.92	0
1.93	0
1.94	0
1.95	0
1.96	0
1.97	0
1.98	0
1.99	0
2	0
