-2	0
-1.99	0
-1.98	0
-1.97	0
-1.96	0
-1.95	0
-1.94	0
-1.93	0
-1.92	0
-1.91	0
-1.9	0
-1.89	0
-1.88	0
-1.87	0
-1.86	0
-1.85	0
-1.84	0
-1.83	0
-1.82	0
-1.81	0
-1.8	0
-1.79	0
-1.78	0
-1.77	0
-1.76	0
-1.75	0
-1.74	0
-1.73	0
-1.72	0
-1.71	0
-1.7	0
-1.69	0
-1.68	0
-1.67	0
-1.66	0
-1.65	0
-1.64	0
-1.63	0
-1.62	0
-1.61	0
-1.6	0
-1.59	0
-1.58	0
-1.57	0
-1.56	0
-1.55	0
-1.54	0
-1.53	0
-1.52	0
-1.51	0
-1.5	0
-1.49	0
-1.48	0
-1.47	0
-1.46	0
-1.45	0
-1.44	0
-1.43	0
-1.42	0
-1.41	0
-1.4	0
-1.39	0
-1.38	0
-1.37	0
-1.36	0
-1.35	0
-1.34	0
-1.33	0
-1.32	0
-1.31	0
-1.3	0
-1.29	0
-1.28	0
-1.27	0
-1.26	0
-1.25	0
-1.24	0
-1.23	0
-1.22	0
-1.21	0
-1.2	0
-1.19	0
-1.18	0
-1.17	0
-1.16	0
-1.15	0
-1.14	0
-1.13	0
-1.12	0
-1.11	0
-1.1	0
-1.09	0
-1.08	0
-1.07	0
-1.06	0
-1.05	0
-1.04	0
-1.03	0
-1.02	0
-1.01	0
-1	5.1
-0.99	5.76
-0.98	0.46
-0.97	0.02
-0.96	3.84
-0.95	8.48
-0.94	2.58
-0.93	2.58
-0.92	8.92
-0.91	1.52
-0.9	0.74
-0.89	0.04
-0.88	0.08
-0.87	0.08
-0.86	2.66
-0.85	0.04
-0.84	0.14
-0.83	0.04
-0.82	3.82
-0.81	1.32
-0.8	1.28
-0.79	0.02
-0.78	1.3
-0.77	0.02
-0.76	0
-0.75	0
-0.74	2.24
-0.73	0.36
-0.72	0
-0.71	0
-0.7	0
-0.69	6.4
-0.68	0
-0.67	0.02
-0.66	0.06
-0.65	0.04
-0.64	0.66
-0.63	5.44
-0.62	0.32
-0.61	0.04
-0.6	0.16
-0.59	3.2
-0.58	0.64
-0.57	0.14
-0.56	11.44
-0.55	0.04
-0.54	0.02
-0.53	1.26
-0.52	1.3
-0.51	3.22
-0.5	14.06
-0.49	12.8
-0.48	0.82
-0.47	1.38
-0.46	1.32
-0.45	0.1
-0.44	1.44
-0.43	5.14
-0.42	0.06
-0.41	6.98
-0.4	9.36
-0.39	7.04
-0.38	0.64
-0.37	4.62
-0.36	6.2
-0.35	15.76
-0.34	10.88
-0.33	7.38
-0.32	11.02
-0.31	3.58
-0.3	12.64
-0.29	4.86
-0.28	4.44
-0.27	7.1
-0.26	13.96
-0.25	9.28
-0.24	23.68
-0.23	23.14
-0.22	12.72
-0.21	18.88
-0.2	7.1
-0.19	29.02
-0.18	23.36
-0.17	24.34
-0.16	23.3
-0.15	27.4
-0.14	26.46
-0.13	7.66
-0.12	0
-0.11	0.04
-0.1	0.02
-0.09	0
-0.08	0.34
-0.07	0.08
-0.06	0
-0.05	0.96
-0.04	0.22
-0.03	0
-0.02	0.32
-0.01	0.64
0	0.32
0.01	0
0.02	0.36
0.03	0
0.04	2.56
0.05	0
0.06	0.34
0.07	0
0.08	0.3
0.09	0.02
0.1	0
0.11	0
0.12	13.08
0.13	24.04
0.14	16.48
0.15	14.64
0.16	29.4
0.17	29.24
0.18	36.86
0.19	6.8
0.2	18.56
0.21	22.96
0.22	26.92
0.23	13.34
0.24	6.66
0.25	13.4
0.26	4.44
0.27	7.12
0.28	9.62
0.29	10.64
0.3	5.54
0.31	7.88
0.32	8.24
0.33	5.46
0.34	13.3
0.35	6.56
0.36	9.58
0.37	2.28
0.38	6.64
0.39	13.68
0.4	1.98
0.41	1.34
0.42	6.8
0.43	2.38
0.44	0.24
0.45	3.36
0.46	2.6
0.47	1.34
0.48	10.96
0.49	15.02
0.5	0
0.51	0
0.52	1.28
0.53	0
0.54	0.08
0.55	8.32
0.56	0
0.57	0
0.58	0.02
0.59	0
0.6	0
0.61	2.88
0.62	4.82
0.63	0
0.64	0.08
0.65	0.12
0.66	2.82
0.67	0.88
0.68	1.28
0.69	0.08
0.7	0
0.71	0
0.72	0
0.73	0
0.74	0.02
0.75	0
0.76	0
0.77	0
0.78	0.64
0.79	0
0.8	2.46
0.81	2.68
0.82	5.44
0.83	2.3
0.84	0.16
0.85	2.56
0.86	0.06
0.87	0.08
0.88	0.1
0.89	0.16
0.9	1.84
0.91	3.26
0.92	5.5
0.93	0.48
0.94	9
0.95	5.86
0.96	0
0.97	0.62
0.98	7.06
0.99	6.4
1	0
1.01	0
1.02	0
1.03	0
1.04	0
1.05	0
1.06	0
1.07	0
1.08	0
1.09	0
1.1	0
1.11	0
1.12	0
1.13	0
1.14	0
1.15	0
1.16	0
1.17	0
1.18	0
1.19	0
1.2	0
1.21	0
1.22	0
1.23	0
1.24	0
1.25	0
1.26	0
1.27	0
1.28	0
1.29	0
1.3	0
1.31	0
1.32	0
1.33	0
1.34	0
1.35	0
1.36	0
1.37	0
1.38	0
1.39	0
1.4	0
1.41	0
1.42	0
1.43	0
1.44	0
1.45	0
1.46	0
1.47	0
1.48	0
1.49	0
1.5	0
1.51	0
1.52	0
1.53	0
1.54	0
1.55	0
1.56	0
1.57	0
1.58	0
1.59	0
1.6	0
1.61	0
1.62	0
1.63	0
1.64	0
1.65	0
1.66	0
1.67	0
1.68	0
1.69	0
1.7	0
1.71	0
1.72	0
1.73	0
1.74	0
1.75	0
1.76	0
1.77	0
1.78	0
1.79	0
1.8	0
1.81	0
1.82	0
1.83	0
1.84	0
1.85	0
1.86	0
1.87	0
1.88	0
1.89	0
1.9	0
1.91	0
1.92	0
1.93	0
1.94	0
1.95	0
1.96	0
1.97	0
1.98	0
1.99	0
2	0
