-2	0
-1.99	0
-1.98	0
-1.97	0
-1.96	0
-1.95	0
-1.94	0
-1.93	0
-1.92	0
-1.91	0
-1.9	0
-1.89	0
-1.88	0
-1.87	0
-1.86	0
-1.85	0
-1.84	0
-1.83	0
-1.82	0
-1.81	0
-1.8	0
-1.79	0
-1.78	0
-1.77	0
-1.76	0
-1.75	0
-1.74	0
-1.73	0
-1.72	0
-1.71	0
-1.7	0
-1.69	0
-1.68	0
-1.67	0
-1.66	0
-1.65	0
-1.64	0
-1.63	0
-1.62	0
-1.61	0
-1.6	0
-1.59	0
-1.58	0
-1.57	0
-1.56	0
-1.55	0
-1.54	0
-1.53	0
-1.52	0
-1.51	0
-1.5	0
-1.49	0
-1.48	0
-1.47	0
-1.46	0
-1.45	0
-1.44	0
-1.43	0
-1.42	0
-1.41	0
-1.4	0
-1.39	0
-1.38	0
-1.37	0
-1.36	0
-1.35	0
-1.34	0
-1.33	0
-1.32	0
-1.31	0
-1.3	0
-1.29	0
-1.28	0
-1.27	0
-1.26	0
-1.25	0
-1.24	0
-1.23	0
-1.22	0
-1.21	0
-1.2	0
-1.19	0
-1.18	0
-1.17	0
-1.16	0
-1.15	0
-1.14	0
-1.13	0
-1.12	0
-1.11	0
-1.1	0
-1.09	0
-1.08	0
-1.07	0
-1.06	0
-1.05	0
-1.04	0
-1.03	0
-1.02	0
-1.01	0
-1	2.22
-0.99	0.12
-0.98	0.02
-0.97	0.02
-0.96	0
-0.95	0
-0.94	0
-0.93	0.08
-0.92	0.02
-0.91	0.06
-0.9	1.92
-0.89	0.62
-0.88	1.2
-0.87	0
-0.86	0
-0.85	0
-0.84	3.8
-0.83	0.12
-0.82	0.74
-0.81	0.16
-0.8	0.08
-0.79	0
-0.78	0.08
-0.77	0.48
-0.76	0
-0.75	0
-0.74	0.66
-0.73	0.12
-0.72	0.12
-0.71	0.12
-0.7	0.7
-0.69	1.62
-0.68	0.02
-0.67	1.42
-0.66	0
-0.65	1.52
-0.64	0.54
-0.63	0.28
-0.62	0
-0.61	0.3
-0.6	1.68
-0.59	0.94
-0.58	0.74
-0.57	1.76
-0.56	0.1
-0.55	0
-0.54	0.02
-0.53	0.22
-0.52	0.12
-0.51	0.04
-0.5	0
-0.49	0.08
-0.48	0.18
-0.47	0.66
-0.46	0.68
-0.45	0.68
-0.44	0.02
-0.43	1.88
-0.42	1.44
-0.41	0.12
-0.4	0.92
-0.39	0.86
-0.38	0.44
-0.37	1.4
-0.36	0.08
-0.35	2.7
-0.34	0.8
-0.33	1.5
-0.32	0.68
-0.31	0.18
-0.3	1.82
-0.29	0.4
-0.28	0.16
-0.27	2.4
-0.26	1.12
-0.25	3.6
-0.24	0.66
-0.23	1.94
-0.22	2.88
-0.21	4.7
-0.2	3.14
-0.19	1.9
-0.18	10.78
-0.17	9.22
-0.16	3.82
-0.15	11.18
-0.14	9.56
-0.13	7.8
-0.12	7.62
-0.11	0.02
-0.1	0.38
-0.09	0.4
-0.08	0
-0.07	0
-0.06	0
-0.05	0.02
-0.04	0.12
-0.03	0.14
-0.02	0.16
-0.01	0.12
0	0.3
0.01	0.18
0.02	0.16
0.03	0.42
0.04	0.16
0.05	0.28
0.06	0.04
0.07	0.18
0.08	0.32
0.09	0.32
0.1	0.2
0.11	7.74
0.12	9.3
0.13	11.2
0.14	11.12
0.15	9.48
0.16	2.58
0.17	11.24
0.18	1.76
0.19	0.82
0.2	5.92
0.21	1.3
0.22	3.04
0.23	1.94
0.24	2.6
0.25	3.22
0.26	1.28
0.27	0
0.28	0
0.29	2.58
0.3	0.78
0.31	0.04
0.32	1.14
0.33	0.02
0.34	2.88
0.35	0.14
0.36	2.1
0.37	0.06
0.38	0.04
0.39	0.66
0.4	0
0.41	2
0.42	2.1
0.43	1.4
0.44	0.14
0.45	0.04
0.46	0.14
0.47	0.64
0.48	0
0.49	0
0.5	0.04
0.51	0.22
0.52	0.16
0.53	0.24
0.54	0.38
0.55	0.6
0.56	1.84
0.57	0.48
0.58	0.54
0.59	1.2
0.6	0.54
0.61	0.22
0.62	0.16
0.63	0.24
0.64	1
0.65	0.08
0.66	1.22
0.67	0.62
0.68	1.28
0.69	0
0.7	0.02
0.71	0.14
0.72	0.08
0.73	0.52
0.74	0
0.75	0
0.76	0.04
0.77	0.04
0.78	0.96
0.79	0.12
0.8	0
0.81	0.16
0.82	0.2
0.83	4.48
0.84	0.08
0.85	0.56
0.86	0
0.87	0.62
0.88	0.66
0.89	1.92
0.9	0
0.91	0
0.92	0
0.93	0
0.94	0.64
0.95	0
0.96	0.02
0.97	0.02
0.98	0.6
0.99	1.92
1	0
1.01	0
1.02	0
1.03	0
1.04	0
1.05	0
1.06	0
1.07	0
1.08	0
1.09	0
1.1	0
1.11	0
1.12	0
1.13	0
1.14	0
1.15	0
1.16	0
1.17	0
1.18	0
1.19	0
1.2	0
1.21	0
1.22	0
1.23	0
1.24	0
1.25	0
1.26	0
1.27	0
1.28	0
1.29	0
1.3	0
1.31	0
1.32	0
1.33	0
1.34	0
1.35	0
1.36	0
1.37	0
1.38	0
1.39	0
1.4	0
1.41	0
1.42	0
1.43	0
1.44	0
1.45	0
1.46	0
1.47	0
1.48	0
1.49	0
1.5	0
1.51	0
1.52	0
1.53	0
1.54	0
1.55	0
1.56	0
1.57	0
1.58	0
1.59	0
1.6	0
1.61	0
1.62	0
1.63	0
1.64	0
1.65	0
1.66	0
1.67	0
1.68	0
1.69	0
1.7	0
1.71	0
1.72	0
1.73	0
1.74	0
1.75	0
1.76	0
1.77	0
1.78	0
1.79	0
1.8	0
1.81	0
1.82	0
1.83	0
1.84	0
1.85	0
1.86	0
1.87	0
1.88	0
1.89	0
1.9	0
1.91	0
1.92	0
1.93	0
1.94	0
1.95	0
1.96	0
1.97	0
1.98	0
1.99	0
2	0
