-2	0
-1.99	0
-1.98	0
-1.97	0
-1.96	0
-1.95	0
-1.94	0
-1.93	0
-1.92	0
-1.91	0
-1.9	0
-1.89	0
-1.88	0
-1.87	0
-1.86	0
-1.85	0
-1.84	0
-1.83	0
-1.82	0
-1.81	0
-1.8	0
-1.79	0
-1.78	0
-1.77	0
-1.76	0
-1.75	0
-1.74	0
-1.73	0
-1.72	0
-1.71	0
-1.7	0
-1.69	0
-1.68	0
-1.67	0
-1.66	0
-1.65	0
-1.64	0
-1.63	0
-1.62	0
-1.61	0
-1.6	0
-1.59	0
-1.58	0
-1.57	0
-1.56	0
-1.55	0
-1.54	0
-1.53	0
-1.52	0
-1.51	0
-1.5	0
-1.49	0
-1.48	0
-1.47	0
-1.46	0
-1.45	0
-1.44	0
-1.43	0
-1.42	0
-1.41	0
-1.4	0
-1.39	0
-1.38	0
-1.37	0
-1.36	0
-1.35	0
-1.34	0
-1.33	0
-1.32	0
-1.31	0
-1.3	0
-1.29	0
-1.28	0
-1.27	0
-1.26	0
-1.25	0
-1.24	0
-1.23	0
-1.22	0
-1.21	0
-1.2	0
-1.19	0
-1.18	0
-1.17	0
-1.16	0
-1.15	0
-1.14	0
-1.13	0
-1.12	0
-1.11	0
-1.1	0
-1.09	0
-1.08	0
-1.07	0
-1.06	0
-1.05	0
-1.04	0
-1.03	0
-1.02	0
-1.01	0
-1	0
-0.99	0
-0.98	0
-0.97	0
-0.96	0
-0.95	0.02
-0.94	0
-0.93	0
-0.92	0
-0.91	0.02
-0.9	0
-0.89	0.02
-0.88	0.02
-0.87	0
-0.86	0.02
-0.85	0.06
-0.84	0.02
-0.83	0.02
-0.82	0.08
-0.81	0.08
-0.8	0.02
-0.79	0.08
-0.78	0.14
-0.77	0.18
-0.76	0.18
-0.75	0.08
-0.74	0.18
-0.73	0.1
-0.72	0.24
-0.71	0.2
-0.7	0.14
-0.69	0.16
-0.68	0.3
-0.67	0.22
-0.66	0.26
-0.65	0.3
-0.64	0.24
-0.63	0.36
-0.62	0.22
-0.61	0.28
-0.6	0.38
-0.59	0.52
-0.58	0.62
-0.57	0.54
-0.56	0.62
-0.55	0.48
-0.54	0.56
-0.53	0.7
-0.52	0.54
-0.51	0.68
-0.5	0.74
-0.49	0.68
-0.48	0.8
-0.47	0.9
-0.46	0.76
-0.45	1.12
-0.44	1
-0.43	1.06
-0.42	0.96
-0.41	1.26
-0.4	1.24
-0.39	1.32
-0.38	0.98
-0.37	1.56
-0.36	1.58
-0.35	1.52
-0.34	1.84
-0.33	1.8
-0.32	1.86
-0.31	2.36
-0.3	1.82
-0.29	1.98
-0.28	2.28
-0.27	2.36
-0.26	2.6
-0.25	2.08
-0.24	2.18
-0.23	2.84
-0.22	2.44
-0.21	2.5
-0.2	2.68
-0.19	2.94
-0.18	2.86
-0.17	2.66
-0.16	3.5
-0.15	3.14
-0.14	3.64
-0.13	3.2
-0.12	3.62
-0.11	3.44
-0.1	3.96
-0.09	3.3
-0.08	4.08
-0.07	3.5
-0.06	3.34
-0.05	3.46
-0.04	3.64
-0.03	4.1
-0.02	3.74
-0.01	3.5
0	3.84
0.01	4.38
0.02	4.12
0.03	3.86
0.04	3.72
0.05	3.94
0.06	3.54
0.07	4.06
0.08	3.52
0.09	3.62
0.1	3.48
0.11	3.4
0.12	2.78
0.13	3.34
0.14	2.96
0.15	3.06
0.16	2.8
0.17	3.04
0.18	2.88
0.19	2.98
0.2	2.56
0.21	2.32
0.22	2.64
0.23	2.58
0.24	2.2
0.25	2.76
0.26	1.98
0.27	2.4
0.28	1.72
0.29	1.7
0.3	2
0.31	1.82
0.32	1.6
0.33	1.8
0.34	1.56
0.35	1.22
0.36	1.3
0.37	1.38
0.38	1.36
0.39	1.24
0.4	1.12
0.41	1
0.42	1.22
0.43	1.08
0.44	0.92
0.45	0.72
0.46	0.9
0.47	0.64
0.48	0.94
0.49	1.02
0.5	0.74
0.51	0.92
0.52	0.74
0.53	0.5
0.54	0.62
0.55	0.58
0.56	0.62
0.57	0.52
0.58	0.46
0.59	0.46
0.6	0.32
0.61	0.3
0.62	0.38
0.63	0.28
0.64	0.32
0.65	0.3
0.66	0.22
0.67	0.26
0.68	0.28
0.69	0.12
0.7	0.3
0.71	0.14
0.72	0.22
0.73	0.3
0.74	0.06
0.75	0.14
0.76	0.14
0.77	0.24
0.78	0.08
0.79	0.1
0.8	0.06
0.81	0.08
0.82	0.04
0.83	0.04
0.84	0.1
0.85	0.06
0.86	0.02
0.87	0.06
0.88	0.08
0.89	0.02
0.9	0.06
0.91	0.08
0.92	0
0.93	0
0.94	0.02
0.95	0
0.96	0
0.97	0
0.98	0
0.99	0
1	0
1.01	0
1.02	0
1.03	0
1.04	0
1.05	0
1.06	0
1.07	0
1.08	0
1.09	0
1.1	0
1.11	0
1.12	0
1.13	0
1.14	0
1.15	0
1.16	0
1.17	0
1.18	0
1.19	0
1.2	0
1.21	0
1.22	0
1.23	0
1.24	0
1.25	0
1.26	0
1.27	0
1.28	0
1.29	0
1.3	0
1.31	0
1.32	0
1.33	0
1.34	0
1.35	0
1.36	0
1.37	0
1.38	0
1.39	0
1.4	0
1.41	0
1.42	0
1.43	0
1.44	0
1.45	0
1.46	0
1.47	0
1.48	0
1.49	0
1.5	0
1.51	0
1.52	0
1.53	0
1.54	0
1.55	0
1.56	0
1.57	0
1.58	0
1.59	0
1.6	0
1.61	0
1.62	0
1.63	0
1.64	0
1.65	0
1.66	0
1.67	0
1.68	0
1.69	0
1.7	0
1.71	0
1.72	0
1.73	0
1.74	0
1.75	0
1.76	0
1.77	0
1.78	0
1.79	0
1.8	0
1.81	0
1.82	0
1.83	0
1.84	0
1.85	0
1.86	0
1.87	0
1.88	0
1.89	0
1.9	0
1.91	0
1.92	0
1.93	0
1.94	0
1.95	0
1.96	0
1.97	0
1.98	0
1.99	0
2	0
