-2	0
-1.99	0
-1.98	0
-1.97	0
-1.96	0
-1.95	0
-1.94	0
-1.93	0
-1.92	0
-1.91	0
-1.9	0
-1.89	0
-1.88	0
-1.87	0
-1.86	0
-1.85	0
-1.84	0
-1.83	0
-1.82	0
-1.81	0
-1.8	0
-1.79	0
-1.78	0
-1.77	0
-1.76	0
-1.75	0
-1.74	0
-1.73	0
-1.72	0
-1.71	0
-1.7	0
-1.69	0
-1.68	0
-1.67	0
-1.66	0
-1.65	0
-1.64	0
-1.63	0
-1.62	0
-1.61	0
-1.6	0
-1.59	0
-1.58	0
-1.57	0
-1.56	0
-1.55	0
-1.54	0
-1.53	0
-1.52	0
-1.51	0
-1.5	0
-1.49	0
-1.48	0
-1.47	0
-1.46	0
-1.45	0
-1.44	0
-1.43	0
-1.42	0
-1.41	0
-1.4	0
-1.39	0
-1.38	0
-1.37	0
-1.36	0
-1.35	0
-1.34	0
-1.33	0
-1.32	0
-1.31	0
-1.3	0
-1.29	0
-1.28	0
-1.27	0
-1.26	0
-1.25	0
-1.24	0
-1.23	0
-1.22	0
-1.21	0
-1.2	0
-1.19	0
-1.18	0
-1.17	0
-1.16	0
-1.15	0
-1.14	0
-1.13	0
-1.12	0
-1.11	0
-1.1	0
-1.09	0
-1.08	0
-1.07	0
-1.06	0
-1.05	0
-1.04	0
-1.03	0
-1.02	0
-1.01	0
-1	0
-0.99	0
-0.98	0
-0.97	0
-0.96	0
-0.95	0
-0.94	0
-0.93	0
-0.92	0
-0.91	0
-0.9	0
-0.89	0.02
-0.88	0.04
-0.87	0.02
-0.86	0.02
-0.85	0.12
-0.84	0.08
-0.83	0.1
-0.82	0.18
-0.81	0.14
-0.8	0.3
-0.79	0.12
-0.78	0.16
-0.77	0.28
-0.76	0.14
-0.75	0.24
-0.74	0.18
-0.73	0.3
-0.72	0.22
-0.71	0.2
-0.7	0.22
-0.69	0.32
-0.68	0.42
-0.67	0.24
-0.66	0.22
-0.65	0.24
-0.64	0.42
-0.63	0.2
-0.62	0.34
-0.61	0.34
-0.6	0.36
-0.59	0.52
-0.58	0.46
-0.57	0.38
-0.56	0.36
-0.55	0.56
-0.54	0.54
-0.53	0.62
-0.52	0.56
-0.51	0.68
-0.5	0.56
-0.49	0.6
-0.48	0.56
-0.47	0.52
-0.46	0.76
-0.45	0.86
-0.44	0.7
-0.43	0.9
-0.42	0.88
-0.41	0.64
-0.4	0.62
-0.39	0.84
-0.38	1.08
-0.37	0.92
-0.36	1.02
-0.35	1.06
-0.34	1.1
-0.33	1.02
-0.32	0.68
-0.31	1
-0.3	0.98
-0.29	0.94
-0.28	0.9
-0.27	1.14
-0.26	1.1
-0.25	1.22
-0.24	0.76
-0.23	0.94
-0.22	0.82
-0.21	0.92
-0.2	0.92
-0.19	1.24
-0.18	1.28
-0.17	1.62
-0.16	1.24
-0.15	1.18
-0.14	1.3
-0.13	1.54
-0.12	1.22
-0.11	0.86
-0.1	1.2
-0.09	1.4
-0.08	1.44
-0.07	1.3
-0.06	1.4
-0.05	1.48
-0.04	1.3
-0.03	1.44
-0.02	1.36
-0.01	1.5
0	1.48
0.01	1.3
0.02	1.22
0.03	1.08
0.04	1.28
0.05	1.64
0.06	1.24
0.07	1.58
0.08	1.32
0.09	1.1
0.1	1.14
0.11	1.34
0.12	0.98
0.13	1.26
0.14	1.38
0.15	1.24
0.16	1.2
0.17	1.28
0.18	1.32
0.19	1.1
0.2	1.1
0.21	1.28
0.22	1.2
0.23	0.9
0.24	0.8
0.25	1.06
0.26	0.76
0.27	0.98
0.28	1.08
0.29	1.04
0.3	1.1
0.31	0.9
0.32	0.94
0.33	1.1
0.34	0.96
0.35	1.02
0.36	0.92
0.37	0.82
0.38	0.9
0.39	0.88
0.4	0.9
0.41	0.8
0.42	0.86
0.43	0.68
0.44	0.72
0.45	0.86
0.46	0.6
0.47	0.6
0.48	0.6
0.49	0.56
0.5	0.62
0.51	0.54
0.52	0.46
0.53	0.54
0.54	0.44
0.55	0.54
0.56	0.44
0.57	0.32
0.58	0.48
0.59	0.32
0.6	0.2
0.61	0.32
0.62	0.34
0.63	0.36
0.64	0.3
0.65	0.26
0.66	0.32
0.67	0.16
0.68	0.3
0.69	0.22
0.7	0.2
0.71	0.3
0.72	0.26
0.73	0.12
0.74	0.4
0.75	0.2
0.76	0.26
0.77	0.2
0.78	0.16
0.79	0.28
0.8	0.2
0.81	0.32
0.82	0.28
0.83	0.14
0.84	0.1
0.85	0.06
0.86	0.2
0.87	0.04
0.88	0.1
0.89	0.14
0.9	0.04
0.91	0
0.92	0
0.93	0
0.94	0
0.95	0
0.96	0
0.97	0
0.98	0
0.99	0
1	0
1.01	0
1.02	0
1.03	0
1.04	0
1.05	0
1.06	0
1.07	0
1.08	0
1.09	0
1.1	0
1.11	0
1.12	0
1.13	0
1.14	0
1.15	0
1.16	0
1.17	0
1.18	0
1.19	0
1.2	0
1.21	0
1.22	0
1.23	0
1.24	0
1.25	0
1.26	0
1.27	0
1.28	0
1.29	0
1.3	0
1.31	0
1.32	0
1.33	0
1.34	0
1.35	0
1.36	0
1.37	0
1.38	0
1.39	0
1.4	0
1.41	0
1.42	0
1.43	0
1.44	0
1.45	0
1.46	0
1.47	0
1.48	0
1.49	0
1.5	0
1.51	0
1.52	0
1.53	0
1.54	0
1.55	0
1.56	0
1.57	0
1.58	0
1.59	0
1.6	0
1.61	0
1.62	0
1.63	0
1.64	0
1.65	0
1.66	0
1.67	0
1.68	0
1.69	0
1.7	0
1.71	0
1.72	0
1.73	0
1.74	0
1.75	0
1.76	0
1.77	0
1.78	0
1.79	0
1.8	0
1.81	0
1.82	0
1.83	0
1.84	0
1.85	0
1.86	0
1.87	0
1.88	0
1.89	0
1.9	0
1.91	0
1.92	0
1.93	0
1.94	0
1.95	0
1.96	0
1.97	0
1.98	0
1.99	0
2	0
