-2	0
-1.99	0
-1.98	0
-1.97	0
-1.96	0
-1.95	0
-1.94	0
-1.93	0
-1.92	0
-1.91	0
-1.9	0
-1.89	0
-1.88	0
-1.87	0
-1.86	0
-1.85	0
-1.84	0
-1.83	0
-1.82	0
-1.81	0
-1.8	0
-1.79	0
-1.78	0
-1.77	0
-1.76	0
-1.75	0
-1.74	0
-1.73	0
-1.72	0
-1.71	0
-1.7	0
-1.69	0
-1.68	0
-1.67	0
-1.66	0
-1.65	0
-1.64	0
-1.63	0
-1.62	0
-1.61	0
-1.6	0
-1.59	0
-1.58	0
-1.57	0
-1.56	0
-1.55	0
-1.54	0
-1.53	0
-1.52	0
-1.51	0
-1.5	0
-1.49	0
-1.48	0
-1.47	0
-1.46	0
-1.45	0
-1.44	0
-1.43	0
-1.42	0
-1.41	0
-1.4	0
-1.39	0
-1.38	0
-1.37	0
-1.36	0
-1.35	0
-1.34	0
-1.33	0
-1.32	0
-1.31	0
-1.3	0
-1.29	0
-1.28	0
-1.27	0
-1.26	0
-1.25	0
-1.24	0
-1.23	0
-1.22	0
-1.21	0
-1.2	0
-1.19	0
-1.18	0
-1.17	0
-1.16	0
-1.15	0
-1.14	0
-1.13	0
-1.12	0
-1.11	0
-1.1	0
-1.09	0
-1.08	0
-1.07	0
-1.06	0
-1.05	0
-1.04	0
-1.03	0
-1.02	0
-1.01	0
-1	1.28
-0.99	1.1
-0.98	0
-0.97	0
-0.96	0
-0.95	0
-0.94	0
-0.93	0
-0.92	0
-0.91	1.28
-0.9	0.12
-0.89	0.52
-0.88	1.72
-0.87	0.08
-0.86	1.18
-0.85	1.42
-0.84	1.36
-0.83	0.74
-0.82	0.2
-0.81	0.18
-0.8	0.08
-0.79	0
-0.78	0.12
-0.77	0.4
-0.76	0.12
-0.75	0.66
-0.74	0
-0.73	0.12
-0.72	0
-0.71	1.7
-0.7	0.46
-0.69	0.16
-0.68	0.28
-0.67	1.5
-0.66	0.94
-0.65	0.5
-0.64	0.46
-0.63	0
-0.62	0.96
-0.61	1.64
-0.6	0.42
-0.59	0.02
-0.58	1.4
-0.57	1.04
-0.56	0.3
-0.55	0.08
-0.54	0.14
-0.53	0.04
-0.52	0.1
-0.51	0.02
-0.5	0.02
-0.49	0.14
-0.48	0.74
-0.47	0.64
-0.46	0.64
-0.45	0.02
-0.44	0.52
-0.43	2.12
-0.42	0.56
-0.41	0.64
-0.4	0.2
-0.39	0.98
-0.38	0.4
-0.37	1.48
-0.36	3.36
-0.35	0.26
-0.34	1.7
-0.33	0.44
-0.32	0.38
-0.31	0.66
-0.3	1.36
-0.29	0.34
-0.28	0.54
-0.27	2.7
-0.26	3.02
-0.25	0.92
-0.24	2.38
-0.23	2.38
-0.22	4.66
-0.21	3.88
-0.2	0
-0.19	5.06
-0.18	11.06
-0.17	8.86
-0.16	7.58
-0.15	5.72
-0.14	11.26
-0.13	7.42
-0.12	4.7
-0.11	0
-0.1	0
-0.09	0.22
-0.08	0.16
-0.07	0.34
-0.06	0.04
-0.05	0
-0.04	0.32
-0.03	0.08
-0.02	0.12
-0.01	0.7
0	0
0.01	0.18
0.02	0.16
0.03	0.1
0.04	0.6
0.05	0.04
0.06	0.06
0.07	0.44
0.08	0.68
0.09	0.1
0.1	0.42
0.11	5.18
0.12	7.62
0.13	11.3
0.14	8.5
0.15	9.06
0.16	8.42
0.17	8.76
0.18	4.8
0.19	0.36
0.2	3.6
0.21	2.96
0.22	1.6
0.23	3.24
0.24	2.52
0.25	1.28
0.26	4.36
0.27	0.28
0.28	0.16
0.29	1.2
0.3	1.22
0.31	0.66
0.32	0.06
0.33	1.2
0.34	0.36
0.35	2.58
0.36	2.08
0.37	0.2
0.38	0.12
0.39	0.04
0.4	0.66
0.41	1.28
0.42	2.08
0.43	0.64
0.44	1.44
0.45	0.14
0.46	0.02
0.47	0.06
0.48	0.32
0.49	0.32
0.5	0.16
0.51	0.26
0.52	0.54
0.53	0.26
0.54	0.38
0.55	0.4
0.56	0.18
0.57	1.28
0.58	0.48
0.59	0.34
0.6	1.04
0.61	1.42
0.62	0
0.63	0.24
0.64	0.96
0.65	0
0.66	1.28
0.67	0.64
0.68	0
0.69	0.02
0.7	1.28
0.71	0.08
0.72	0.18
0.73	0.52
0.74	0
0.75	0.04
0.76	0.04
0.77	0
0.78	0
0.79	1.08
0.8	0.12
0.81	0.04
0.82	0.2
0.83	1.92
0.84	1.38
0.85	1.66
0.86	0.16
0.87	0.64
0.88	0.64
0.89	0.64
0.9	1.28
0.91	0
0.92	0
0.93	0
0.94	0.64
0.95	0
0.96	0
0.97	0
0.98	1.28
0.99	1.28
1	0
1.01	0
1.02	0
1.03	0
1.04	0
1.05	0
1.06	0
1.07	0
1.08	0
1.09	0
1.1	0
1.11	0
1.12	0
1.13	0
1.14	0
1.15	0
1.16	0
1.17	0
1.18	0
1.19	0
1.2	0
1.21	0
1.22	0
1.23	0
1.24	0
1.25	0
1.26	0
1.27	0
1.28	0
1.29	0
1.3	0
1.31	0
1.32	0
1.33	0
1.34	0
1.35	0
1.36	0
1.37	0
1.38	0
1.39	0
1.4	0
1.41	0
1.42	0
1.43	0
1.44	0
1.45	0
1.46	0
1.47	0
1.48	0
1.49	0
1.5	0
1.51	0
1.52	0
1.53	0
1.54	0
1.55	0
1.56	0
1.57	0
1.58	0
1.59	0
1.6	0
1.61	0
1.62	0
1.63	0
1.64	0
1.65	0
1.66	0
1.67	0
1.68	0
1.69	0
1.7	0
1.71	0
1.72	0
1.73	0
1.74	0
1.75	0
1.76	0
1.77	0
1.78	0
1.79	0
1.8	0
1.81	0
1.82	0
1.83	0
1.84	0
1.85	0
1.86	0
1.87	0
1.88	0
1.89	0
1.9	0
1.91	0
1.92	0
1.93	0
1.94	0
1.95	0
1.96	0
1.97	0
1.98	0
1.99	0
2	0
