-2	0
-1.99	0
-1.98	0
-1.97	0
-1.96	0
-1.95	0
-1.94	0
-1.93	0
-1.92	0
-1.91	0
-1.9	0
-1.89	0
-1.88	0
-1.87	0
-1.86	0
-1.85	0
-1.84	0
-1.83	0
-1.82	0
-1.81	0
-1.8	0
-1.79	0
-1.78	0
-1.77	0
-1.76	0
-1.75	0
-1.74	0
-1.73	0
-1.72	0
-1.71	0
-1.7	0
-1.69	0
-1.68	0
-1.67	0
-1.66	0
-1.65	0
-1.64	0
-1.63	0
-1.62	0
-1.61	0
-1.6	0
-1.59	0
-1.58	0
-1.57	0
-1.56	0
-1.55	0
-1.54	0
-1.53	0
-1.52	0
-1.51	0
-1.5	0
-1.49	0
-1.48	0
-1.47	0
-1.46	0
-1.45	0
-1.44	0
-1.43	0
-1.42	0
-1.41	0
-1.4	0
-1.39	0
-1.38	0
-1.37	0
-1.36	0
-1.35	0
-1.34	0
-1.33	0
-1.32	0
-1.31	0
-1.3	0
-1.29	0
-1.28	0
-1.27	0
-1.26	0
-1.25	0
-1.24	0
-1.23	0
-1.22	0
-1.21	0
-1.2	0
-1.19	0
-1.18	0
-1.17	0
-1.16	0
-1.15	0
-1.14	0
-1.13	0
-1.12	0
-1.11	0
-1.1	0
-1.09	0
-1.08	0
-1.07	0
-1.06	0
-1.05	0
-1.04	0
-1.03	0
-1.02	0
-1.01	0
-1	0
-0.99	0
-0.98	0
-0.97	0
-0.96	0.32
-0.95	0.3
-0.94	0
-0.93	0
-0.92	0.16
-0.91	0.16
-0.9	0.64
-0.89	0.3
-0.88	0
-0.87	0.32
-0.86	0.32
-0.85	0
-0.84	0
-0.83	0.16
-0.82	0
-0.81	0.08
-0.8	0.32
-0.79	0.4
-0.78	0
-0.77	0.64
-0.76	0.28
-0.75	0.04
-0.74	0.42
-0.73	0.18
-0.72	0
-0.71	0
-0.7	0
-0.69	0
-0.68	0
-0.67	0.04
-0.66	0.04
-0.65	0.02
-0.64	0.64
-0.63	0.4
-0.62	0.34
-0.61	0.36
-0.6	0.16
-0.59	0.82
-0.58	0.2
-0.57	0.32
-0.56	0.02
-0.55	0.16
-0.54	0.1
-0.53	0.08
-0.52	0.5
-0.51	0.46
-0.5	0.48
-0.49	0.2
-0.48	0.16
-0.47	0.08
-0.46	0.02
-0.45	0.98
-0.44	0.4
-0.43	0.16
-0.42	1.1
-0.41	0.84
-0.4	0.66
-0.39	0.54
-0.38	0.74
-0.37	0.28
-0.36	1.02
-0.35	1.72
-0.34	0.54
-0.33	1.34
-0.32	0.52
-0.31	0.92
-0.3	1.62
-0.29	1.14
-0.28	0.7
-0.27	0.64
-0.26	1.54
-0.25	2.2
-0.24	2.82
-0.23	0.04
-0.22	1.6
-0.21	1.02
-0.2	2.82
-0.19	2
-0.18	5.48
-0.17	5.82
-0.16	2.64
-0.15	1.62
-0.14	2.24
-0.13	4.06
-0.12	0.3
-0.11	0
-0.1	0
-0.09	0.04
-0.08	0.06
-0.07	0.02
-0.06	0
-0.05	0.02
-0.04	0
-0.03	0
-0.02	0
-0.01	0.02
0	0.02
0.01	0
0.02	0
0.03	0.16
0.04	0.14
0.05	0.04
0.06	0.02
0.07	0
0.08	0.18
0.09	0.02
0.1	0
0.11	0.16
0.12	4.2
0.13	3.04
0.14	2.12
0.15	1.92
0.16	6.1
0.17	5.1
0.18	1.88
0.19	2.22
0.2	1.6
0.21	1.36
0.22	0.46
0.23	3.46
0.24	1.9
0.25	1.4
0.26	0.68
0.27	0.74
0.28	0.72
0.29	1.7
0.3	1.58
0.31	0.42
0.32	1.12
0.33	0.98
0.34	1.28
0.35	0
0.36	0.3
0.37	0.64
0.38	1.06
0.39	1.08
0.4	1.18
0.41	1
0.42	0
0.43	0.34
0.44	1.06
0.45	0.42
0.46	0
0.47	0
0.48	0.24
0.49	0.44
0.5	0.14
0.51	0.24
0.52	0.08
0.53	0.7
0.54	0.24
0.55	0.04
0.56	0.04
0.57	0
0.58	0.64
0.59	0.2
0.6	0.16
0.61	0.4
0.62	0.32
0.63	0.64
0.64	0.08
0.65	0.16
0.66	0.16
0.67	0
0.68	0.1
0.69	0.14
0.7	0.16
0.71	0
0.72	0.16
0.73	0.32
0.74	0
0.75	0.16
0.76	0.48
0.77	0.16
0.78	0.16
0.79	0.32
0.8	0.4
0.81	0.08
0.82	0.22
0.83	0.32
0.84	0.04
0.85	0.32
0.86	0.36
0.87	0.24
0.88	0
0.89	0.64
0.9	0
0.91	0
0.92	0
0.93	0
0.94	0.32
0.95	0.32
0.96	0
0.97	0
0.98	0
0.99	0
1	0
1.01	0
1.02	0
1.03	0
1.04	0
1.05	0
1.06	0
1.07	0
1.08	0
1.09	0
1.1	0
1.11	0
1.12	0
1.13	0
1.14	0
1.15	0
1.16	0
1.17	0
1.18	0
1.19	0
1.2	0
1.21	0
1.22	0
1.23	0
1.24	0
1.25	0
1.26	0
1.27	0
1.28	0
1.29	0
1.3	0
1.31	0
1.32	0
1.33	0
1.34	0
1.35	0
1.36	0
1.37	0
1.38	0
1.39	0
1.4	0
1.41	0
1.42	0
1.43	0
1.44	0
1.45	0
1.46	0
1.47	0
1.48	0
1.49	0
1.5	0
1.51	0
1.52	0
1.53	0
1.54	0
1.55	0
1.56	0
1.57	0
1.58	0
1.59	0
1.6	0
1.61	0
1.62	0
1.63	0
1.64	0
1.65	0
1.66	0
1.67	0
1.68	0
1.69	0
1.7	0
1.71	0
1.72	0
1.73	0
1.74	0
1.75	0
1.76	0
1.77	0
1.78	0
1.79	0
1.8	0
1.81	0
1.82	0
1.83	0
1.84	0
1.85	0
1.86	0
1.87	0
1.88	0
1.89	0
1.9	0
1.91	0
1.92	0
1.93	0
1.94	0
1.95	0
1.96	0
1.97	0
1.98	0
1.99	0
2	0
