-2	0
-1.99	0
-1.98	0
-1.97	0
-1.96	0
-1.95	0
-1.94	0
-1.93	0
-1.92	0
-1.91	0
-1.9	0
-1.89	0
-1.88	0
-1.87	0
-1.86	0
-1.85	0
-1.84	0
-1.83	0
-1.82	0
-1.81	0
-1.8	0
-1.79	0
-1.78	0
-1.77	0
-1.76	0
-1.75	0
-1.74	0
-1.73	0
-1.72	0
-1.71	0
-1.7	0
-1.69	0
-1.68	0
-1.67	0
-1.66	0
-1.65	0
-1.64	0
-1.63	0
-1.62	0
-1.61	0
-1.6	0
-1.59	0
-1.58	0
-1.57	0
-1.56	0
-1.55	0
-1.54	0
-1.53	0
-1.52	0
-1.51	0
-1.5	0
-1.49	0
-1.48	0
-1.47	0
-1.46	0
-1.45	0
-1.44	0
-1.43	0
-1.42	0
-1.41	0
-1.4	0
-1.39	0
-1.38	0
-1.37	0
-1.36	0
-1.35	0
-1.34	0
-1.33	0
-1.32	0
-1.31	0
-1.3	0
-1.29	0
-1.28	0
-1.27	0
-1.26	0
-1.25	0
-1.24	0
-1.23	0
-1.22	0
-1.21	0
-1.2	0
-1.19	0
-1.18	0
-1.17	0
-1.16	0
-1.15	0
-1.14	0
-1.13	0
-1.12	0
-1.11	0
-1.1	0
-1.09	0
-1.08	0
-1.07	0
-1.06	0
-1.05	0
-1.04	0
-1.03	0
-1.02	0
-1.01	0
-1	0
-0.99	0
-0.98	0
-0.97	0.62
-0.96	0
-0.95	0
-0.94	0
-0.93	0
-0.92	0.32
-0.91	0
-0.9	0.3
-0.89	0
-0.88	0
-0.87	0.64
-0.86	0
-0.85	0
-0.84	0.32
-0.83	0.32
-0.82	0
-0.81	0
-0.8	0.8
-0.79	0
-0.78	0.08
-0.77	0.7
-0.76	0.62
-0.75	0
-0.74	0.28
-0.73	0.04
-0.72	0.04
-0.71	0.12
-0.7	0
-0.69	0
-0.68	0
-0.67	0
-0.66	0.04
-0.65	0.08
-0.64	0.04
-0.63	0
-0.62	0
-0.61	0.64
-0.6	0.14
-0.59	0.96
-0.58	0.64
-0.57	0.58
-0.56	0.28
-0.55	0.06
-0.54	0.32
-0.53	0.16
-0.52	0.14
-0.51	0.52
-0.5	0
-0.49	0.04
-0.48	0.68
-0.47	0.12
-0.46	0.18
-0.45	0
-0.44	0.76
-0.43	0.38
-0.42	0.34
-0.41	0.7
-0.4	0.48
-0.39	1.12
-0.38	0.6
-0.37	0.44
-0.36	1.02
-0.35	0.8
-0.34	0.7
-0.33	1.42
-0.32	1.18
-0.31	0.68
-0.3	0.26
-0.29	1.5
-0.28	1.84
-0.27	0.46
-0.26	0.64
-0.25	2.12
-0.24	2.28
-0.23	2.66
-0.22	0.16
-0.21	1.6
-0.2	2.22
-0.19	2.44
-0.18	1.44
-0.17	5.6
-0.16	5.52
-0.15	2.6
-0.14	2.78
-0.13	2.08
-0.12	3.26
-0.11	0
-0.1	0
-0.09	0
-0.08	0
-0.07	0
-0.06	0
-0.05	0
-0.04	0.02
-0.03	0.02
-0.02	0.1
-0.01	0.06
0	0
0.01	0
0.02	0.12
0.03	0
0.04	0
0.05	0
0.06	0.04
0.07	0
0.08	0
0.09	0.04
0.1	0.06
0.11	3.52
0.12	2.3
0.13	2.98
0.14	2.56
0.15	5.46
0.16	5.22
0.17	1.88
0.18	2.22
0.19	2.26
0.2	0.94
0.21	0.8
0.22	3.32
0.23	2.28
0.24	0.88
0.25	0.64
0.26	0.8
0.27	1.44
0.28	1.8
0.29	0.98
0.3	0.42
0.31	1.52
0.32	0.8
0.33	0.9
0.34	0.08
0.35	1.38
0.36	0.34
0.37	1.02
0.38	1.52
0.39	0.48
0.4	0.56
0.41	0.36
0.42	0.7
0.43	0.66
0.44	0.04
0.45	0.02
0.46	0.24
0.47	0.44
0.48	0.04
0.49	0.1
0.5	0.34
0.51	0.32
0.52	0.42
0.53	0.22
0.54	0
0.55	0
0.56	0.24
0.57	0.5
0.58	1.06
0.59	0
0.6	0.68
0.61	0
0.62	0.08
0.63	0
0.64	0
0.65	0
0.66	0.16
0.67	0
0.68	0.32
0.69	0
0.7	0
0.71	0
0.72	0.32
0.73	0
0.74	0
0.75	0
0.76	0.96
0.77	0
0.78	0.48
0.79	0
0.8	1.04
0.81	0.02
0.82	0.24
0.83	0.82
0.84	0
0.85	0
0.86	0.64
0.87	0
0.88	0.24
0.89	0
0.9	0
0.91	0
0.92	0
0.93	0
0.94	0
0.95	0
0.96	0.64
0.97	0
0.98	0
0.99	0
1	0
1.01	0
1.02	0
1.03	0
1.04	0
1.05	0
1.06	0
1.07	0
1.08	0
1.09	0
1.1	0
1.11	0
1.12	0
1.13	0
1.14	0
1.15	0
1.16	0
1.17	0
1.18	0
1.19	0
1.2	0
1.21	0
1.22	0
1.23	0
1.24	0
1.25	0
1.26	0
1.27	0
1.28	0
1.29	0
1.3	0
1.31	0
1.32	0
1.33	0
1.34	0
1.35	0
1.36	0
1.37	0
1.38	0
1.39	0
1.4	0
1.41	0
1.42	0
1.43	0
1.44	0
1.45	0
1.46	0
1.47	0
1.48	0
1.49	0
1.5	0
1.51	0
1.52	0
1.53	0
1.54	0
1.55	0
1.56	0
1.57	0
1.58	0
1.59	0
1.6	0
1.61	0
1.62	0
1.63	0
1.64	0
1.65	0
1.66	0
1.67	0
1.68	0
1.69	0
1.7	0
1.71	0
1.72	0
1.73	0
1.74	0
1.75	0
1.76	0
1.77	0
1.78	0
1.79	0
1.8	0
1.81	0
1.82	0
1.83	0
1.84	0
1.85	0
1.86	0
1.87	0
1.88	0
1.89	0
1.9	0
1.91	0
1.92	0
1.93	0
1.94	0
1.95	0
1.96	0
1.97	0
1.98	0
1.99	0
2	0
