-2	0
-1.99	0
-1.98	0
-1.97	0
-1.96	0
-1.95	0
-1.94	0
-1.93	0
-1.92	0
-1.91	0
-1.9	0
-1.89	0
-1.88	0
-1.87	0
-1.86	0
-1.85	0
-1.84	0
-1.83	0
-1.82	0
-1.81	0
-1.8	0
-1.79	0
-1.78	0
-1.77	0
-1.76	0
-1.75	0
-1.74	0
-1.73	0
-1.72	0
-1.71	0
-1.7	0
-1.69	0
-1.68	0
-1.67	0
-1.66	0
-1.65	0
-1.64	0
-1.63	0
-1.62	0
-1.61	0
-1.6	0
-1.59	0
-1.58	0
-1.57	0
-1.56	0
-1.55	0
-1.54	0
-1.53	0
-1.52	0
-1.51	0
-1.5	0
-1.49	0
-1.48	0
-1.47	0
-1.46	0
-1.45	0
-1.44	0
-1.43	0
-1.42	0
-1.41	0
-1.4	0
-1.39	0
-1.38	0
-1.37	0
-1.36	0
-1.35	0
-1.34	0
-1.33	0
-1.32	0
-1.31	0
-1.3	0
-1.29	0
-1.28	0
-1.27	0
-1.26	0
-1.25	0
-1.24	0
-1.23	0
-1.22	0
-1.21	0
-1.2	0
-1.19	0
-1.18	0
-1.17	0
-1.16	0
-1.15	0
-1.14	0
-1.13	0
-1.12	0
-1.11	0
-1.1	0
-1.09	0
-1.08	0
-1.07	0
-1.06	0
-1.05	0
-1.04	0
-1.03	0
-1.02	0
-1.01	0
-1	0.04
-0.99	0.16
-0.98	0.16
-0.97	0.12
-0.96	0.02
-0.95	0.02
-0.94	0.1
-0.93	0.28
-0.92	0.16
-0.91	0
-0.9	0.26
-0.89	0.16
-0.88	0.12
-0.87	0.08
-0.86	0.12
-0.85	0.04
-0.84	0.06
-0.83	0.16
-0.82	0.16
-0.81	0.42
-0.8	0.38
-0.79	0.08
-0.78	0.62
-0.77	0.52
-0.76	0.46
-0.75	0.24
-0.74	0.34
-0.73	0.5
-0.72	0.4
-0.71	0.58
-0.7	0.46
-0.69	0.3
-0.68	0.66
-0.67	0.48
-0.66	0.76
-0.65	0.62
-0.64	0.66
-0.63	0.44
-0.62	0.52
-0.61	0.6
-0.6	0.62
-0.59	0.56
-0.58	0.64
-0.57	0.92
-0.56	0.94
-0.55	1.06
-0.54	1.22
-0.53	1.22
-0.52	2.48
-0.51	1.66
-0.5	1.42
-0.49	1.44
-0.48	1.66
-0.47	1.6
-0.46	1.96
-0.45	1.44
-0.44	1.12
-0.43	0.96
-0.42	0.86
-0.41	1.2
-0.4	1.34
-0.39	1.32
-0.38	0.76
-0.37	1.74
-0.36	1.1
-0.35	0.54
-0.34	1.4
-0.33	0.74
-0.32	1.1
-0.31	1.46
-0.3	0.66
-0.29	1
-0.28	1.18
-0.27	1.9
-0.26	0.7
-0.25	0.4
-0.24	0.28
-0.23	0.2
-0.22	0.4
-0.21	0.36
-0.2	0.48
-0.19	0.4
-0.18	0.32
-0.17	0.46
-0.16	0.32
-0.15	0.36
-0.14	0.38
-0.13	0.36
-0.12	0.3
-0.11	0.32
-0.1	0.48
-0.09	0.52
-0.08	0.38
-0.07	0.34
-0.06	0.26
-0.05	0.44
-0.04	0.3
-0.03	0.28
-0.02	0.58
-0.01	0.36
0	0.3
0.01	0.3
0.02	0.36
0.03	0.28
0.04	0.24
0.05	0.52
0.06	0.36
0.07	0.32
0.08	0.36
0.09	0.22
0.1	0.42
0.11	0.4
0.12	0.24
0.13	0.24
0.14	0.42
0.15	0.28
0.16	0.38
0.17	0.32
0.18	0.42
0.19	0.6
0.2	0.56
0.21	0.34
0.22	0.56
0.23	0.44
0.24	0.48
0.25	0.86
0.26	0.54
0.27	1.14
0.28	1.26
0.29	1.34
0.3	0.98
0.31	1.2
0.32	1.64
0.33	1.38
0.34	0.94
0.35	0.78
0.36	1.26
0.37	2.02
0.38	1.08
0.39	1.08
0.4	1.64
0.41	1.94
0.42	1.14
0.43	0.98
0.44	1.06
0.45	1.3
0.46	0.8
0.47	0.8
0.48	1.56
0.49	1.56
0.5	1.58
0.51	1.44
0.52	1.08
0.53	1.06
0.54	1.38
0.55	0.76
0.56	0.8
0.57	1.22
0.58	0.84
0.59	0.88
0.6	0.62
0.61	0.48
0.62	0.4
0.63	0.34
0.64	0.9
0.65	0.4
0.66	0.32
0.67	1.12
0.68	0.3
0.69	0.32
0.7	0.46
0.71	0.44
0.72	0.48
0.73	0.26
0.74	0.44
0.75	0.3
0.76	0.4
0.77	0.26
0.78	0.34
0.79	0.4
0.8	0.24
0.81	0.08
0.82	0.12
0.83	0.26
0.84	0.12
0.85	0.16
0.86	0.24
0.87	0.26
0.88	0.26
0.89	0.42
0.9	0.1
0.91	0.18
0.92	0.24
0.93	0.34
0.94	0.2
0.95	0.08
0.96	0.18
0.97	0.08
0.98	0.32
0.99	0
1	0
1.01	0
1.02	0
1.03	0
1.04	0
1.05	0
1.06	0
1.07	0
1.08	0
1.09	0
1.1	0
1.11	0
1.12	0
1.13	0
1.14	0
1.15	0
1.16	0
1.17	0
1.18	0
1.19	0
1.2	0
1.21	0
1.22	0
1.23	0
1.24	0
1.25	0
1.26	0
1.27	0
1.28	0
1.29	0
1.3	0
1.31	0
1.32	0
1.33	0
1.34	0
1.35	0
1.36	0
1.37	0
1.38	0
1.39	0
1.4	0
1.41	0
1.42	0
1.43	0
1.44	0
1.45	0
1.46	0
1.47	0
1.48	0
1.49	0
1.5	0
1.51	0
1.52	0
1.53	0
1.54	0
1.55	0
1.56	0
1.57	0
1.58	0
1.59	0
1.6	0
1.61	0
1.62	0
1.63	0
1.64	0
1.65	0
1.66	0
1.67	0
1.68	0
1.69	0
1.7	0
1.71	0
1.72	0
1.73	0
1.74	0
1.75	0
1.76	0
1.77	0
1.78	0
1.79	0
1.8	0
1.81	0
1.82	0
1.83	0
1.84	0
1.85	0
1.86	0
1.87	0
1.88	0
1.89	0
1.9	0
1.91	0
1.92	0
1.93	0
1.94	0
1.95	0
1.96	0
1.97	0
1.98	0
1.99	0
2	0
