-2	0
-1.99	0
-1.98	0
-1.97	0
-1.96	0
-1.95	0
-1.94	0
-1.93	0
-1.92	0
-1.91	0
-1.9	0
-1.89	0
-1.88	0
-1.87	0
-1.86	0
-1.85	0
-1.84	0
-1.83	0
-1.82	0
-1.81	0
-1.8	0
-1.79	0
-1.78	0
-1.77	0
-1.76	0
-1.75	0
-1.74	0
-1.73	0
-1.72	0
-1.71	0
-1.7	0
-1.69	0
-1.68	0
-1.67	0
-1.66	0
-1.65	0
-1.64	0
-1.63	0
-1.62	0
-1.61	0
-1.6	0
-1.59	0
-1.58	0
-1.57	0
-1.56	0
-1.55	0
-1.54	0
-1.53	0
-1.52	0
-1.51	0
-1.5	0
-1.49	0
-1.48	0
-1.47	0
-1.46	0
-1.45	0
-1.44	0
-1.43	0
-1.42	0
-1.41	0
-1.4	0
-1.39	0
-1.38	0
-1.37	0
-1.36	0
-1.35	0
-1.34	0
-1.33	0
-1.32	0
-1.31	0
-1.3	0
-1.29	0
-1.28	0
-1.27	0
-1.26	0
-1.25	0
-1.24	0
-1.23	0
-1.22	0
-1.21	0
-1.2	0
-1.19	0
-1.18	0
-1.17	0
-1.16	0
-1.15	0
-1.14	0
-1.13	0
-1.12	0
-1.11	0
-1.1	0
-1.09	0
-1.08	0
-1.07	0
-1.06	0
-1.05	0
-1.04	0
-1.03	0
-1.02	0
-1.01	0
-1	0
-0.99	0
-0.98	0
-0.97	0
-0.96	0
-0.95	0.04
-0.94	0.02
-0.93	0.02
-0.92	0.04
-0.91	0.06
-0.9	0.2
-0.89	0.08
-0.88	0.08
-0.87	0.28
-0.86	0.18
-0.85	0.2
-0.84	0.18
-0.83	0.12
-0.82	0.22
-0.81	0.18
-0.8	0.2
-0.79	0.16
-0.78	0.18
-0.77	0.32
-0.76	0.32
-0.75	0.24
-0.74	0.2
-0.73	0.3
-0.72	0.26
-0.71	0.3
-0.7	0.42
-0.69	0.5
-0.68	0.32
-0.67	0.58
-0.66	0.68
-0.65	0.48
-0.64	0.52
-0.63	0.74
-0.62	0.86
-0.61	0.72
-0.6	1.04
-0.59	0.84
-0.58	0.8
-0.57	1.08
-0.56	1
-0.55	1.06
-0.54	1.28
-0.53	1.6
-0.52	1.32
-0.51	1.56
-0.5	1.84
-0.49	1.4
-0.48	1.8
-0.47	2.36
-0.46	2.1
-0.45	2.02
-0.44	1.8
-0.43	1.24
-0.42	1.62
-0.41	2.16
-0.4	1.44
-0.39	1.38
-0.38	2
-0.37	2.04
-0.36	1.64
-0.35	1.74
-0.34	1.8
-0.33	1.86
-0.32	1.8
-0.31	1.82
-0.3	1.5
-0.29	2.02
-0.28	2.06
-0.27	2.06
-0.26	1.94
-0.25	2.3
-0.24	2.02
-0.23	2.38
-0.22	2.06
-0.21	1.74
-0.2	2.18
-0.19	2.3
-0.18	2.3
-0.17	2.14
-0.16	2.58
-0.15	2.38
-0.14	2.2
-0.13	2.6
-0.12	2.26
-0.11	2.4
-0.1	2.06
-0.09	2.58
-0.08	2.64
-0.07	2.62
-0.06	2.56
-0.05	2.64
-0.04	2.84
-0.03	2.2
-0.02	2.82
-0.01	2.86
0	2.76
0.01	2.34
0.02	3.04
0.03	2.64
0.04	2.48
0.05	2.1
0.06	2.66
0.07	2.38
0.08	2.56
0.09	2.4
0.1	2.52
0.11	2.14
0.12	2.38
0.13	2.12
0.14	2.54
0.15	2.1
0.16	2.32
0.17	2.48
0.18	1.88
0.19	1.94
0.2	1.9
0.21	2.34
0.22	2.12
0.23	1.96
0.24	2
0.25	1.86
0.26	2.16
0.27	2.08
0.28	1.86
0.29	2.02
0.3	2.3
0.31	2.04
0.32	1.82
0.33	1.56
0.34	1.78
0.35	1.88
0.36	2.22
0.37	2.3
0.38	1.88
0.39	1.74
0.4	1.92
0.41	1.68
0.42	1.64
0.43	2.1
0.44	2.54
0.45	2.14
0.46	2.24
0.47	1.94
0.48	2.1
0.49	1.7
0.5	1.42
0.51	1.18
0.52	1.28
0.53	1.18
0.54	0.9
0.55	1.06
0.56	0.88
0.57	0.96
0.58	0.74
0.59	0.68
0.6	0.7
0.61	0.84
0.62	0.6
0.63	0.88
0.64	0.76
0.65	0.44
0.66	0.5
0.67	0.3
0.68	0.48
0.69	0.34
0.7	0.2
0.71	0.2
0.72	0.38
0.73	0.44
0.74	0.16
0.75	0.3
0.76	0.14
0.77	0.3
0.78	0.22
0.79	0.18
0.8	0.14
0.81	0.22
0.82	0.14
0.83	0.12
0.84	0.12
0.85	0.12
0.86	0.12
0.87	0.24
0.88	0.18
0.89	0.12
0.9	0.04
0.91	0.04
0.92	0.08
0.93	0.08
0.94	0
0.95	0.08
0.96	0
0.97	0
0.98	0.04
0.99	0
1	0
1.01	0
1.02	0
1.03	0
1.04	0
1.05	0
1.06	0
1.07	0
1.08	0
1.09	0
1.1	0
1.11	0
1.12	0
1.13	0
1.14	0
1.15	0
1.16	0
1.17	0
1.18	0
1.19	0
1.2	0
1.21	0
1.22	0
1.23	0
1.24	0
1.25	0
1.26	0
1.27	0
1.28	0
1.29	0
1.3	0
1.31	0
1.32	0
1.33	0
1.34	0
1.35	0
1.36	0
1.37	0
1.38	0
1.39	0
1.4	0
1.41	0
1.42	0
1.43	0
1.44	0
1.45	0
1.46	0
1.47	0
1.48	0
1.49	0
1.5	0
1.51	0
1.52	0
1.53	0
1.54	0
1.55	0
1.56	0
1.57	0
1.58	0
1.59	0
1.6	0
1.61	0
1.62	0
1.63	0
1.64	0
1.65	0
1.66	0
1.67	0
1.68	0
1.69	0
1.7	0
1.71	0
1.72	0
1.73	0
1.74	0
1.75	0
1.76	0
1.77	0
1.78	0
1.79	0
1.8	0
1.81	0
1.82	0
1.83	0
1.84	0
1.85	0
1.86	0
1.87	0
1.88	0
1.89	0
1.9	0
1.91	0
1.92	0
1.93	0
1.94	0
1.95	0
1.96	0
1.97	0
1.98	0
1.99	0
2	0
