-2	0
-1.99	0
-1.98	0
-1.97	0
-1.96	0
-1.95	0
-1.94	0
-1.93	0
-1.92	0
-1.91	0
-1.9	0
-1.89	0
-1.88	0
-1.87	0
-1.86	0
-1.85	0
-1.84	0
-1.83	0
-1.82	0
-1.81	0
-1.8	0
-1.79	0
-1.78	0
-1.77	0
-1.76	0
-1.75	0
-1.74	0
-1.73	0
-1.72	0
-1.71	0
-1.7	0
-1.69	0
-1.68	0
-1.67	0
-1.66	0
-1.65	0
-1.64	0
-1.63	0
-1.62	0
-1.61	0
-1.6	0
-1.59	0
-1.58	0
-1.57	0
-1.56	0
-1.55	0
-1.54	0
-1.53	0
-1.52	0
-1.51	0
-1.5	0
-1.49	0
-1.48	0
-1.47	0
-1.46	0
-1.45	0
-1.44	0
-1.43	0
-1.42	0
-1.41	0
-1.4	0
-1.39	0
-1.38	0
-1.37	0
-1.36	0
-1.35	0
-1.34	0
-1.33	0
-1.32	0
-1.31	0
-1.3	0
-1.29	0
-1.28	0
-1.27	0
-1.26	0
-1.25	0
-1.24	0
-1.23	0
-1.22	0
-1.21	0
-1.2	0
-1.19	0
-1.18	0
-1.17	0
-1.16	0
-1.15	0
-1.14	0
-1.13	0
-1.12	0
-1.11	0
-1.1	0
-1.09	0
-1.08	0
-1.07	0
-1.06	0
-1.05	0
-1.04	0
-1.03	0
-1.02	0
-1.01	0
-1	0.12
-0.99	0.28
-0.98	0.04
-0.97	0.48
-0.96	1.26
-0.95	0.86
-0.94	0.18
-0.93	0.38
-0.92	0.4
-0.91	0.12
-0.9	0.52
-0.89	0.2
-0.88	0.26
-0.87	0.2
-0.86	0.18
-0.85	0.26
-0.84	0.12
-0.83	0.38
-0.82	0.5
-0.81	0.22
-0.8	0.32
-0.79	0.44
-0.78	0.22
-0.77	0.42
-0.76	0.58
-0.75	0.88
-0.74	0.72
-0.73	1.12
-0.72	0.74
-0.71	1.06
-0.7	0.7
-0.69	0.6
-0.68	0.68
-0.67	0.54
-0.66	1
-0.65	1.06
-0.64	0.82
-0.63	1.22
-0.62	1.02
-0.61	1
-0.6	0.76
-0.59	1.52
-0.58	1.1
-0.57	1.08
-0.56	3.12
-0.55	1.64
-0.54	1.7
-0.53	1.72
-0.52	1.82
-0.51	3.38
-0.5	1.86
-0.49	2.38
-0.48	1.6
-0.47	2.42
-0.46	2.1
-0.45	1.9
-0.44	2.44
-0.43	3.08
-0.42	2.38
-0.41	3.4
-0.4	3.16
-0.39	3.42
-0.38	2.42
-0.37	2.98
-0.36	3.24
-0.35	2.06
-0.34	3.22
-0.33	2.98
-0.32	3.12
-0.31	2.16
-0.3	4.48
-0.29	2.16
-0.28	2.88
-0.27	4.7
-0.26	1.44
-0.25	0.98
-0.24	0.92
-0.23	1.1
-0.22	1.2
-0.21	1.06
-0.2	1.02
-0.19	0.48
-0.18	0.66
-0.17	0.46
-0.16	0.7
-0.15	0.56
-0.14	0.68
-0.13	0.56
-0.12	0.54
-0.11	0.6
-0.1	0.64
-0.09	0.6
-0.08	0.66
-0.07	0.64
-0.06	0.86
-0.05	0.68
-0.04	0.96
-0.03	0.84
-0.02	0.84
-0.01	1.12
0	0.7
0.01	0.56
0.02	0.56
0.03	0.72
0.04	0.64
0.05	0.52
0.06	0.92
0.07	0.8
0.08	0.74
0.09	0.7
0.1	0.36
0.11	0.58
0.12	0.56
0.13	1.02
0.14	0.62
0.15	0.56
0.16	0.62
0.17	0.78
0.18	0.88
0.19	0.74
0.2	0.84
0.21	0.98
0.22	0.64
0.23	1.48
0.24	1.52
0.25	3.52
0.26	2.46
0.27	2.22
0.28	4.22
0.29	4.06
0.3	3.32
0.31	2.62
0.32	3.44
0.33	3.66
0.34	3.38
0.35	2.26
0.36	2.44
0.37	2.38
0.38	1.78
0.39	2.92
0.4	2.68
0.41	2.08
0.42	2.48
0.43	1.96
0.44	2.22
0.45	2.82
0.46	2.24
0.47	2.62
0.48	2.44
0.49	2.52
0.5	2.26
0.51	2.82
0.52	1.66
0.53	2.92
0.54	0.76
0.55	1.34
0.56	1.32
0.57	2.02
0.58	1.14
0.59	1.54
0.6	1
0.61	1.24
0.62	0.82
0.63	0.74
0.64	0.78
0.65	0.9
0.66	0.74
0.67	0.58
0.68	0.76
0.69	0.92
0.7	0.68
0.71	0.82
0.72	0.9
0.73	0.3
0.74	0.58
0.75	0.38
0.76	0.34
0.77	0.22
0.78	0.66
0.79	0.72
0.8	0.4
0.81	0.58
0.82	0.62
0.83	0.28
0.84	0.5
0.85	0.72
0.86	0.72
0.87	0.66
0.88	0.28
0.89	0.22
0.9	0.28
0.91	0.2
0.92	0.14
0.93	0.52
0.94	0.14
0.95	0.82
0.96	0.14
0.97	0.16
0.98	0.3
0.99	0.4
1	0
1.01	0
1.02	0
1.03	0
1.04	0
1.05	0
1.06	0
1.07	0
1.08	0
1.09	0
1.1	0
1.11	0
1.12	0
1.13	0
1.14	0
1.15	0
1.16	0
1.17	0
1.18	0
1.19	0
1.2	0
1.21	0
1.22	0
1.23	0
1.24	0
1.25	0
1.26	0
1.27	0
1.28	0
1.29	0
1.3	0
1.31	0
1.32	0
1.33	0
1.34	0
1.35	0
1.36	0
1.37	0
1.38	0
1.39	0
1.4	0
1.41	0
1.42	0
1.43	0
1.44	0
1.45	0
1.46	0
1.47	0
1.48	0
1.49	0
1.5	0
1.51	0
1.52	0
1.53	0
1.54	0
1.55	0
1.56	0
1.57	0
1.58	0
1.59	0
1.6	0
1.61	0
1.62	0
1.63	0
1.64	0
1.65	0
1.66	0
1.67	0
1.68	0
1.69	0
1.7	0
1.71	0
1.72	0
1.73	0
1.74	0
1.75	0
1.76	0
1.77	0
1.78	0
1.79	0
1.8	0
1.81	0
1.82	0
1.83	0
1.84	0
1.85	0
1.86	0
1.87	0
1.88	0
1.89	0
1.9	0
1.91	0
1.92	0
1.93	0
1.94	0
1.95	0
1.96	0
1.97	0
1.98	0
1.99	0
2	0
