-2	0
-1.99	0
-1.98	0
-1.97	0
-1.96	0
-1.95	0
-1.94	0
-1.93	0
-1.92	0
-1.91	0
-1.9	0
-1.89	0
-1.88	0
-1.87	0
-1.86	0
-1.85	0
-1.84	0
-1.83	0
-1.82	0
-1.81	0
-1.8	0
-1.79	0
-1.78	0
-1.77	0
-1.76	0
-1.75	0
-1.74	0
-1.73	0
-1.72	0
-1.71	0
-1.7	0
-1.69	0
-1.68	0
-1.67	0
-1.66	0
-1.65	0
-1.64	0
-1.63	0
-1.62	0
-1.61	0
-1.6	0
-1.59	0
-1.58	0
-1.57	0
-1.56	0
-1.55	0
-1.54	0
-1.53	0
-1.52	0
-1.51	0
-1.5	0
-1.49	0
-1.48	0
-1.47	0
-1.46	0
-1.45	0
-1.44	0
-1.43	0
-1.42	0
-1.41	0
-1.4	0
-1.39	0
-1.38	0
-1.37	0
-1.36	0
-1.35	0
-1.34	0
-1.33	0
-1.32	0
-1.31	0
-1.3	0
-1.29	0
-1.28	0
-1.27	0
-1.26	0
-1.25	0
-1.24	0
-1.23	0
-1.22	0
-1.21	0
-1.2	0
-1.19	0
-1.18	0
-1.17	0
-1.16	0
-1.15	0
-1.14	0
-1.13	0
-1.12	0
-1.11	0
-1.1	0
-1.09	0
-1.08	0
-1.07	0
-1.06	0
-1.05	0
-1.04	0
-1.03	0
-1.02	0
-1.01	0
-1	1.28
-0.99	1.1
-0.98	0
-0.97	0
-0.96	0
-0.95	0
-0.94	0
-0.93	0
-0.92	0.64
-0.91	0.64
-0.9	0
-0.89	0.32
-0.88	1.9
-0.87	0.24
-0.86	2.5
-0.85	0.02
-0.84	1.94
-0.83	0.2
-0.82	0.08
-0.81	0.2
-0.8	0.08
-0.79	0.02
-0.78	0.24
-0.77	0.34
-0.76	0.12
-0.75	0.7
-0.74	0
-0.73	0.08
-0.72	1.28
-0.71	0.3
-0.7	0.58
-0.69	0.06
-0.68	0.28
-0.67	1.38
-0.66	1.5
-0.65	0.2
-0.64	0.54
-0.63	0.42
-0.62	1.14
-0.61	1.16
-0.6	0.18
-0.59	0.34
-0.58	1.7
-0.57	0.36
-0.56	0.22
-0.55	0.36
-0.54	0.04
-0.53	0
-0.52	0.12
-0.51	0.04
-0.5	0.08
-0.49	0.62
-0.48	0.72
-0.47	0.64
-0.46	0
-0.45	0.48
-0.44	1.26
-0.43	1.42
-0.42	0.7
-0.41	0.08
-0.4	0.2
-0.39	0.98
-0.38	0.8
-0.37	1.66
-0.36	2.8
-0.35	0.92
-0.34	0.92
-0.33	0.4
-0.32	0.48
-0.31	1.84
-0.3	0.24
-0.29	0.16
-0.28	3.12
-0.27	0.42
-0.26	3.3
-0.25	0.58
-0.24	2.26
-0.23	2.78
-0.22	4.22
-0.21	3.84
-0.2	0.06
-0.19	8.26
-0.18	8.18
-0.17	8.54
-0.16	9.68
-0.15	7.76
-0.14	9.6
-0.13	6.54
-0.12	3.4
-0.11	0
-0.1	0.4
-0.09	0.6
-0.08	0.02
-0.07	0.32
-0.06	0.02
-0.05	0.08
-0.04	0.04
-0.03	0.04
-0.02	0.34
-0.01	0
0	0
0.01	0.16
0.02	0
0.03	0
0.04	0
0.05	0.36
0.06	0
0.07	0.2
0.08	0.72
0.09	0.08
0.1	0.1
0.11	5.36
0.12	6.94
0.13	9.48
0.14	10.7
0.15	8.8
0.16	8.76
0.17	7.76
0.18	6.4
0.19	0.8
0.2	2.04
0.21	4.6
0.22	1.34
0.23	3
0.24	1.42
0.25	3.2
0.26	2.26
0.27	2.24
0.28	0
0.29	0
0.3	2.38
0.31	1.02
0.32	0
0.33	0.02
0.34	1.14
0.35	2.9
0.36	1.52
0.37	0.8
0.38	0
0.39	0.02
0.4	0.34
0.41	0.34
0.42	2.54
0.43	0.88
0.44	0.72
0.45	1.28
0.46	0.16
0.47	0.08
0.48	0
0.49	0.7
0.5	0.4
0.51	0.12
0.52	0.08
0.53	0.22
0.54	0.52
0.55	0.36
0.56	0
0.57	1.82
0.58	0.12
0.59	0.26
0.6	0.28
0.61	1.24
0.62	0.72
0.63	0.52
0.64	0.88
0.65	0.24
0.66	1.28
0.67	0.64
0.68	0.02
0.69	0.04
0.7	0
0.71	1.32
0.72	0.1
0.73	0.58
0.74	0
0.75	0.04
0.76	0.04
0.77	0
0.78	0.04
0.79	0.44
0.8	0.78
0.81	0.1
0.82	0.1
0.83	1.92
0.84	0.04
0.85	2.86
0.86	0.28
0.87	0.96
0.88	0.64
0.89	0.32
0.9	0.64
0.91	0.64
0.92	0
0.93	0
0.94	0.64
0.95	0
0.96	0
0.97	0
0.98	1.28
0.99	1.28
1	0
1.01	0
1.02	0
1.03	0
1.04	0
1.05	0
1.06	0
1.07	0
1.08	0
1.09	0
1.1	0
1.11	0
1.12	0
1.13	0
1.14	0
1.15	0
1.16	0
1.17	0
1.18	0
1.19	0
1.2	0
1.21	0
1.22	0
1.23	0
1.24	0
1.25	0
1.26	0
1.27	0
1.28	0
1.29	0
1.3	0
1.31	0
1.32	0
1.33	0
1.34	0
1.35	0
1.36	0
1.37	0
1.38	0
1.39	0
1.4	0
1.41	0
1.42	0
1.43	0
1.44	0
1.45	0
1.46	0
1.47	0
1.48	0
1.49	0
1.5	0
1.51	0
1.52	0
1.53	0
1.54	0
1.55	0
1.56	0
1.57	0
1.58	0
1.59	0
1.6	0
1.61	0
1.62	0
1.63	0
1.64	0
1.65	0
1.66	0
1.67	0
1.68	0
1.69	0
1.7	0
1.71	0
1.72	0
1.73	0
1.74	0
1.75	0
1.76	0
1.77	0
1.78	0
1.79	0
1.8	0
1.81	0
1.82	0
1.83	0
1.84	0
1.85	0
1.86	0
1.87	0
1.88	0
1.89	0
1.9	0
1.91	0
1.92	0
1.93	0
1.94	0
1.95	0
1.96	0
1.97	0
1.98	0
1.99	0
2	0
