-2	0
-1.99	0
-1.98	0
-1.97	0
-1.96	0
-1.95	0
-1.94	0
-1.93	0
-1.92	0
-1.91	0
-1.9	0
-1.89	0
-1.88	0
-1.87	0
-1.86	0
-1.85	0
-1.84	0
-1.83	0
-1.82	0
-1.81	0
-1.8	0
-1.79	0
-1.78	0
-1.77	0
-1.76	0
-1.75	0
-1.74	0
-1.73	0
-1.72	0
-1.71	0
-1.7	0
-1.69	0
-1.68	0
-1.67	0
-1.66	0
-1.65	0
-1.64	0
-1.63	0
-1.62	0
-1.61	0
-1.6	0
-1.59	0
-1.58	0
-1.57	0
-1.56	0
-1.55	0
-1.54	0
-1.53	0
-1.52	0
-1.51	0
-1.5	0
-1.49	0
-1.48	0
-1.47	0
-1.46	0
-1.45	0
-1.44	0
-1.43	0
-1.42	0
-1.41	0
-1.4	0
-1.39	0
-1.38	0
-1.37	0
-1.36	0
-1.35	0
-1.34	0
-1.33	0
-1.32	0
-1.31	0
-1.3	0
-1.29	0
-1.28	0
-1.27	0
-1.26	0
-1.25	0
-1.24	0
-1.23	0
-1.22	0
-1.21	0
-1.2	0
-1.19	0
-1.18	0
-1.17	0
-1.16	0
-1.15	0
-1.14	0
-1.13	0
-1.12	0
-1.11	0
-1.1	0
-1.09	0
-1.08	0
-1.07	0
-1.06	0
-1.05	0
-1.04	0
-1.03	0
-1.02	0
-1.01	0
-1	0
-0.99	0.12
-0.98	0.04
-0.97	0
-0.96	0.12
-0.95	0.04
-0.94	0.08
-0.93	0.06
-0.92	0.06
-0.91	0.02
-0.9	0.14
-0.89	0.1
-0.88	0.12
-0.87	0.1
-0.86	0.06
-0.85	0.1
-0.84	0.16
-0.83	0.22
-0.82	0.16
-0.81	0.14
-0.8	0.12
-0.79	0.12
-0.78	0.08
-0.77	0.16
-0.76	0.1
-0.75	0.42
-0.74	0.44
-0.73	0.42
-0.72	0.32
-0.71	0.32
-0.7	0.46
-0.69	0.48
-0.68	0.4
-0.67	0.7
-0.66	0.56
-0.65	0.44
-0.64	0.7
-0.63	0.62
-0.62	0.62
-0.61	0.7
-0.6	0.52
-0.59	1
-0.58	0.84
-0.57	0.78
-0.56	1.1
-0.55	0.94
-0.54	1.22
-0.53	0.92
-0.52	0.88
-0.51	0.96
-0.5	0.86
-0.49	0.78
-0.48	1.1
-0.47	0.8
-0.46	1.1
-0.45	1.24
-0.44	0.98
-0.43	1.42
-0.42	1.14
-0.41	1.34
-0.4	1.52
-0.39	1.46
-0.38	1.14
-0.37	1.04
-0.36	1.12
-0.35	0.98
-0.34	1.22
-0.33	0.76
-0.32	0.56
-0.31	0.62
-0.3	0.74
-0.29	0.68
-0.28	0.68
-0.27	0.82
-0.26	0.74
-0.25	0.94
-0.24	0.78
-0.23	0.74
-0.22	0.84
-0.21	0.66
-0.2	1.02
-0.19	0.8
-0.18	0.72
-0.17	0.8
-0.16	0.7
-0.15	0.82
-0.14	0.82
-0.13	0.6
-0.12	0.78
-0.11	0.68
-0.1	0.68
-0.09	0.82
-0.08	0.66
-0.07	1.1
-0.06	0.8
-0.05	0.74
-0.04	0.72
-0.03	0.78
-0.02	0.76
-0.01	0.64
0	0.98
0.01	0.68
0.02	0.72
0.03	0.66
0.04	0.82
0.05	0.86
0.06	0.72
0.07	0.76
0.08	1
0.09	0.82
0.1	0.8
0.11	0.78
0.12	0.74
0.13	0.96
0.14	0.8
0.15	0.76
0.16	0.7
0.17	0.72
0.18	0.88
0.19	0.7
0.2	1
0.21	0.82
0.22	0.92
0.23	0.82
0.24	0.64
0.25	0.74
0.26	0.58
0.27	0.76
0.28	0.86
0.29	0.68
0.3	0.66
0.31	0.56
0.32	0.72
0.33	0.74
0.34	0.84
0.35	0.98
0.36	1.22
0.37	1.1
0.38	1.28
0.39	1.28
0.4	1.1
0.41	1.5
0.42	1.42
0.43	0.9
0.44	0.7
0.45	1.26
0.46	0.96
0.47	0.86
0.48	0.94
0.49	1.02
0.5	1
0.51	0.82
0.52	1.08
0.53	0.86
0.54	1
0.55	0.58
0.56	0.7
0.57	0.84
0.58	0.64
0.59	0.48
0.6	0.66
0.61	0.58
0.62	0.5
0.63	0.64
0.64	0.72
0.65	0.5
0.66	0.46
0.67	0.68
0.68	0.34
0.69	0.32
0.7	0.32
0.71	0.42
0.72	0.4
0.73	0.42
0.74	0.42
0.75	0.26
0.76	0.36
0.77	0.26
0.78	0.08
0.79	0.3
0.8	0.38
0.81	0.24
0.82	0.16
0.83	0.2
0.84	0.18
0.85	0.22
0.86	0.16
0.87	0.18
0.88	0.22
0.89	0.1
0.9	0.04
0.91	0.26
0.92	0.2
0.93	0.04
0.94	0.02
0.95	0.04
0.96	0.08
0.97	0.14
0.98	0.2
0.99	0.16
1	0
1.01	0
1.02	0
1.03	0
1.04	0
1.05	0
1.06	0
1.07	0
1.08	0
1.09	0
1.1	0
1.11	0
1.12	0
1.13	0
1.14	0
1.15	0
1.16	0
1.17	0
1.18	0
1.19	0
1.2	0
1.21	0
1.22	0
1.23	0
1.24	0
1.25	0
1.26	0
1.27	0
1.28	0
1.29	0
1.3	0
1.31	0
1.32	0
1.33	0
1.34	0
1.35	0
1.36	0
1.37	0
1.38	0
1.39	0
1.4	0
1.41	0
1.42	0
1.43	0
1.44	0
1.45	0
1.46	0
1.47	0
1.48	0
1.49	0
1.5	0
1.51	0
1.52	0
1.53	0
1.54	0
1.55	0
1.56	0
1.57	0
1.58	0
1.59	0
1.6	0
1.61	0
1.62	0
1.63	0
1.64	0
1.65	0
1.66	0
1.67	0
1.68	0
1.69	0
1.7	0
1.71	0
1.72	0
1.73	0
1.74	0
1.75	0
1.76	0
1.77	0
1.78	0
1.79	0
1.8	0
1.81	0
1.82	0
1.83	0
1.84	0
1.85	0
1.86	0
1.87	0
1.88	0
1.89	0
1.9	0
1.91	0
1.92	0
1.93	0
1.94	0
1.95	0
1.96	0
1.97	0
1.98	0
1.99	0
2	0
