-2	0
-1.99	0
-1.98	0
-1.97	0
-1.96	0
-1.95	0
-1.94	0
-1.93	0
-1.92	0
-1.91	0
-1.9	0
-1.89	0
-1.88	0
-1.87	0
-1.86	0
-1.85	0
-1.84	0
-1.83	0
-1.82	0
-1.81	0
-1.8	0
-1.79	0
-1.78	0
-1.77	0
-1.76	0
-1.75	0
-1.74	0
-1.73	0
-1.72	0
-1.71	0
-1.7	0
-1.69	0
-1.68	0
-1.67	0
-1.66	0
-1.65	0
-1.64	0
-1.63	0
-1.62	0
-1.61	0
-1.6	0
-1.59	0
-1.58	0
-1.57	0
-1.56	0
-1.55	0
-1.54	0
-1.53	0
-1.52	0
-1.51	0
-1.5	0
-1.49	0
-1.48	0
-1.47	0
-1.46	0
-1.45	0
-1.44	0
-1.43	0
-1.42	0
-1.41	0
-1.4	0
-1.39	0
-1.38	0
-1.37	0
-1.36	0
-1.35	0
-1.34	0
-1.33	0
-1.32	0
-1.31	0
-1.3	0
-1.29	0
-1.28	0
-1.27	0
-1.26	0
-1.25	0
-1.24	0
-1.23	0
-1.22	0
-1.21	0
-1.2	0
-1.19	0
-1.18	0
-1.17	0
-1.16	0
-1.15	0
-1.14	0
-1.13	0
-1.12	0
-1.11	0
-1.1	0
-1.09	0
-1.08	0
-1.07	0
-1.06	0
-1.05	0
-1.04	0
-1.03	0
-1.02	0
-1.01	0
-1	1.28
-0.99	1.02
-0.98	0.08
-0.97	0
-0.96	0
-0.95	0
-0.94	0.06
-0.93	1.32
-0.92	0.04
-0.91	0
-0.9	0
-0.89	0.94
-0.88	3.42
-0.87	0.44
-0.86	0.62
-0.85	0
-0.84	0.82
-0.83	0.44
-0.82	0.32
-0.81	0.08
-0.8	0
-0.79	0
-0.78	0.26
-0.77	0.12
-0.76	0.24
-0.75	0.66
-0.74	1.32
-0.73	0.34
-0.72	0.32
-0.71	0.04
-0.7	0.26
-0.69	0.2
-0.68	0.48
-0.67	0.78
-0.66	1.46
-0.65	1.64
-0.64	1.06
-0.63	0.46
-0.62	0.72
-0.61	0.3
-0.6	0.14
-0.59	1.36
-0.58	0.52
-0.57	0.44
-0.56	0.06
-0.55	0.3
-0.54	0.1
-0.53	0
-0.52	0.02
-0.51	0.62
-0.5	0.66
-0.49	0.66
-0.48	0
-0.47	0.48
-0.46	0.12
-0.45	0.32
-0.44	2.94
-0.43	0.44
-0.42	0.14
-0.41	0.04
-0.4	1.16
-0.39	0.76
-0.38	1.36
-0.37	2.88
-0.36	1.6
-0.35	0.24
-0.34	0.06
-0.33	0.98
-0.32	0.98
-0.31	1.08
-0.3	0.08
-0.29	1.86
-0.28	1.56
-0.27	3.36
-0.26	0.42
-0.25	2.34
-0.24	2.56
-0.23	4.38
-0.22	4.14
-0.21	0.02
-0.2	6.94
-0.19	8.9
-0.18	7.78
-0.17	7.4
-0.16	6.68
-0.15	8.3
-0.14	8.34
-0.13	7.26
-0.12	1.3
-0.11	0.82
-0.1	0.08
-0.09	0
-0.08	0
-0.07	0.02
-0.06	0.14
-0.05	0
-0.04	0
-0.03	0
-0.02	0
-0.01	0
0	0
0.01	0.04
0.02	0.14
0.03	0.06
0.04	0.06
0.05	0.04
0.06	0.34
0.07	0.64
0.08	0.04
0.09	0.12
0.1	0.1
0.11	2.98
0.12	5.44
0.13	8.24
0.14	10.98
0.15	8.48
0.16	11.48
0.17	4
0.18	8
0.19	5.22
0.2	0.34
0.21	2.92
0.22	3.8
0.23	1
0.24	2.68
0.25	2.46
0.26	2.56
0.27	1.92
0.28	2.56
0.29	0
0.3	0.66
0.31	1.42
0.32	0.64
0.33	0.64
0.34	0.26
0.35	1.46
0.36	2.6
0.37	1.46
0.38	0.8
0.39	0.02
0.4	0.24
0.41	0
0.42	0.82
0.43	2.4
0.44	0.68
0.45	0
0.46	0.68
0.47	1.9
0.48	0.1
0.49	0.08
0.5	0.04
0.51	0.1
0.52	1.08
0.53	0.02
0.54	0.62
0.55	0.38
0.56	0.08
0.57	0.08
0.58	1.24
0.59	0.24
0.6	0.06
0.61	0.2
0.62	0.42
0.63	0.38
0.64	1.58
0.65	1.22
0.66	1.34
0.67	0.48
0.68	0.32
0.69	0.04
0.7	0
0.71	0.04
0.72	0.02
0.73	1.34
0.74	0.5
0.75	0.14
0.76	0
0.77	0.06
0.78	0.18
0.79	0.36
0.8	0.08
0.81	0.52
0.82	0.48
0.83	1.66
0.84	0
0.85	0.32
0.86	0.28
0.87	2.58
0.88	1.88
0.89	0
0.9	0
0.91	0
0.92	1.28
0.93	0.62
0.94	0.08
0.95	0
0.96	0
0.97	0
0.98	1.2
0.99	1.28
1	0
1.01	0
1.02	0
1.03	0
1.04	0
1.05	0
1.06	0
1.07	0
1.08	0
1.09	0
1.1	0
1.11	0
1.12	0
1.13	0
1.14	0
1.15	0
1.16	0
1.17	0
1.18	0
1.19	0
1.2	0
1.21	0
1.22	0
1.23	0
1.24	0
1.25	0
1.26	0
1.27	0
1.28	0
1.29	0
1.3	0
1.31	0
1.32	0
1.33	0
1.34	0
1.35	0
1.36	0
1.37	0
1.38	0
1.39	0
1.4	0
1.41	0
1.42	0
1.43	0
1.44	0
1.45	0
1.46	0
1.47	0
1.48	0
1.49	0
1.5	0
1.51	0
1.52	0
1.53	0
1.54	0
1.55	0
1.56	0
1.57	0
1.58	0
1.59	0
1.6	0
1.61	0
1.62	0
1.63	0
1.64	0
1.65	0
1.66	0
1.67	0
1.68	0
1.69	0
1.7	0
1.71	0
1.72	0
1.73	0
1.74	0
1.75	0
1.76	0
1.77	0
1.78	0
1.79	0
1.8	0
1.81	0
1.82	0
1.83	0
1.84	0
1.85	0
1.86	0
1.87	0
1.88	0
1.89	0
1.9	0
1.91	0
1.92	0
1.93	0
1.94	0
1.95	0
1.96	0
1.97	0
1.98	0
1.99	0
2	0
