-2	0
-1.99	0
-1.98	0
-1.97	0
-1.96	0
-1.95	0
-1.94	0
-1.93	0
-1.92	0
-1.91	0
-1.9	0
-1.89	0
-1.88	0
-1.87	0
-1.86	0
-1.85	0
-1.84	0
-1.83	0
-1.82	0
-1.81	0
-1.8	0
-1.79	0
-1.78	0
-1.77	0
-1.76	0
-1.75	0
-1.74	0
-1.73	0
-1.72	0
-1.71	0
-1.7	0
-1.69	0
-1.68	0
-1.67	0
-1.66	0
-1.65	0
-1.64	0
-1.63	0
-1.62	0
-1.61	0
-1.6	0
-1.59	0
-1.58	0
-1.57	0
-1.56	0
-1.55	0
-1.54	0
-1.53	0
-1.52	0
-1.51	0
-1.5	0
-1.49	0
-1.48	0
-1.47	0
-1.46	0
-1.45	0
-1.44	0
-1.43	0
-1.42	0
-1.41	0
-1.4	0
-1.39	0
-1.38	0
-1.37	0
-1.36	0
-1.35	0
-1.34	0
-1.33	0
-1.32	0
-1.31	0
-1.3	0
-1.29	0
-1.28	0
-1.27	0
-1.26	0
-1.25	0
-1.24	0
-1.23	0
-1.22	0
-1.21	0
-1.2	0
-1.19	0
-1.18	0
-1.17	0
-1.16	0
-1.15	0
-1.14	0
-1.13	0
-1.12	0
-1.11	0
-1.1	0
-1.09	0
-1.08	0
-1.07	0
-1.06	0
-1.05	0
-1.04	0
-1.03	0
-1.02	0
-1.01	0
-1	0
-0.99	0
-0.98	0
-0.97	0.62
-0.96	0
-0.95	0
-0.94	0
-0.93	0.16
-0.92	0.16
-0.91	0
-0.9	0.3
-0.89	0
-0.88	0
-0.87	0
-0.86	0
-0.85	0.64
-0.84	0
-0.83	0
-0.82	0.48
-0.81	0.48
-0.8	0.24
-0.79	0
-0.78	0.74
-0.77	0.4
-0.76	0.08
-0.75	0.3
-0.74	0.08
-0.73	0.4
-0.72	0.04
-0.71	0.02
-0.7	0
-0.69	0
-0.68	0
-0.67	0
-0.66	0.02
-0.65	0.04
-0.64	0.06
-0.63	0.06
-0.62	0.08
-0.61	0.16
-0.6	0.02
-0.59	0.8
-0.58	0.64
-0.57	0.78
-0.56	0.52
-0.55	0.22
-0.54	0.32
-0.53	0.1
-0.52	0.24
-0.51	0.46
-0.5	0.02
-0.49	0
-0.48	0
-0.47	0
-0.46	0.68
-0.45	0.1
-0.44	0.4
-0.43	0.62
-0.42	0.5
-0.41	0.36
-0.4	0.66
-0.39	0.36
-0.38	1.02
-0.37	0.58
-0.36	0.58
-0.35	0.72
-0.34	1
-0.33	0.78
-0.32	1.66
-0.31	1.34
-0.3	0.42
-0.29	0.3
-0.28	1.36
-0.27	2.06
-0.26	0.62
-0.25	0.8
-0.24	2.14
-0.23	1.94
-0.22	2.5
-0.21	0.34
-0.2	1.76
-0.19	2.16
-0.18	2.74
-0.17	3.24
-0.16	6.42
-0.15	4.16
-0.14	2.36
-0.13	2.22
-0.12	4.06
-0.11	0.4
-0.1	0.02
-0.09	0.02
-0.08	0.02
-0.07	0
-0.06	0
-0.05	0
-0.04	0.06
-0.03	0
-0.02	0
-0.01	0
0	0
0.01	0
0.02	0
0.03	0
0.04	0.02
0.05	0
0.06	0
0.07	0.02
0.08	0
0.09	0
0.1	0.02
0.11	4.32
0.12	2.94
0.13	2.3
0.14	4.96
0.15	5.94
0.16	2.94
0.17	2.54
0.18	2.54
0.19	0.96
0.2	0.32
0.21	2.72
0.22	3.36
0.23	1.2
0.24	0
0.25	1.16
0.26	1.92
0.27	1.24
0.28	0.76
0.29	0.34
0.3	1.92
0.31	0.68
0.32	0.72
0.33	0.74
0.34	1.08
0.35	0.5
0.36	1.2
0.37	1.26
0.38	0.34
0.39	1.02
0.4	0.52
0.41	0.06
0.42	0.48
0.43	0.2
0.44	0.24
0.45	0.32
0.46	0.22
0.47	0.02
0.48	0.32
0.49	0
0.5	0.4
0.51	0
0.52	0.4
0.53	0.18
0.54	0.22
0.55	0.16
0.56	0.76
0.57	0.68
0.58	0.72
0.59	0
0.6	0.08
0.61	0
0.62	0
0.63	0
0.64	0.16
0.65	0
0.66	0
0.67	0.02
0.68	0
0.69	0.32
0.7	0.02
0.71	0
0.72	0.32
0.73	0
0.74	0.16
0.75	0.18
0.76	0.46
0.77	0.32
0.78	0.2
0.79	0
0.8	0.56
0.81	0.8
0.82	0.64
0.83	0.08
0.84	0.72
0.85	0
0.86	0
0.87	0.04
0.88	0
0.89	0.24
0.9	0
0.91	0
0.92	0
0.93	0
0.94	0
0.95	0
0.96	0.64
0.97	0
0.98	0
0.99	0
1	0
1.01	0
1.02	0
1.03	0
1.04	0
1.05	0
1.06	0
1.07	0
1.08	0
1.09	0
1.1	0
1.11	0
1.12	0
1.13	0
1.14	0
1.15	0
1.16	0
1.17	0
1.18	0
1.19	0
1.2	0
1.21	0
1.22	0
1.23	0
1.24	0
1.25	0
1.26	0
1.27	0
1.28	0
1.29	0
1.3	0
1.31	0
1.32	0
1.33	0
1.34	0
1.35	0
1.36	0
1.37	0
1.38	0
1.39	0
1.4	0
1.41	0
1.42	0
1.43	0
1.44	0
1.45	0
1.46	0
1.47	0
1.48	0
1.49	0
1.5	0
1.51	0
1.52	0
1.53	0
1.54	0
1.55	0
1.56	0
1.57	0
1.58	0
1.59	0
1.6	0
1.61	0
1.62	0
1.63	0
1.64	0
1.65	0
1.66	0
1.67	0
1.68	0
1.69	0
1.7	0
1.71	0
1.72	0
1.73	0
1.74	0
1.75	0
1.76	0
1.77	0
1.78	0
1.79	0
1.8	0
1.81	0
1.82	0
1.83	0
1.84	0
1.85	0
1.86	0
1.87	0
1.88	0
1.89	0
1.9	0
1.91	0
1.92	0
1.93	0
1.94	0
1.95	0
1.96	0
1.97	0
1.98	0
1.99	0
2	0
