-2	0
-1.99	0
-1.98	0
-1.97	0
-1.96	0
-1.95	0
-1.94	0
-1.93	0
-1.92	0
-1.91	0
-1.9	0
-1.89	0
-1.88	0
-1.87	0
-1.86	0
-1.85	0
-1.84	0
-1.83	0
-1.82	0
-1.81	0
-1.8	0
-1.79	0
-1.78	0
-1.77	0
-1.76	0
-1.75	0
-1.74	0
-1.73	0
-1.72	0
-1.71	0
-1.7	0
-1.69	0
-1.68	0
-1.67	0
-1.66	0
-1.65	0
-1.64	0
-1.63	0
-1.62	0
-1.61	0
-1.6	0
-1.59	0
-1.58	0
-1.57	0
-1.56	0
-1.55	0
-1.54	0
-1.53	0
-1.52	0
-1.51	0
-1.5	0
-1.49	0
-1.48	0
-1.47	0
-1.46	0
-1.45	0
-1.44	0
-1.43	0
-1.42	0
-1.41	0
-1.4	0
-1.39	0
-1.38	0
-1.37	0
-1.36	0
-1.35	0
-1.34	0
-1.33	0
-1.32	0
-1.31	0
-1.3	0
-1.29	0
-1.28	0
-1.27	0
-1.26	0
-1.25	0
-1.24	0
-1.23	0
-1.22	0
-1.21	0
-1.2	0
-1.19	0
-1.18	0
-1.17	0
-1.16	0
-1.15	0
-1.14	0
-1.13	0
-1.12	0
-1.11	0
-1.1	0
-1.09	0
-1.08	0
-1.07	0
-1.06	0
-1.05	0
-1.04	0
-1.03	0
-1.02	0
-1.01	0
-1	0
-0.99	1.28
-0.98	0.96
-0.97	1.18
-0.96	2
-0.95	0.1
-0.94	0.2
-0.93	0.7
-0.92	0.22
-0.91	0
-0.9	0
-0.89	0
-0.88	0
-0.87	0.24
-0.86	1.5
-0.85	0.28
-0.84	1.34
-0.83	0.96
-0.82	0.86
-0.81	0.16
-0.8	0.3
-0.79	0.36
-0.78	0.04
-0.77	0.66
-0.76	1.7
-0.75	0.1
-0.74	0.1
-0.73	0.2
-0.72	0.32
-0.71	0.16
-0.7	0.18
-0.69	1.18
-0.68	1.64
-0.67	0.24
-0.66	0.66
-0.65	0.04
-0.64	0.86
-0.63	0.14
-0.62	0.18
-0.61	1.42
-0.6	0.64
-0.59	1.4
-0.58	0.36
-0.57	0.32
-0.56	0.04
-0.55	0.5
-0.54	0.12
-0.53	0.12
-0.52	0.64
-0.51	0.5
-0.5	0.22
-0.49	0.08
-0.48	0.3
-0.47	2.5
-0.46	0.44
-0.45	0.56
-0.44	0.18
-0.43	1.08
-0.42	0.58
-0.41	1.64
-0.4	2.36
-0.39	0.22
-0.38	0.58
-0.37	1
-0.36	0.54
-0.35	0.78
-0.34	1.56
-0.33	2.9
-0.32	1.42
-0.31	2.42
-0.3	1.92
-0.29	1.74
-0.28	1.84
-0.27	3.16
-0.26	2.38
-0.25	2.16
-0.24	4.58
-0.23	7.5
-0.22	4.28
-0.21	3.62
-0.2	10.38
-0.19	4.66
-0.18	5.96
-0.17	6.52
-0.16	6.06
-0.15	7.66
-0.14	2.36
-0.13	0.34
-0.12	0.14
-0.11	0.18
-0.1	0.04
-0.09	0.22
-0.08	0.26
-0.07	0.02
-0.06	0
-0.05	0.04
-0.04	0.06
-0.03	0.04
-0.02	0
-0.01	0.02
0	0.12
0.01	0
0.02	0.02
0.03	0.1
0.04	0.7
0.05	0
0.06	0.02
0.07	0.04
0.08	0.4
0.09	0
0.1	0.1
0.11	0.5
0.12	0.38
0.13	2.64
0.14	5.4
0.15	5.9
0.16	11.04
0.17	6.72
0.18	6.12
0.19	8.94
0.2	4.4
0.21	3.38
0.22	6.78
0.23	3.78
0.24	0.68
0.25	0.84
0.26	3.66
0.27	2.46
0.28	1.94
0.29	2.26
0.3	3.44
0.31	0.88
0.32	1.96
0.33	1.04
0.34	3.06
0.35	0.36
0.36	0.02
0.37	0.62
0.38	0.8
0.39	2.92
0.4	1.3
0.41	0.16
0.42	1.7
0.43	0.44
0.44	0.12
0.45	0.18
0.46	2.72
0.47	0.04
0.48	0.08
0.49	0.18
0.5	0.32
0.51	0.64
0.52	0.28
0.53	0.2
0.54	0.56
0.55	0.5
0.56	0.94
0.57	0.66
0.58	0.02
0.59	0.12
0.6	0.82
0.61	0.6
0.62	0.66
0.63	0.14
0.64	0.06
0.65	0.36
0.66	0.76
0.67	0.98
0.68	1.28
0.69	0.36
0.7	0.1
0.71	0.22
0.72	0.28
0.73	0.3
0.74	0.66
0.75	0.66
0.76	0.94
0.77	0.14
0.78	0.04
0.79	0.06
0.8	0.16
0.81	0.5
0.82	1.46
0.83	1.36
0.84	0.1
0.85	1.14
0.86	1.16
0.87	0.62
0.88	0
0.89	0.02
0.9	0
0.91	0
0.92	0.6
0.93	0
0.94	1.34
0.95	1.58
0.96	0.82
0.97	1.26
0.98	1.28
0.99	0
1	0
1.01	0
1.02	0
1.03	0
1.04	0
1.05	0
1.06	0
1.07	0
1.08	0
1.09	0
1.1	0
1.11	0
1.12	0
1.13	0
1.14	0
1.15	0
1.16	0
1.17	0
1.18	0
1.19	0
1.2	0
1.21	0
1.22	0
1.23	0
1.24	0
1.25	0
1.26	0
1.27	0
1.28	0
1.29	0
1.3	0
1.31	0
1.32	0
1.33	0
1.34	0
1.35	0
1.36	0
1.37	0
1.38	0
1.39	0
1.4	0
1.41	0
1.42	0
1.43	0
1.44	0
1.45	0
1.46	0
1.47	0
1.48	0
1.49	0
1.5	0
1.51	0
1.52	0
1.53	0
1.54	0
1.55	0
1.56	0
1.57	0
1.58	0
1.59	0
1.6	0
1.61	0
1.62	0
1.63	0
1.64	0
1.65	0
1.66	0
1.67	0
1.68	0
1.69	0
1.7	0
1.71	0
1.72	0
1.73	0
1.74	0
1.75	0
1.76	0
1.77	0
1.78	0
1.79	0
1.8	0
1.81	0
1.82	0
1.83	0
1.84	0
1.85	0
1.86	0
1.87	0
1.88	0
1.89	0
1.9	0
1.91	0
1.92	0
1.93	0
1.94	0
1.95	0
1.96	0
1.97	0
1.98	0
1.99	0
2	0
