-2	0
-1.99	0
-1.98	0
-1.97	0
-1.96	0
-1.95	0
-1.94	0
-1.93	0
-1.92	0
-1.91	0
-1.9	0
-1.89	0
-1.88	0
-1.87	0
-1.86	0
-1.85	0
-1.84	0
-1.83	0
-1.82	0
-1.81	0
-1.8	0
-1.79	0
-1.78	0
-1.77	0
-1.76	0
-1.75	0
-1.74	0
-1.73	0
-1.72	0
-1.71	0
-1.7	0
-1.69	0
-1.68	0
-1.67	0
-1.66	0
-1.65	0
-1.64	0
-1.63	0
-1.62	0
-1.61	0
-1.6	0
-1.59	0
-1.58	0
-1.57	0
-1.56	0
-1.55	0
-1.54	0
-1.53	0
-1.52	0
-1.51	0
-1.5	0
-1.49	0
-1.48	0
-1.47	0
-1.46	0
-1.45	0
-1.44	0
-1.43	0
-1.42	0
-1.41	0
-1.4	0
-1.39	0
-1.38	0
-1.37	0
-1.36	0
-1.35	0
-1.34	0
-1.33	0
-1.32	0
-1.31	0
-1.3	0
-1.29	0
-1.28	0
-1.27	0
-1.26	0
-1.25	0
-1.24	0
-1.23	0
-1.22	0
-1.21	0
-1.2	0
-1.19	0
-1.18	0
-1.17	0
-1.16	0
-1.15	0
-1.14	0
-1.13	0
-1.12	0
-1.11	0
-1.1	0
-1.09	0
-1.08	0
-1.07	0
-1.06	0
-1.05	0
-1.04	0
-1.03	0
-1.02	0
-1.01	0
-1	1.26
-0.99	1.28
-0.98	0
-0.97	0
-0.96	0
-0.95	0
-0.94	0
-0.93	0
-0.92	0.64
-0.91	0
-0.9	0.48
-0.89	1.42
-0.88	0
-0.87	0
-0.86	1.28
-0.85	1.28
-0.84	0
-0.83	0.16
-0.82	0
-0.81	0.24
-0.8	0
-0.79	2
-0.78	1.12
-0.77	0.74
-0.76	0.62
-0.75	0
-0.74	0.64
-0.73	0
-0.72	0
-0.71	0
-0.7	0
-0.69	0.04
-0.68	0.04
-0.67	0.76
-0.66	1.26
-0.65	0
-0.64	2.54
-0.63	0.68
-0.62	0.28
-0.61	0
-0.6	0.12
-0.59	0.56
-0.58	0.48
-0.57	0.32
-0.56	1.6
-0.55	1.24
-0.54	1.74
-0.53	0.06
-0.52	0.1
-0.51	0.08
-0.5	0
-0.49	0
-0.48	0
-0.47	0
-0.46	0.08
-0.45	0.06
-0.44	0.02
-0.43	0.02
-0.42	1.58
-0.41	2.36
-0.4	1.74
-0.39	0.28
-0.38	0.02
-0.37	1.48
-0.36	0
-0.35	1.28
-0.34	1.44
-0.33	1.26
-0.32	0.54
-0.31	0.7
-0.3	2
-0.29	0.08
-0.28	1.34
-0.27	0.86
-0.26	1.92
-0.25	0.64
-0.24	2.04
-0.23	2.22
-0.22	1.28
-0.21	3.8
-0.2	3
-0.19	5.6
-0.18	0.66
-0.17	4.5
-0.16	13.02
-0.15	7.58
-0.14	11.36
-0.13	10.54
-0.12	10.26
-0.11	5.74
-0.1	0
-0.09	0
-0.08	0
-0.07	0
-0.06	0
-0.05	0.08
-0.04	0
-0.03	0
-0.02	0.08
-0.01	0.32
0	0.32
0.01	0
0.02	0
0.03	0
0.04	0
0.05	0
0.06	0
0.07	0
0.08	0
0.09	0.08
0.1	7.12
0.11	9.12
0.12	12.8
0.13	11.52
0.14	9.24
0.15	10.52
0.16	3.88
0.17	1
0.18	5.9
0.19	2.72
0.2	3.2
0.21	1.6
0.22	2.6
0.23	2.52
0.24	0.62
0.25	1.32
0.26	0
0.27	1.82
0.28	1.36
0.29	1.3
0.3	0
0.31	0
0.32	1.6
0.33	1.4
0.34	2.26
0.35	0
0.36	0.64
0.37	0.16
0.38	1.44
0.39	2.64
0.4	1.4
0.41	0.28
0.42	0.66
0.43	0
0.44	0
0.45	0.16
0.46	0.08
0.47	0.02
0.48	0.22
0.49	0.12
0.5	0.4
0.51	0.54
0.52	0
0.53	1.7
0.54	0.74
0.55	1.58
0.56	0.1
0.57	0
0.58	0.16
0.59	0
0.6	0
0.61	0.04
0.62	0
0.63	2.56
0.64	0
0.65	1.32
0.66	1.02
0.67	0.2
0.68	0.02
0.69	0.02
0.7	0.52
0.71	0
0.72	0.02
0.73	0.92
0.74	0.38
0.75	0
0.76	0.32
0.77	0.64
0.78	2
0.79	0
0.8	0
0.81	0.08
0.82	0.28
0.83	0
0.84	1.92
0.85	1.92
0.86	0
0.87	0
0.88	0.64
0.89	0.64
0.9	0.64
0.91	0
0.92	0
0.93	0
0.94	0
0.95	0.64
0.96	0
0.97	0
0.98	1.28
0.99	1.28
1	0
1.01	0
1.02	0
1.03	0
1.04	0
1.05	0
1.06	0
1.07	0
1.08	0
1.09	0
1.1	0
1.11	0
1.12	0
1.13	0
1.14	0
1.15	0
1.16	0
1.17	0
1.18	0
1.19	0
1.2	0
1.21	0
1.22	0
1.23	0
1.24	0
1.25	0
1.26	0
1.27	0
1.28	0
1.29	0
1.3	0
1.31	0
1.32	0
1.33	0
1.34	0
1.35	0
1.36	0
1.37	0
1.38	0
1.39	0
1.4	0
1.41	0
1.42	0
1.43	0
1.44	0
1.45	0
1.46	0
1.47	0
1.48	0
1.49	0
1.5	0
1.51	0
1.52	0
1.53	0
1.54	0
1.55	0
1.56	0
1.57	0
1.58	0
1.59	0
1.6	0
1.61	0
1.62	0
1.63	0
1.64	0
1.65	0
1.66	0
1.67	0
1.68	0
1.69	0
1.7	0
1.71	0
1.72	0
1.73	0
1.74	0
1.75	0
1.76	0
1.77	0
1.78	0
1.79	0
1.8	0
1.81	0
1.82	0
1.83	0
1.84	0
1.85	0
1.86	0
1.87	0
1.88	0
1.89	0
1.9	0
1.91	0
1.92	0
1.93	0
1.94	0
1.95	0
1.96	0
1.97	0
1.98	0
1.99	0
2	0
