-2	0
-1.99	0
-1.98	0
-1.97	0
-1.96	0
-1.95	0
-1.94	0
-1.93	0
-1.92	0
-1.91	0
-1.9	0
-1.89	0
-1.88	0
-1.87	0
-1.86	0
-1.85	0
-1.84	0
-1.83	0
-1.82	0
-1.81	0
-1.8	0
-1.79	0
-1.78	0
-1.77	0
-1.76	0
-1.75	0
-1.74	0
-1.73	0
-1.72	0
-1.71	0
-1.7	0
-1.69	0
-1.68	0
-1.67	0
-1.66	0
-1.65	0
-1.64	0
-1.63	0
-1.62	0
-1.61	0
-1.6	0
-1.59	0
-1.58	0
-1.57	0
-1.56	0
-1.55	0
-1.54	0
-1.53	0
-1.52	0
-1.51	0
-1.5	0
-1.49	0
-1.48	0
-1.47	0
-1.46	0
-1.45	0
-1.44	0
-1.43	0
-1.42	0
-1.41	0
-1.4	0
-1.39	0
-1.38	0
-1.37	0
-1.36	0
-1.35	0
-1.34	0
-1.33	0
-1.32	0
-1.31	0
-1.3	0
-1.29	0
-1.28	0
-1.27	0
-1.26	0
-1.25	0
-1.24	0
-1.23	0
-1.22	0
-1.21	0
-1.2	0
-1.19	0
-1.18	0
-1.17	0
-1.16	0
-1.15	0
-1.14	0
-1.13	0
-1.12	0
-1.11	0
-1.1	0
-1.09	0
-1.08	0
-1.07	0
-1.06	0
-1.05	0
-1.04	0
-1.03	0
-1.02	0
-1.01	0
-1	1.28
-0.99	1.26
-0.98	4.44
-0.97	0
-0.96	0.32
-0.95	0
-0.94	0.16
-0.93	2.72
-0.92	2.54
-0.91	1.6
-0.9	0
-0.89	0.32
-0.88	0.16
-0.87	0.16
-0.86	2.54
-0.85	0
-0.84	0
-0.83	0
-0.82	0
-0.81	0
-0.8	0
-0.79	0
-0.78	0.6
-0.77	0.04
-0.76	0
-0.75	0
-0.74	0
-0.73	0
-0.72	0
-0.71	0
-0.7	0
-0.69	0.96
-0.68	1.56
-0.67	1.32
-0.66	0.36
-0.65	0.6
-0.64	0
-0.63	0
-0.62	0
-0.61	2.56
-0.6	0
-0.59	0
-0.58	0.64
-0.57	1.24
-0.56	0
-0.55	0.32
-0.54	1.28
-0.53	2.88
-0.52	1.92
-0.51	4.44
-0.5	3.82
-0.49	1.6
-0.48	0
-0.47	0
-0.46	2.58
-0.45	1.28
-0.44	2.54
-0.43	3.16
-0.42	0.02
-0.41	1.28
-0.4	1.28
-0.39	0
-0.38	0
-0.37	2.56
-0.36	0
-0.35	0
-0.34	0
-0.33	6.34
-0.32	3.84
-0.31	1.28
-0.3	6.18
-0.29	2.58
-0.28	0.44
-0.27	4.82
-0.26	1.94
-0.25	10.74
-0.24	5.8
-0.23	2.48
-0.22	9.56
-0.21	3.86
-0.2	9.02
-0.19	4.94
-0.18	10.24
-0.17	7.64
-0.16	10.92
-0.15	21.7
-0.14	14.14
-0.13	21.7
-0.12	20.04
-0.11	11.5
-0.1	3.18
-0.09	0.02
-0.08	0.72
-0.07	0.02
-0.06	0.08
-0.05	0.04
-0.04	0.02
-0.03	0.04
-0.02	0
-0.01	0.08
0	0.06
0.01	0.08
0.02	0.04
0.03	0.1
0.04	0.04
0.05	0.04
0.06	0.66
0.07	0.78
0.08	0.06
0.09	2.84
0.1	12.06
0.11	17.94
0.12	22.44
0.13	21.2
0.14	15.92
0.15	12.32
0.16	7.78
0.17	11.06
0.18	6.7
0.19	4.96
0.2	4.16
0.21	7.32
0.22	1.58
0.23	6.58
0.24	12.14
0.25	4.22
0.26	3.04
0.27	0.34
0.28	3.18
0.29	3.84
0.3	1.3
0.31	3.98
0.32	7.54
0.33	0
0.34	1.3
0.35	1.28
0.36	3.2
0.37	0.64
0.38	1.28
0.39	0
0.4	1.28
0.41	0
0.42	1.28
0.43	3.16
0.44	1.28
0.45	1.44
0.46	1.44
0.47	0.32
0.48	1.28
0.49	3.52
0.5	1.92
0.51	1.92
0.52	2.56
0.53	1.6
0.54	0
0.55	1.28
0.56	0.36
0.57	0.6
0.58	0.64
0.59	0.64
0.6	3.2
0.61	0
0.62	0
0.63	0.64
0.64	1.44
0.65	0.16
0.66	1.28
0.67	1.28
0.68	0
0.69	0
0.7	1.28
0.71	0
0.72	0
0.73	0
0.74	0
0.75	0
0.76	0
0.77	0
0.78	0
0.79	0.06
0.8	0.58
0.81	0
0.82	0
0.83	0
0.84	0
0.85	2.56
0.86	0.32
0.87	0
0.88	0.32
0.89	0.32
0.9	1.92
0.91	1.92
0.92	2.56
0.93	0
0.94	0
0.95	0
0.96	0
0.97	3.84
0.98	1.28
0.99	1.28
1	0
1.01	0
1.02	0
1.03	0
1.04	0
1.05	0
1.06	0
1.07	0
1.08	0
1.09	0
1.1	0
1.11	0
1.12	0
1.13	0
1.14	0
1.15	0
1.16	0
1.17	0
1.18	0
1.19	0
1.2	0
1.21	0
1.22	0
1.23	0
1.24	0
1.25	0
1.26	0
1.27	0
1.28	0
1.29	0
1.3	0
1.31	0
1.32	0
1.33	0
1.34	0
1.35	0
1.36	0
1.37	0
1.38	0
1.39	0
1.4	0
1.41	0
1.42	0
1.43	0
1.44	0
1.45	0
1.46	0
1.47	0
1.48	0
1.49	0
1.5	0
1.51	0
1.52	0
1.53	0
1.54	0
1.55	0
1.56	0
1.57	0
1.58	0
1.59	0
1.6	0
1.61	0
1.62	0
1.63	0
1.64	0
1.65	0
1.66	0
1.67	0
1.68	0
1.69	0
1.7	0
1.71	0
1.72	0
1.73	0
1.74	0
1.75	0
1.76	0
1.77	0
1.78	0
1.79	0
1.8	0
1.81	0
1.82	0
1.83	0
1.84	0
1.85	0
1.86	0
1.87	0
1.88	0
1.89	0
1.9	0
1.91	0
1.92	0
1.93	0
1.94	0
1.95	0
1.96	0
1.97	0
1.98	0
1.99	0
2	0
