-2	0
-1.99	0
-1.98	0
-1.97	0
-1.96	0
-1.95	0
-1.94	0
-1.93	0
-1.92	0
-1.91	0
-1.9	0
-1.89	0
-1.88	0
-1.87	0
-1.86	0
-1.85	0
-1.84	0
-1.83	0
-1.82	0
-1.81	0
-1.8	0
-1.79	0
-1.78	0
-1.77	0
-1.76	0
-1.75	0
-1.74	0
-1.73	0
-1.72	0
-1.71	0
-1.7	0
-1.69	0
-1.68	0
-1.67	0
-1.66	0
-1.65	0
-1.64	0
-1.63	0
-1.62	0
-1.61	0
-1.6	0
-1.59	0
-1.58	0
-1.57	0
-1.56	0
-1.55	0
-1.54	0
-1.53	0
-1.52	0
-1.51	0
-1.5	0
-1.49	0
-1.48	0
-1.47	0
-1.46	0
-1.45	0
-1.44	0
-1.43	0
-1.42	0
-1.41	0
-1.4	0
-1.39	0
-1.38	0
-1.37	0
-1.36	0
-1.35	0
-1.34	0
-1.33	0
-1.32	0
-1.31	0
-1.3	0
-1.29	0
-1.28	0
-1.27	0
-1.26	0
-1.25	0
-1.24	0
-1.23	0
-1.22	0
-1.21	0
-1.2	0
-1.19	0
-1.18	0
-1.17	0
-1.16	0
-1.15	0
-1.14	0
-1.13	0
-1.12	0
-1.11	0
-1.1	0
-1.09	0
-1.08	0
-1.07	0
-1.06	0
-1.05	0
-1.04	0
-1.03	0
-1.02	0
-1.01	0
-1	0
-0.99	0
-0.98	0
-0.97	0.14
-0.96	0.02
-0.95	0.08
-0.94	0.12
-0.93	0
-0.92	0.08
-0.91	0.48
-0.9	0.28
-0.89	0.32
-0.88	0.82
-0.87	0.26
-0.86	0.08
-0.85	0.18
-0.84	0.22
-0.83	0.26
-0.82	0.22
-0.81	0.18
-0.8	0.36
-0.79	0.4
-0.78	0.36
-0.77	0.5
-0.76	0.6
-0.75	0.6
-0.74	0.8
-0.73	0.44
-0.72	0.58
-0.71	0.9
-0.7	0.7
-0.69	0.66
-0.68	0.7
-0.67	0.86
-0.66	0.92
-0.65	1.34
-0.64	1.42
-0.63	1.36
-0.62	1.3
-0.61	1.58
-0.6	1.62
-0.59	1.44
-0.58	1.42
-0.57	1.34
-0.56	1.92
-0.55	1.5
-0.54	2.06
-0.53	2.04
-0.52	2.06
-0.51	2.18
-0.5	2.12
-0.49	2.08
-0.48	1.94
-0.47	2.08
-0.46	1.82
-0.45	2.66
-0.44	2.34
-0.43	2.24
-0.42	1.98
-0.41	2.62
-0.4	2.76
-0.39	2
-0.38	2.68
-0.37	2.2
-0.36	3.32
-0.35	2.28
-0.34	2.34
-0.33	1.32
-0.32	1.44
-0.31	1.32
-0.3	1.48
-0.29	1.3
-0.28	1.54
-0.27	1.72
-0.26	1.4
-0.25	1.6
-0.24	1.54
-0.23	1.44
-0.22	1.58
-0.21	1.3
-0.2	1.22
-0.19	1.5
-0.18	1.52
-0.17	1.82
-0.16	1.42
-0.15	1.44
-0.14	1.84
-0.13	1.44
-0.12	1.62
-0.11	1.14
-0.1	1.14
-0.09	1.42
-0.08	1.46
-0.07	1.66
-0.06	1.82
-0.05	1.62
-0.04	1.54
-0.03	1.32
-0.02	1.52
-0.01	1.56
0	1.4
0.01	1.48
0.02	1.62
0.03	1.46
0.04	1.46
0.05	1.64
0.06	1.5
0.07	1.44
0.08	1.7
0.09	1.16
0.1	1.58
0.11	1.66
0.12	1.44
0.13	1.64
0.14	1.48
0.15	1.2
0.16	1.26
0.17	1.46
0.18	1.36
0.19	1.62
0.2	1.36
0.21	1.2
0.22	1.36
0.23	1.36
0.24	1.68
0.25	1.46
0.26	1.48
0.27	1.66
0.28	1.82
0.29	1.48
0.3	1.92
0.31	1.72
0.32	1.8
0.33	2.52
0.34	2.1
0.35	3.06
0.36	2.8
0.37	2.98
0.38	2.8
0.39	2.84
0.4	3.06
0.41	2.56
0.42	2.62
0.43	2.46
0.44	2.18
0.45	2.12
0.46	2.28
0.47	2.12
0.48	2.24
0.49	2.24
0.5	2.26
0.51	1.88
0.52	1.36
0.53	1.98
0.54	1.58
0.55	1.48
0.56	1.96
0.57	1.82
0.58	1.36
0.59	1.98
0.6	1.18
0.61	1.3
0.62	1.56
0.63	1.32
0.64	1.28
0.65	0.98
0.66	0.74
0.67	0.62
0.68	0.76
0.69	0.68
0.7	0.96
0.71	0.4
0.72	0.4
0.73	0.44
0.74	0.36
0.75	0.42
0.76	0.56
0.77	0.4
0.78	0.32
0.79	0.12
0.8	0.3
0.81	0.32
0.82	0.26
0.83	0.3
0.84	0.24
0.85	0.2
0.86	0.02
0.87	0.12
0.88	0.16
0.89	0.26
0.9	0.64
0.91	0.16
0.92	0.14
0.93	0.14
0.94	0.08
0.95	0.08
0.96	0
0.97	0.08
0.98	0.04
0.99	0
1	0
1.01	0
1.02	0
1.03	0
1.04	0
1.05	0
1.06	0
1.07	0
1.08	0
1.09	0
1.1	0
1.11	0
1.12	0
1.13	0
1.14	0
1.15	0
1.16	0
1.17	0
1.18	0
1.19	0
1.2	0
1.21	0
1.22	0
1.23	0
1.24	0
1.25	0
1.26	0
1.27	0
1.28	0
1.29	0
1.3	0
1.31	0
1.32	0
1.33	0
1.34	0
1.35	0
1.36	0
1.37	0
1.38	0
1.39	0
1.4	0
1.41	0
1.42	0
1.43	0
1.44	0
1.45	0
1.46	0
1.47	0
1.48	0
1.49	0
1.5	0
1.51	0
1.52	0
1.53	0
1.54	0
1.55	0
1.56	0
1.57	0
1.58	0
1.59	0
1.6	0
1.61	0
1.62	0
1.63	0
1.64	0
1.65	0
1.66	0
1.67	0
1.68	0
1.69	0
1.7	0
1.71	0
1.72	0
1.73	0
1.74	0
1.75	0
1.76	0
1.77	0
1.78	0
1.79	0
1.8	0
1.81	0
1.82	0
1.83	0
1.84	0
1.85	0
1.86	0
1.87	0
1.88	0
1.89	0
1.9	0
1.91	0
1.92	0
1.93	0
1.94	0
1.95	0
1.96	0
1.97	0
1.98	0
1.99	0
2	0
