-2	0
-1.99	0
-1.98	0
-1.97	0
-1.96	0
-1.95	0
-1.94	0
-1.93	0
-1.92	0
-1.91	0
-1.9	0
-1.89	0
-1.88	0
-1.87	0
-1.86	0
-1.85	0
-1.84	0
-1.83	0
-1.82	0
-1.81	0
-1.8	0
-1.79	0
-1.78	0
-1.77	0
-1.76	0
-1.75	0
-1.74	0
-1.73	0
-1.72	0
-1.71	0
-1.7	0
-1.69	0
-1.68	0
-1.67	0
-1.66	0
-1.65	0
-1.64	0
-1.63	0
-1.62	0
-1.61	0
-1.6	0
-1.59	0
-1.58	0
-1.57	0
-1.56	0
-1.55	0
-1.54	0
-1.53	0
-1.52	0
-1.51	0
-1.5	0
-1.49	0
-1.48	0
-1.47	0
-1.46	0
-1.45	0
-1.44	0
-1.43	0
-1.42	0
-1.41	0
-1.4	0
-1.39	0
-1.38	0
-1.37	0
-1.36	0
-1.35	0
-1.34	0
-1.33	0
-1.32	0
-1.31	0
-1.3	0
-1.29	0
-1.28	0
-1.27	0
-1.26	0
-1.25	0
-1.24	0
-1.23	0
-1.22	0
-1.21	0
-1.2	0
-1.19	0
-1.18	0
-1.17	0
-1.16	0
-1.15	0
-1.14	0
-1.13	0
-1.12	0
-1.11	0
-1.1	0
-1.09	0
-1.08	0
-1.07	0
-1.06	0
-1.05	0
-1.04	0
-1.03	0
-1.02	0
-1.01	0
-1	0.18
-0.99	0.18
-0.98	0.18
-0.97	0.1
-0.96	0
-0.95	0
-0.94	0
-0.93	0.32
-0.92	0.44
-0.91	0.02
-0.9	0.12
-0.89	0.16
-0.88	0.24
-0.87	0.02
-0.86	0.08
-0.85	0.08
-0.84	0.08
-0.83	0.04
-0.82	0.14
-0.81	0.46
-0.8	0.42
-0.79	0.12
-0.78	0.3
-0.77	0.1
-0.76	0.1
-0.75	0.14
-0.74	0.14
-0.73	0.02
-0.72	0.08
-0.71	0.04
-0.7	0.36
-0.69	0
-0.68	0.1
-0.67	0.1
-0.66	0.1
-0.65	0.04
-0.64	0.1
-0.63	0.1
-0.62	0.14
-0.61	0.2
-0.6	0.24
-0.59	0.4
-0.58	0.3
-0.57	0.32
-0.56	0.1
-0.55	0.12
-0.54	0.14
-0.53	0.18
-0.52	0.08
-0.51	0.16
-0.5	0.46
-0.49	0.42
-0.48	0.16
-0.47	0.64
-0.46	0.44
-0.45	0.16
-0.44	0.36
-0.43	1.06
-0.42	0.52
-0.41	0.56
-0.4	0.78
-0.39	0.16
-0.38	0.16
-0.37	0.26
-0.36	0.2
-0.35	0.08
-0.34	0.74
-0.33	0.16
-0.32	0.52
-0.31	0.9
-0.3	0.46
-0.29	0.78
-0.28	0.8
-0.27	0.76
-0.26	1.3
-0.25	1.28
-0.24	0.94
-0.23	0.78
-0.22	1.4
-0.21	1.16
-0.2	1
-0.19	0.94
-0.18	0.64
-0.17	1.2
-0.16	0.64
-0.15	0.06
-0.14	0.04
-0.13	0.04
-0.12	0.06
-0.11	0.04
-0.1	0.06
-0.09	0
-0.08	0.1
-0.07	0.02
-0.06	0
-0.05	0.06
-0.04	0.04
-0.03	0.12
-0.02	0.12
-0.01	0.08
0	0.1
0.01	0.02
0.02	0.04
0.03	0.02
0.04	0.04
0.05	0
0.06	0
0.07	0
0.08	0.02
0.09	0.06
0.1	0.12
0.11	0
0.12	0
0.13	0.06
0.14	0.1
0.15	0.54
0.16	1.42
0.17	1.2
0.18	0.8
0.19	1.08
0.2	1
0.21	0.94
0.22	1.4
0.23	0.74
0.24	1.32
0.25	1.12
0.26	0.64
0.27	1.48
0.28	0.92
0.29	0.6
0.3	0.5
0.31	0.68
0.32	0.44
0.33	0.3
0.34	0.36
0.35	0.34
0.36	0.22
0.37	0.08
0.38	0.3
0.39	0.74
0.4	0.44
0.41	0.54
0.42	1.06
0.43	0.38
0.44	0.38
0.45	0.18
0.46	0.04
0.47	0.2
0.48	0.26
0.49	0.2
0.5	0.1
0.51	0.06
0.52	0.36
0.53	0.24
0.54	0.08
0.55	0.06
0.56	0.4
0.57	0.14
0.58	0.56
0.59	0.08
0.6	0.16
0.61	0.04
0.62	0.12
0.63	0
0.64	0
0.65	0.04
0.66	0.14
0.67	0.26
0.68	0.36
0.69	0.44
0.7	0.02
0.71	0
0.72	0.04
0.73	0
0.74	0.1
0.75	0.12
0.76	0.08
0.77	0.28
0.78	0.04
0.79	0.4
0.8	0.54
0.81	0.16
0.82	0.08
0.83	0.08
0.84	0.14
0.85	0.04
0.86	0.18
0.87	0.28
0.88	0.1
0.89	0.12
0.9	0.12
0.91	0.94
0.92	0.04
0.93	0.02
0.94	0.1
0.95	0.02
0.96	0
0.97	0.16
0.98	0.06
0.99	0.44
1	0
1.01	0
1.02	0
1.03	0
1.04	0
1.05	0
1.06	0
1.07	0
1.08	0
1.09	0
1.1	0
1.11	0
1.12	0
1.13	0
1.14	0
1.15	0
1.16	0
1.17	0
1.18	0
1.19	0
1.2	0
1.21	0
1.22	0
1.23	0
1.24	0
1.25	0
1.26	0
1.27	0
1.28	0
1.29	0
1.3	0
1.31	0
1.32	0
1.33	0
1.34	0
1.35	0
1.36	0
1.37	0
1.38	0
1.39	0
1.4	0
1.41	0
1.42	0
1.43	0
1.44	0
1.45	0
1.46	0
1.47	0
1.48	0
1.49	0
1.5	0
1.51	0
1.52	0
1.53	0
1.54	0
1.55	0
1.56	0
1.57	0
1.58	0
1.59	0
1.6	0
1.61	0
1.62	0
1.63	0
1.64	0
1.65	0
1.66	0
1.67	0
1.68	0
1.69	0
1.7	0
1.71	0
1.72	0
1.73	0
1.74	0
1.75	0
1.76	0
1.77	0
1.78	0
1.79	0
1.8	0
1.81	0
1.82	0
1.83	0
1.84	0
1.85	0
1.86	0
1.87	0
1.88	0
1.89	0
1.9	0
1.91	0
1.92	0
1.93	0
1.94	0
1.95	0
1.96	0
1.97	0
1.98	0
1.99	0
2	0
