-2	0
-1.99	0
-1.98	0
-1.97	0
-1.96	0
-1.95	0
-1.94	0
-1.93	0
-1.92	0
-1.91	0
-1.9	0
-1.89	0
-1.88	0
-1.87	0
-1.86	0
-1.85	0
-1.84	0
-1.83	0
-1.82	0
-1.81	0
-1.8	0
-1.79	0
-1.78	0
-1.77	0
-1.76	0
-1.75	0
-1.74	0
-1.73	0
-1.72	0
-1.71	0
-1.7	0
-1.69	0
-1.68	0
-1.67	0
-1.66	0
-1.65	0
-1.64	0
-1.63	0
-1.62	0
-1.61	0
-1.6	0
-1.59	0
-1.58	0
-1.57	0
-1.56	0
-1.55	0
-1.54	0
-1.53	0
-1.52	0
-1.51	0
-1.5	0
-1.49	0
-1.48	0
-1.47	0
-1.46	0
-1.45	0
-1.44	0
-1.43	0
-1.42	0
-1.41	0
-1.4	0
-1.39	0
-1.38	0
-1.37	0
-1.36	0
-1.35	0
-1.34	0
-1.33	0
-1.32	0
-1.31	0
-1.3	0
-1.29	0
-1.28	0
-1.27	0
-1.26	0
-1.25	0
-1.24	0
-1.23	0
-1.22	0
-1.21	0
-1.2	0
-1.19	0
-1.18	0
-1.17	0
-1.16	0
-1.15	0
-1.14	0
-1.13	0
-1.12	0
-1.11	0
-1.1	0
-1.09	0
-1.08	0
-1.07	0
-1.06	0
-1.05	0
-1.04	0
-1.03	0
-1.02	0
-1.01	0
-1	2.22
-0.99	3.82
-0.98	1.24
-0.97	0
-0.96	0
-0.95	0
-0.94	0
-0.93	4.14
-0.92	0.64
-0.91	0
-0.9	0
-0.89	2.56
-0.88	0
-0.87	0.1
-0.86	0
-0.85	0.08
-0.84	0.08
-0.83	0
-0.82	0
-0.81	2.62
-0.8	0
-0.79	0
-0.78	0
-0.77	0
-0.76	0
-0.75	0.96
-0.74	0
-0.73	0
-0.72	0
-0.71	0
-0.7	0
-0.69	0
-0.68	0
-0.67	0
-0.66	0
-0.65	0.96
-0.64	0
-0.63	3.2
-0.62	0
-0.61	0
-0.6	0
-0.59	0
-0.58	0
-0.57	0
-0.56	2.56
-0.55	0
-0.54	0.96
-0.53	0.96
-0.52	3.84
-0.51	1.92
-0.5	1.26
-0.49	5.1
-0.48	0.32
-0.47	0
-0.46	2.54
-0.45	1.28
-0.44	0.64
-0.43	0
-0.42	6.38
-0.41	0.62
-0.4	1.26
-0.39	1.28
-0.38	0
-0.37	3.2
-0.36	0
-0.35	2.56
-0.34	1.28
-0.33	0.96
-0.32	2.86
-0.31	0
-0.3	6.38
-0.29	3.82
-0.28	4.76
-0.27	2.9
-0.26	1.42
-0.25	4
-0.24	2.56
-0.23	13.36
-0.22	1.42
-0.21	1.62
-0.2	8.9
-0.19	7.86
-0.18	10.28
-0.17	6.12
-0.16	10.58
-0.15	9.6
-0.14	22.04
-0.13	16.28
-0.12	23.6
-0.11	20.4
-0.1	10.48
-0.09	0.56
-0.08	0.64
-0.07	0
-0.06	0
-0.05	0.02
-0.04	0.04
-0.03	1.28
-0.02	0
-0.01	0
0	0
0.01	0
0.02	0.64
0.03	0
0.04	0
0.05	0.64
0.06	0
0.07	0
0.08	0.14
0.09	10.16
0.1	17.24
0.11	26.36
0.12	24.4
0.13	13.6
0.14	9.76
0.15	12.28
0.16	8.38
0.17	9.44
0.18	5.76
0.19	7.68
0.2	1.66
0.21	2.3
0.22	10.98
0.23	7.58
0.24	3.8
0.25	0.64
0.26	3.84
0.27	2.56
0.28	3.84
0.29	7.68
0.3	1.6
0.31	2.56
0.32	0
0.33	1.28
0.34	3.28
0.35	1.6
0.36	0
0.37	2
0.38	0.72
0.39	1.28
0.4	0.08
0.41	5.78
0.42	1.28
0.43	0
0.44	0
0.45	2.56
0.46	0
0.47	1.92
0.48	2.88
0.49	0
0.5	2.56
0.51	2.56
0.52	1.26
0.53	0.96
0.54	0
0.55	2.56
0.56	1.28
0.57	0.64
0.58	0
0.59	0
0.6	0
0.61	0.64
0.62	2.56
0.63	0
0.64	0
0.65	0
0.66	1.92
0.67	0
0.68	0
0.69	0.18
0.7	0.14
0.71	0
0.72	0
0.73	0
0.74	0
0.75	0.72
0.76	0.56
0.77	0.64
0.78	0
0.79	0
0.8	2.56
0.81	0
0.82	0
0.83	0
0.84	0
0.85	0
0.86	0
0.87	0
0.88	2.56
0.89	0
0.9	0
0.91	0.96
0.92	3.52
0.93	0.32
0.94	0
0.95	0
0.96	0
0.97	0
0.98	3.84
0.99	2.56
1	0
1.01	0
1.02	0
1.03	0
1.04	0
1.05	0
1.06	0
1.07	0
1.08	0
1.09	0
1.1	0
1.11	0
1.12	0
1.13	0
1.14	0
1.15	0
1.16	0
1.17	0
1.18	0
1.19	0
1.2	0
1.21	0
1.22	0
1.23	0
1.24	0
1.25	0
1.26	0
1.27	0
1.28	0
1.29	0
1.3	0
1.31	0
1.32	0
1.33	0
1.34	0
1.35	0
1.36	0
1.37	0
1.38	0
1.39	0
1.4	0
1.41	0
1.42	0
1.43	0
1.44	0
1.45	0
1.46	0
1.47	0
1.48	0
1.49	0
1.5	0
1.51	0
1.52	0
1.53	0
1.54	0
1.55	0
1.56	0
1.57	0
1.58	0
1.59	0
1.6	0
1.61	0
1.62	0
1.63	0
1.64	0
1.65	0
1.66	0
1.67	0
1.68	0
1.69	0
1.7	0
1.71	0
1.72	0
1.73	0
1.74	0
1.75	0
1.76	0
1.77	0
1.78	0
1.79	0
1.8	0
1.81	0
1.82	0
1.83	0
1.84	0
1.85	0
1.86	0
1.87	0
1.88	0
1.89	0
1.9	0
1.91	0
1.92	0
1.93	0
1.94	0
1.95	0
1.96	0
1.97	0
1.98	0
1.99	0
2	0
