-2	0
-1.99	0
-1.98	0
-1.97	0
-1.96	0
-1.95	0
-1.94	0
-1.93	0
-1.92	0
-1.91	0
-1.9	0
-1.89	0
-1.88	0
-1.87	0
-1.86	0
-1.85	0
-1.84	0
-1.83	0
-1.82	0
-1.81	0
-1.8	0
-1.79	0
-1.78	0
-1.77	0
-1.76	0
-1.75	0
-1.74	0
-1.73	0
-1.72	0
-1.71	0
-1.7	0
-1.69	0
-1.68	0
-1.67	0
-1.66	0
-1.65	0
-1.64	0
-1.63	0
-1.62	0
-1.61	0
-1.6	0
-1.59	0
-1.58	0
-1.57	0
-1.56	0
-1.55	0
-1.54	0
-1.53	0
-1.52	0
-1.51	0
-1.5	0
-1.49	0
-1.48	0
-1.47	0
-1.46	0
-1.45	0
-1.44	0
-1.43	0
-1.42	0
-1.41	0
-1.4	0
-1.39	0
-1.38	0
-1.37	0
-1.36	0
-1.35	0
-1.34	0
-1.33	0
-1.32	0
-1.31	0
-1.3	0
-1.29	0
-1.28	0
-1.27	0
-1.26	0
-1.25	0
-1.24	0
-1.23	0
-1.22	0
-1.21	0
-1.2	0
-1.19	0
-1.18	0
-1.17	0
-1.16	0
-1.15	0
-1.14	0
-1.13	0
-1.12	0
-1.11	0
-1.1	0
-1.09	0
-1.08	0
-1.07	0
-1.06	0
-1.05	0
-1.04	0
-1.03	0
-1.02	0
-1.01	0
-1	0
-0.99	0
-0.98	0
-0.97	0
-0.96	0
-0.95	0
-0.94	0
-0.93	0
-0.92	0
-0.91	0
-0.9	0
-0.89	0.02
-0.88	0.04
-0.87	0.04
-0.86	0.1
-0.85	0.14
-0.84	0.16
-0.83	0.3
-0.82	0.2
-0.81	0.16
-0.8	0.34
-0.79	0.4
-0.78	0.24
-0.77	0.34
-0.76	0.32
-0.75	0.3
-0.74	0.18
-0.73	0.3
-0.72	0.36
-0.71	0.56
-0.7	0.5
-0.69	0.6
-0.68	0.48
-0.67	0.52
-0.66	0.88
-0.65	0.6
-0.64	0.66
-0.63	1.18
-0.62	0.86
-0.61	0.96
-0.6	1.02
-0.59	1.36
-0.58	0.96
-0.57	1.36
-0.56	1.32
-0.55	1.48
-0.54	1.64
-0.53	1.74
-0.52	1.76
-0.51	1.66
-0.5	1.44
-0.49	2
-0.48	1.64
-0.47	1.96
-0.46	2.18
-0.45	2
-0.44	2.76
-0.43	2.46
-0.42	2.46
-0.41	2.7
-0.4	2.82
-0.39	3.3
-0.38	2.78
-0.37	2.9
-0.36	3.62
-0.35	4.22
-0.34	4.16
-0.33	3.64
-0.32	3.96
-0.31	3.9
-0.3	4.16
-0.29	4.38
-0.28	4.7
-0.27	3.9
-0.26	4.18
-0.25	4.94
-0.24	4.46
-0.23	4.84
-0.22	5.28
-0.21	5.42
-0.2	5.08
-0.19	5.48
-0.18	6.08
-0.17	6
-0.16	5.54
-0.15	5.4
-0.14	5.98
-0.13	5.82
-0.12	6.22
-0.11	5.9
-0.1	6.52
-0.09	6.68
-0.08	6.8
-0.07	6.56
-0.06	7.22
-0.05	6.32
-0.04	7.14
-0.03	6.28
-0.02	6.38
-0.01	6.8
0	7.04
0.01	7.24
0.02	6.6
0.03	8.06
0.04	6.8
0.05	6.22
0.06	7.46
0.07	6.8
0.08	6.22
0.09	6.02
0.1	5.84
0.11	6.4
0.12	5.68
0.13	6.36
0.14	6.1
0.15	5.98
0.16	5.56
0.17	5.26
0.18	5.54
0.19	5.68
0.2	5.22
0.21	5.92
0.22	5.36
0.23	4.62
0.24	4.6
0.25	4.78
0.26	4.42
0.27	4.42
0.28	4.62
0.29	4.38
0.3	3.64
0.31	3.78
0.32	3.94
0.33	3.6
0.34	3.32
0.35	3.78
0.36	2.84
0.37	3.22
0.38	3.06
0.39	3.02
0.4	2.68
0.41	2.66
0.42	2.38
0.43	2.5
0.44	2.24
0.45	1.94
0.46	2.14
0.47	1.6
0.48	1.92
0.49	1.74
0.5	2
0.51	1.56
0.52	1.34
0.53	1.72
0.54	1.48
0.55	1.24
0.56	1.02
0.57	1.16
0.58	1.32
0.59	0.8
0.6	0.96
0.61	0.84
0.62	0.96
0.63	0.86
0.64	0.76
0.65	0.78
0.66	0.66
0.67	0.54
0.68	0.58
0.69	0.44
0.7	0.28
0.71	0.46
0.72	0.32
0.73	0.36
0.74	0.36
0.75	0.22
0.76	0.36
0.77	0.38
0.78	0.38
0.79	0.4
0.8	0.26
0.81	0.3
0.82	0.24
0.83	0.14
0.84	0.3
0.85	0.16
0.86	0.24
0.87	0.1
0.88	0.1
0.89	0.02
0.9	0
0.91	0
0.92	0
0.93	0
0.94	0
0.95	0
0.96	0
0.97	0
0.98	0
0.99	0
1	0
1.01	0
1.02	0
1.03	0
1.04	0
1.05	0
1.06	0
1.07	0
1.08	0
1.09	0
1.1	0
1.11	0
1.12	0
1.13	0
1.14	0
1.15	0
1.16	0
1.17	0
1.18	0
1.19	0
1.2	0
1.21	0
1.22	0
1.23	0
1.24	0
1.25	0
1.26	0
1.27	0
1.28	0
1.29	0
1.3	0
1.31	0
1.32	0
1.33	0
1.34	0
1.35	0
1.36	0
1.37	0
1.38	0
1.39	0
1.4	0
1.41	0
1.42	0
1.43	0
1.44	0
1.45	0
1.46	0
1.47	0
1.48	0
1.49	0
1.5	0
1.51	0
1.52	0
1.53	0
1.54	0
1.55	0
1.56	0
1.57	0
1.58	0
1.59	0
1.6	0
1.61	0
1.62	0
1.63	0
1.64	0
1.65	0
1.66	0
1.67	0
1.68	0
1.69	0
1.7	0
1.71	0
1.72	0
1.73	0
1.74	0
1.75	0
1.76	0
1.77	0
1.78	0
1.79	0
1.8	0
1.81	0
1.82	0
1.83	0
1.84	0
1.85	0
1.86	0
1.87	0
1.88	0
1.89	0
1.9	0
1.91	0
1.92	0
1.93	0
1.94	0
1.95	0
1.96	0
1.97	0
1.98	0
1.99	0
2	0
