-2	0
-1.99	0
-1.98	0
-1.97	0
-1.96	0
-1.95	0
-1.94	0
-1.93	0
-1.92	0
-1.91	0
-1.9	0
-1.89	0
-1.88	0
-1.87	0
-1.86	0
-1.85	0
-1.84	0
-1.83	0
-1.82	0
-1.81	0
-1.8	0
-1.79	0
-1.78	0
-1.77	0
-1.76	0
-1.75	0
-1.74	0
-1.73	0
-1.72	0
-1.71	0
-1.7	0
-1.69	0
-1.68	0
-1.67	0
-1.66	0
-1.65	0
-1.64	0
-1.63	0
-1.62	0
-1.61	0
-1.6	0
-1.59	0
-1.58	0
-1.57	0
-1.56	0
-1.55	0
-1.54	0
-1.53	0
-1.52	0
-1.51	0
-1.5	0
-1.49	0
-1.48	0
-1.47	0
-1.46	0
-1.45	0
-1.44	0
-1.43	0
-1.42	0
-1.41	0
-1.4	0
-1.39	0
-1.38	0
-1.37	0
-1.36	0
-1.35	0
-1.34	0
-1.33	0
-1.32	0
-1.31	0
-1.3	0
-1.29	0
-1.28	0
-1.27	0
-1.26	0
-1.25	0
-1.24	0
-1.23	0
-1.22	0
-1.21	0
-1.2	0
-1.19	0
-1.18	0
-1.17	0
-1.16	0
-1.15	0
-1.14	0
-1.13	0
-1.12	0
-1.11	0
-1.1	0
-1.09	0
-1.08	0
-1.07	0
-1.06	0
-1.05	0
-1.04	0
-1.03	0
-1.02	0
-1.01	0
-1	0
-0.99	0.64
-0.98	3.18
-0.97	0.64
-0.96	2.54
-0.95	3.18
-0.94	2.22
-0.93	0
-0.92	0.32
-0.91	0
-0.9	0
-0.89	1.28
-0.88	2.54
-0.87	0
-0.86	0
-0.85	0.32
-0.84	0.32
-0.83	0
-0.82	0.88
-0.81	0
-0.8	0.04
-0.79	1.9
-0.78	1.66
-0.77	0.32
-0.76	0
-0.75	0
-0.74	0
-0.73	0
-0.72	2.56
-0.71	0
-0.7	0
-0.69	0
-0.68	0.02
-0.67	0.06
-0.66	1.4
-0.65	0.92
-0.64	0.04
-0.63	0
-0.62	0.62
-0.61	3.2
-0.6	0
-0.59	0.04
-0.58	0
-0.57	1.2
-0.56	4.54
-0.55	1.94
-0.54	3.26
-0.53	4.34
-0.52	2.3
-0.51	2.24
-0.5	0.08
-0.49	1.36
-0.48	0
-0.47	3.16
-0.46	0.08
-0.45	0
-0.44	0.12
-0.43	0.6
-0.42	0.38
-0.41	1.54
-0.4	4.46
-0.39	3.42
-0.38	0.7
-0.37	3.18
-0.36	4.84
-0.35	1.52
-0.34	2.72
-0.33	2.34
-0.32	1.58
-0.31	4.58
-0.3	3.1
-0.29	0.6
-0.28	6.02
-0.27	4.1
-0.26	3.32
-0.25	4.78
-0.24	8.8
-0.23	8.02
-0.22	0.68
-0.21	11.68
-0.2	7.9
-0.19	9.26
-0.18	16.44
-0.17	15.46
-0.16	12.2
-0.15	16.34
-0.14	17.5
-0.13	9.32
-0.12	8.1
-0.11	0.24
-0.1	0.12
-0.09	0.24
-0.08	0.2
-0.07	0.02
-0.06	0
-0.05	0.52
-0.04	0.08
-0.03	0
-0.02	0
-0.01	0
0	0.06
0.01	0.42
0.02	0.66
0.03	1.6
0.04	0.06
0.05	0.02
0.06	0.02
0.07	1.34
0.08	0.96
0.09	0.7
0.1	0.04
0.11	7.04
0.12	9.96
0.13	13.74
0.14	11.66
0.15	21.12
0.16	20.12
0.17	9.78
0.18	13.1
0.19	6.84
0.2	11.1
0.21	1.56
0.22	3.06
0.23	6.68
0.24	6.74
0.25	3.62
0.26	3.68
0.27	8.34
0.28	2.94
0.29	4.1
0.3	3.58
0.31	2.02
0.32	1.38
0.33	3.46
0.34	0.74
0.35	5.94
0.36	2.98
0.37	0.24
0.38	5.2
0.39	6.1
0.4	0.3
0.41	0.32
0.42	0.96
0.43	0.96
0.44	1.44
0.45	0.16
0.46	3.88
0.47	2.8
0.48	0.68
0.49	0
0.5	0.32
0.51	1.6
0.52	2.6
0.53	2.56
0.54	0.64
0.55	4.48
0.56	1.92
0.57	0
0.58	1.28
0.59	0
0.6	3.84
0.61	0
0.62	0
0.63	0.32
0.64	0.32
0.65	0
0.66	0.56
0.67	0
0.68	0
0.69	0
0.7	0
0.71	2.56
0.72	0.64
0.73	0
0.74	0
0.75	0
0.76	1.28
0.77	1.28
0.78	1.28
0.79	0
0.8	0
0.81	0.04
0.82	0.08
0.83	0.52
0.84	0
0.85	0
0.86	0.64
0.87	3.2
0.88	0.64
0.89	0.32
0.9	0
0.91	0
0.92	0
0.93	2.56
0.94	2.56
0.95	2.56
0.96	0.02
0.97	3.82
0.98	0
0.99	0
1	0
1.01	0
1.02	0
1.03	0
1.04	0
1.05	0
1.06	0
1.07	0
1.08	0
1.09	0
1.1	0
1.11	0
1.12	0
1.13	0
1.14	0
1.15	0
1.16	0
1.17	0
1.18	0
1.19	0
1.2	0
1.21	0
1.22	0
1.23	0
1.24	0
1.25	0
1.26	0
1.27	0
1.28	0
1.29	0
1.3	0
1.31	0
1.32	0
1.33	0
1.34	0
1.35	0
1.36	0
1.37	0
1.38	0
1.39	0
1.4	0
1.41	0
1.42	0
1.43	0
1.44	0
1.45	0
1.46	0
1.47	0
1.48	0
1.49	0
1.5	0
1.51	0
1.52	0
1.53	0
1.54	0
1.55	0
1.56	0
1.57	0
1.58	0
1.59	0
1.6	0
1.61	0
1.62	0
1.63	0
1.64	0
1.65	0
1.66	0
1.67	0
1.68	0
1.69	0
1.7	0
1.71	0
1.72	0
1.73	0
1.74	0
1.75	0
1.76	0
1.77	0
1.78	0
1.79	0
1.8	0
1.81	0
1.82	0
1.83	0
1.84	0
1.85	0
1.86	0
1.87	0
1.88	0
1.89	0
1.9	0
1.91	0
1.92	0
1.93	0
1.94	0
1.95	0
1.96	0
1.97	0
1.98	0
1.99	0
2	0
