-2	0
-1.99	0
-1.98	0
-1.97	0
-1.96	0
-1.95	0
-1.94	0
-1.93	0
-1.92	0
-1.91	0
-1.9	0
-1.89	0
-1.88	0
-1.87	0
-1.86	0
-1.85	0
-1.84	0
-1.83	0
-1.82	0
-1.81	0
-1.8	0
-1.79	0
-1.78	0
-1.77	0
-1.76	0
-1.75	0
-1.74	0
-1.73	0
-1.72	0
-1.71	0
-1.7	0
-1.69	0
-1.68	0
-1.67	0
-1.66	0
-1.65	0
-1.64	0
-1.63	0
-1.62	0
-1.61	0
-1.6	0
-1.59	0
-1.58	0
-1.57	0
-1.56	0
-1.55	0
-1.54	0
-1.53	0
-1.52	0
-1.51	0
-1.5	0
-1.49	0
-1.48	0
-1.47	0
-1.46	0
-1.45	0
-1.44	0
-1.43	0
-1.42	0
-1.41	0
-1.4	0
-1.39	0
-1.38	0
-1.37	0
-1.36	0
-1.35	0
-1.34	0
-1.33	0
-1.32	0
-1.31	0
-1.3	0
-1.29	0
-1.28	0
-1.27	0
-1.26	0
-1.25	0
-1.24	0
-1.23	0
-1.22	0
-1.21	0
-1.2	0
-1.19	0
-1.18	0
-1.17	0
-1.16	0
-1.15	0
-1.14	0
-1.13	0
-1.12	0
-1.11	0
-1.1	0
-1.09	0
-1.08	0
-1.07	0
-1.06	0
-1.05	0
-1.04	0
-1.03	0
-1.02	0
-1.01	0
-1	0
-0.99	0.12
-0.98	0.46
-0.97	0.12
-0.96	0.34
-0.95	1.02
-0.94	0.2
-0.93	0.78
-0.92	0.6
-0.91	0.14
-0.9	0.1
-0.89	0.38
-0.88	0.26
-0.87	0.12
-0.86	0.16
-0.85	0.14
-0.84	0.28
-0.83	0.24
-0.82	0.38
-0.81	0.26
-0.8	0.36
-0.79	0.22
-0.78	0.8
-0.77	0.46
-0.76	0.66
-0.75	0.52
-0.74	0.94
-0.73	0.8
-0.72	0.52
-0.71	0.9
-0.7	0.98
-0.69	0.94
-0.68	0.9
-0.67	0.66
-0.66	0.76
-0.65	0.72
-0.64	1.2
-0.63	0.88
-0.62	0.94
-0.61	1.44
-0.6	1.62
-0.59	1.98
-0.58	1.5
-0.57	2.46
-0.56	1.98
-0.55	2.36
-0.54	2
-0.53	2.02
-0.52	1.72
-0.51	1.84
-0.5	2.6
-0.49	1.7
-0.48	1.98
-0.47	1.94
-0.46	1.92
-0.45	2.94
-0.44	2.6
-0.43	3.32
-0.42	2.9
-0.41	2.56
-0.4	2.78
-0.39	2.18
-0.38	2.82
-0.37	1.88
-0.36	2.32
-0.35	2.76
-0.34	2.94
-0.33	3.2
-0.32	3.26
-0.31	3.56
-0.3	2.12
-0.29	2.48
-0.28	4.7
-0.27	1.4
-0.26	1.2
-0.25	1.02
-0.24	1.2
-0.23	1.3
-0.22	1.22
-0.21	1.3
-0.2	0.96
-0.19	0.74
-0.18	0.54
-0.17	0.88
-0.16	0.8
-0.15	0.96
-0.14	0.76
-0.13	0.74
-0.12	0.62
-0.11	0.58
-0.1	0.84
-0.09	0.84
-0.08	1
-0.07	0.68
-0.06	0.6
-0.05	0.94
-0.04	0.8
-0.03	0.62
-0.02	0.94
-0.01	1.1
0	0.9
0.01	0.84
0.02	0.62
0.03	0.74
0.04	0.52
0.05	0.98
0.06	1.02
0.07	0.82
0.08	0.8
0.09	0.68
0.1	0.78
0.11	0.7
0.12	1.06
0.13	0.78
0.14	0.62
0.15	0.68
0.16	0.56
0.17	0.68
0.18	0.88
0.19	0.72
0.2	0.82
0.21	1.1
0.22	0.84
0.23	0.92
0.24	1.48
0.25	1.26
0.26	2.74
0.27	3.3
0.28	1.76
0.29	3.6
0.3	3.86
0.31	3.54
0.32	2.7
0.33	3.28
0.34	2.26
0.35	4.06
0.36	3.46
0.37	2.58
0.38	2.22
0.39	1.96
0.4	2.62
0.41	2.48
0.42	2.6
0.43	1.92
0.44	1.94
0.45	2.3
0.46	2.78
0.47	1.72
0.48	1.94
0.49	2.08
0.5	1.96
0.51	2.04
0.52	2.36
0.53	1.92
0.54	3.22
0.55	2.2
0.56	1.68
0.57	1.44
0.58	1.22
0.59	1.38
0.6	1.48
0.61	1.24
0.62	1.32
0.63	1.04
0.64	0.94
0.65	0.8
0.66	1.44
0.67	0.64
0.68	0.58
0.69	0.7
0.7	0.62
0.71	0.58
0.72	0.34
0.73	0.36
0.74	0.56
0.75	0.46
0.76	0.48
0.77	0.86
0.78	0.76
0.79	0.58
0.8	0.3
0.81	0.44
0.82	0.5
0.83	0.22
0.84	0.22
0.85	0.72
0.86	0.86
0.87	0.6
0.88	0.42
0.89	0.26
0.9	0.06
0.91	0.2
0.92	0.48
0.93	0.16
0.94	0.82
0.95	0.12
0.96	0.14
0.97	0.1
0.98	0.28
0.99	0.18
1	0
1.01	0
1.02	0
1.03	0
1.04	0
1.05	0
1.06	0
1.07	0
1.08	0
1.09	0
1.1	0
1.11	0
1.12	0
1.13	0
1.14	0
1.15	0
1.16	0
1.17	0
1.18	0
1.19	0
1.2	0
1.21	0
1.22	0
1.23	0
1.24	0
1.25	0
1.26	0
1.27	0
1.28	0
1.29	0
1.3	0
1.31	0
1.32	0
1.33	0
1.34	0
1.35	0
1.36	0
1.37	0
1.38	0
1.39	0
1.4	0
1.41	0
1.42	0
1.43	0
1.44	0
1.45	0
1.46	0
1.47	0
1.48	0
1.49	0
1.5	0
1.51	0
1.52	0
1.53	0
1.54	0
1.55	0
1.56	0
1.57	0
1.58	0
1.59	0
1.6	0
1.61	0
1.62	0
1.63	0
1.64	0
1.65	0
1.66	0
1.67	0
1.68	0
1.69	0
1.7	0
1.71	0
1.72	0
1.73	0
1.74	0
1.75	0
1.76	0
1.77	0
1.78	0
1.79	0
1.8	0
1.81	0
1.82	0
1.83	0
1.84	0
1.85	0
1.86	0
1.87	0
1.88	0
1.89	0
1.9	0
1.91	0
1.92	0
1.93	0
1.94	0
1.95	0
1.96	0
1.97	0
1.98	0
1.99	0
2	0
