0.02		0		0.589825
0.02		0.1		1.08309
0.02		0.2		0.905419
0.02		0.3		1.42362
0.02		0.4		1.10742
0.02		0.5		1.09104
0.02		0.6		1.43185
0.02		0.7		0.914245
0.02		0.8		1.07805
0.04		0		0.566461
0.04		0.1		1.09512
0.04		0.2		0.906637
0.04		0.3		1.44532
0.04		0.4		1.11875
0.04		0.5		1.10515
0.04		0.6		1.45364
0.04		0.7		0.917967
0.04		0.8		1.09117
0.06		0		0.543466
0.06		0.1		1.08748
0.06		0.2		0.901858
0.06		0.3		1.44207
0.06		0.4		1.11584
0.06		0.5		1.10309
0.06		0.6		1.44741
0.06		0.7		0.916464
0.06		0.8		1.0851
0.08		0		0.519065
0.08		0.1		1.0671
0.08		0.2		0.887764
0.08		0.3		1.42281
0.08		0.4		1.10044
0.08		0.5		1.08847
0.08		0.6		1.42625
0.08		0.7		0.904664
0.08		0.8		1.06415
0.1		0		0.494851
0.1		0.1		1.03666
0.1		0.2		0.867171
0.1		0.3		1.39486
0.1		0.4		1.0758
0.1		0.5		1.06435
0.1		0.6		1.39644
0.1		0.7		0.883958
0.1		0.8		1.03471
0.12		0		0.467239
0.12		0.1		0.999692
0.12		0.2		0.838121
0.12		0.3		1.35346
0.12		0.4		1.04582
0.12		0.5		1.03323
0.12		0.6		1.36037
0.12		0.7		0.854882
0.12		0.8		0.995139
0.14		0		0.441197
0.14		0.1		0.953595
0.14		0.2		0.805087
0.14		0.3		1.30669
0.14		0.4		1.00551
0.14		0.5		0.998377
0.14		0.6		1.31101
0.14		0.7		0.819682
0.14		0.8		0.952119
0.16		0		0.417113
0.16		0.1		0.899813
0.16		0.2		0.767922
0.16		0.3		1.26081
0.16		0.4		0.961983
0.16		0.5		0.951707
0.16		0.6		1.25899
0.16		0.7		0.784859
0.16		0.8		0.896755
0.18		0		0.389146
0.18		0.1		0.849293
0.18		0.2		0.726198
0.18		0.3		1.2056
0.18		0.4		0.918919
0.18		0.5		0.899639
0.18		0.6		1.20172
0.18		0.7		0.744464
0.18		0.8		0.85306
0.2		0		0.358257
0.2		0.1		0.800046
0.2		0.2		0.687004
0.2		0.3		1.12556
0.2		0.4		0.864923
0.2		0.5		0.852501
0.2		0.6		1.13494
0.2		0.7		0.694522
0.2		0.8		0.796804
0.22		0		0.341575
0.22		0.1		0.752314
0.22		0.2		0.645232
0.22		0.3		1.06558
0.22		0.4		0.817306
0.22		0.5		0.797804
0.22		0.6		1.07138
0.22		0.7		0.661473
0.22		0.8		0.750703
0.24		0		0.316872
0.24		0.1		0.69264
0.24		0.2		0.602722
0.24		0.3		0.99271
0.24		0.4		0.765851
0.24		0.5		0.751006
0.24		0.6		0.99841
0.24		0.7		0.621088
0.24		0.8		0.685111
0.26		0		0.294199
0.26		0.1		0.647767
0.26		0.2		0.573193
0.26		0.3		0.926205
0.26		0.4		0.70839
0.26		0.5		0.703306
0.26		0.6		0.933943
0.26		0.7		0.581649
0.26		0.8		0.631142
0.28		0		0.272199
0.28		0.1		0.602679
0.28		0.2		0.52928
0.28		0.3		0.85487
0.28		0.4		0.673632
0.28		0.5		0.649305
0.28		0.6		0.852603
0.28		0.7		0.545313
0.28		0.8		0.598745
0.3		0		0.250868
0.3		0.1		0.559667
0.3		0.2		0.499927
0.3		0.3		0.791735
0.3		0.4		0.628217
0.3		0.5		0.615494
0.3		0.6		0.806228
0.3		0.7		0.512264
0.3		0.8		0.547196
0.32		0		0.240179
0.32		0.1		0.516381
0.32		0.2		0.476825
0.32		0.3		0.737603
0.32		0.4		0.570883
0.32		0.5		0.577762
0.32		0.6		0.742435
0.32		0.7		0.483713
0.32		0.8		0.509131
0.34		0		0.229586
0.34		0.1		0.478309
0.34		0.2		0.44525
0.34		0.3		0.68041
0.34		0.4		0.545128
0.34		0.5		0.533867
0.34		0.6		0.689826
0.34		0.7		0.454093
0.34		0.8		0.474668
0.36		0		0.210547
0.36		0.1		0.449137
0.36		0.2		0.429691
0.36		0.3		0.62511
0.36		0.4		0.512141
0.36		0.5		0.507358
0.36		0.6		0.634748
0.36		0.7		0.42271
0.36		0.8		0.431484
0.38		0		0.200418
0.38		0.1		0.411521
0.38		0.2		0.396357
0.38		0.3		0.584025
0.38		0.4		0.487905
0.38		0.5		0.473431
0.38		0.6		0.575471
0.38		0.7		0.411585
0.38		0.8		0.40154
0.4		0		0.186484
0.4		0.1		0.373758
0.4		0.2		0.373632
0.4		0.3		0.537683
0.4		0.4		0.458638
0.4		0.5		0.440247
0.4		0.6		0.54287
0.4		0.7		0.394093
0.4		0.8		0.371553
0.42		0		0.181089
0.42		0.1		0.347691
0.42		0.2		0.361445
0.42		0.3		0.497921
0.42		0.4		0.423782
0.42		0.5		0.418267
0.42		0.6		0.49226
0.42		0.7		0.365836
0.42		0.8		0.35043
0.44		0		0.166379
0.44		0.1		0.3247
0.44		0.2		0.341942
0.44		0.3		0.453293
0.44		0.4		0.397311
0.44		0.5		0.403628
0.44		0.6		0.452867
0.44		0.7		0.346776
0.44		0.8		0.325965
0.46		0		0.162867
0.46		0.1		0.314045
0.46		0.2		0.329387
0.46		0.3		0.429369
0.46		0.4		0.372627
0.46		0.5		0.381592
0.46		0.6		0.419695
0.46		0.7		0.331709
0.46		0.8		0.304384
0.48		0		0.145418
0.48		0.1		0.28646
0.48		0.2		0.309112
0.48		0.3		0.387921
0.48		0.4		0.364949
0.48		0.5		0.360141
0.48		0.6		0.387299
0.48		0.7		0.314159
0.48		0.8		0.28406
0.5		0		0.144052
0.5		0.1		0.265185
0.5		0.2		0.300469
0.5		0.3		0.358086
0.5		0.4		0.342089
0.5		0.5		0.342464
0.5		0.6		0.370012
0.5		0.7		0.30281
0.5		0.8		0.27742
0.52		0		0.140267
0.52		0.1		0.243417
0.52		0.2		0.282646
0.52		0.3		0.347416
0.52		0.4		0.327949
0.52		0.5		0.318957
0.52		0.6		0.346129
0.52		0.7		0.283054
0.52		0.8		0.24259
0.54		0		0.131578
0.54		0.1		0.229739
0.54		0.2		0.267525
0.54		0.3		0.306753
0.54		0.4		0.307952
0.54		0.5		0.311645
0.54		0.6		0.321813
0.54		0.7		0.283724
0.54		0.8		0.232225
0.56		0		0.132542
0.56		0.1		0.215445
0.56		0.2		0.258891
0.56		0.3		0.304026
0.56		0.4		0.291195
0.56		0.5		0.288503
0.56		0.6		0.305693
0.56		0.7		0.257041
0.56		0.8		0.221025
0.58		0		0.117307
0.58		0.1		0.21081
0.58		0.2		0.264791
0.58		0.3		0.281903
0.58		0.4		0.2697
0.58		0.5		0.279571
0.58		0.6		0.275392
0.58		0.7		0.250828
0.58		0.8		0.213248
0.6		0		0.11454
0.6		0.1		0.200213
0.6		0.2		0.232027
0.6		0.3		0.265289
0.6		0.4		0.269787
0.6		0.5		0.267962
0.6		0.6		0.266286
0.6		0.7		0.247415
0.6		0.8		0.201078
0.62		0		0.109074
0.62		0.1		0.186858
0.62		0.2		0.229376
0.62		0.3		0.246222
0.62		0.4		0.263577
0.62		0.5		0.253747
0.62		0.6		0.253698
0.62		0.7		0.2302
0.62		0.8		0.192463
0.64		0		0.103857
0.64		0.1		0.18371
0.64		0.2		0.21921
0.64		0.3		0.238226
0.64		0.4		0.244919
0.64		0.5		0.247526
0.64		0.6		0.230219
0.64		0.7		0.220676
0.64		0.8		0.175545
0.66		0		0.102404
0.66		0.1		0.167714
0.66		0.2		0.201766
0.66		0.3		0.236327
0.66		0.4		0.232916
0.66		0.5		0.223848
0.66		0.6		0.225054
0.66		0.7		0.20605
0.66		0.8		0.173166
0.68		0		0.100999
0.68		0.1		0.168453
0.68		0.2		0.206095
0.68		0.3		0.215862
0.68		0.4		0.222393
0.68		0.5		0.221514
0.68		0.6		0.207072
0.68		0.7		0.205742
0.68		0.8		0.160148
0.7		0		0.094135
0.7		0.1		0.155367
0.7		0.2		0.190309
0.7		0.3		0.203829
0.7		0.4		0.219992
0.7		0.5		0.216531
0.7		0.6		0.204709
0.7		0.7		0.191969
0.7		0.8		0.152601
0.72		0		0.0907992
0.72		0.1		0.146984
0.72		0.2		0.180907
0.72		0.3		0.191513
0.72		0.4		0.210994
0.72		0.5		0.209551
0.72		0.6		0.191749
0.72		0.7		0.187059
0.72		0.8		0.148648
0.74		0		0.0867288
0.74		0.1		0.142186
0.74		0.2		0.171564
0.74		0.3		0.180227
0.74		0.4		0.201767
0.74		0.5		0.195149
0.74		0.6		0.184131
0.74		0.7		0.175497
0.74		0.8		0.144543
0.76		0		0.088454
0.76		0.1		0.138662
0.76		0.2		0.165901
0.76		0.3		0.176436
0.76		0.4		0.189838
0.76		0.5		0.192699
0.76		0.6		0.176882
0.76		0.7		0.170094
0.76		0.8		0.130505
0.78		0		0.0837732
0.78		0.1		0.128849
0.78		0.2		0.160072
0.78		0.3		0.17188
0.78		0.4		0.183058
0.78		0.5		0.185118
0.78		0.6		0.172101
0.78		0.7		0.167363
0.78		0.8		0.133376
0.8		0		0.0815634
0.8		0.1		0.130012
0.8		0.2		0.157687
0.8		0.3		0.169633
0.8		0.4		0.169395
0.8		0.5		0.174649
0.8		0.6		0.169349
0.8		0.7		0.158275
0.8		0.8		0.130613
0.82		0		0.0764417
0.82		0.1		0.123842
0.82		0.2		0.149405
0.82		0.3		0.151966
0.82		0.4		0.160807
0.82		0.5		0.168793
0.82		0.6		0.15894
0.82		0.7		0.148672
0.82		0.8		0.124727
0.84		0		0.0698036
0.84		0.1		0.117806
0.84		0.2		0.148547
0.84		0.3		0.148395
0.84		0.4		0.159377
0.84		0.5		0.160773
0.84		0.6		0.146952
0.84		0.7		0.147792
0.84		0.8		0.118446
0.86		0		0.0704721
0.86		0.1		0.114176
0.86		0.2		0.135997
0.86		0.3		0.13835
0.86		0.4		0.156263
0.86		0.5		0.156511
0.86		0.6		0.144994
0.86		0.7		0.134673
0.86		0.8		0.117079
0.88		0		0.0708971
0.88		0.1		0.105978
0.88		0.2		0.133068
0.88		0.3		0.140965
0.88		0.4		0.149649
0.88		0.5		0.143287
0.88		0.6		0.140686
0.88		0.7		0.137376
0.88		0.8		0.114198
0.9		0		0.0701073
0.9		0.1		0.109335
0.9		0.2		0.131136
0.9		0.3		0.137204
0.9		0.4		0.150812
0.9		0.5		0.144362
0.9		0.6		0.133764
0.9		0.7		0.124654
0.9		0.8		0.107654
0.92		0		0.0631693
0.92		0.1		0.0999124
0.92		0.2		0.130412
0.92		0.3		0.132112
0.92		0.4		0.133884
0.92		0.5		0.139263
0.92		0.6		0.136213
0.92		0.7		0.1215
0.92		0.8		0.106821
0.94		0		0.0632128
0.94		0.1		0.0941836
0.94		0.2		0.121776
0.94		0.3		0.128791
0.94		0.4		0.136847
0.94		0.5		0.130836
0.94		0.6		0.122944
0.94		0.7		0.125262
0.94		0.8		0.099925
0.96		0		0.0630838
0.96		0.1		0.101424
0.96		0.2		0.119113
0.96		0.3		0.119366
0.96		0.4		0.128406
0.96		0.5		0.124793
0.96		0.6		0.12675
0.96		0.7		0.115001
0.96		0.8		0.104115
0.98		0		0.0558302
0.98		0.1		0.0933922
0.98		0.2		0.112932
0.98		0.3		0.120039
0.98		0.4		0.130276
0.98		0.5		0.127406
0.98		0.6		0.12104
0.98		0.7		0.11379
0.98		0.8		0.0997705
1		0		0.0581755
1		0.1		0.0903697
1		0.2		0.112163
1		0.3		0.112885
1		0.4		0.120643
1		0.5		0.123452
1		0.6		0.12085
1		0.7		0.111184
1		0.8		0.0937101
1.02		0		0.0521913
1.02		0.1		0.0909508
1.02		0.2		0.111356
1.02		0.3		0.113268
1.02		0.4		0.118153
1.02		0.5		0.119089
1.02		0.6		0.114003
1.02		0.7		0.11375
1.02		0.8		0.0907294
1.04		0		0.0535359
1.04		0.1		0.08993
1.04		0.2		0.105739
1.04		0.3		0.115032
1.04		0.4		0.120152
1.04		0.5		0.124125
1.04		0.6		0.116983
1.04		0.7		0.107025
1.04		0.8		0.0868134
1.06		0		0.0569719
1.06		0.1		0.0895229
1.06		0.2		0.106671
1.06		0.3		0.107165
1.06		0.4		0.117662
1.06		0.5		0.113811
1.06		0.6		0.112581
1.06		0.7		0.105646
1.06		0.8		0.0867293
1.08		0		0.0502132
1.08		0.1		0.088344
1.08		0.2		0.0998488
1.08		0.3		0.108305
1.08		0.4		0.116552
1.08		0.5		0.118569
1.08		0.6		0.108182
1.08		0.7		0.113434
1.08		0.8		0.0879207
1.1		0		0.0534394
1.1		0.1		0.0872011
1.1		0.2		0.0972155
1.1		0.3		0.109167
1.1		0.4		0.108959
1.1		0.5		0.107096
1.1		0.6		0.103683
1.1		0.7		0.102735
1.1		0.8		0.0843988
1.12		0		0.049529
1.12		0.1		0.074172
1.12		0.2		0.105544
1.12		0.3		0.1084
1.12		0.4		0.112755
1.12		0.5		0.110645
1.12		0.6		0.105601
1.12		0.7		0.0978005
1.12		0.8		0.0819672
1.14		0		0.0515294
1.14		0.1		0.0795399
1.14		0.2		0.0973927
1.14		0.3		0.104202
1.14		0.4		0.109081
1.14		0.5		0.104655
1.14		0.6		0.107114
1.14		0.7		0.0909075
1.14		0.8		0.0791295
1.16		0		0.050613
1.16		0.1		0.0819811
1.16		0.2		0.0950287
1.16		0.3		0.100018
1.16		0.4		0.104431
1.16		0.5		0.108704
1.16		0.6		0.0996295
1.16		0.7		0.0906012
1.16		0.8		0.0834079
1.18		0		0.0511724
1.18		0.1		0.0821513
1.18		0.2		0.0981744
1.18		0.3		0.0953015
1.18		0.4		0.099906
1.18		0.5		0.106591
1.18		0.6		0.0982816
1.18		0.7		0.0927294
1.18		0.8		0.0801753
1.2		0		0.048177
1.2		0.1		0.0788819
1.2		0.2		0.0932089
1.2		0.3		0.0965579
1.2		0.4		0.105865
1.2		0.5		0.0992947
1.2		0.6		0.0934164
1.2		0.7		0.0926508
1.2		0.8		0.0769858
1.22		0		0.0481566
1.22		0.1		0.0840958
1.22		0.2		0.0899136
1.22		0.3		0.0936525
1.22		0.4		0.0975603
1.22		0.5		0.101002
1.22		0.6		0.0957404
1.22		0.7		0.096136
1.22		0.8		0.0769586
1.24		0		0.0463336
1.24		0.1		0.071718
1.24		0.2		0.0870167
1.24		0.3		0.0972121
1.24		0.4		0.102768
1.24		0.5		0.0963992
1.24		0.6		0.0949109
1.24		0.7		0.0866062
1.24		0.8		0.0792446
1.26		0		0.0460001
1.26		0.1		0.0742785
1.26		0.2		0.0890611
1.26		0.3		0.094172
1.26		0.4		0.101904
1.26		0.5		0.0980586
1.26		0.6		0.102501
1.26		0.7		0.0839038
1.26		0.8		0.0734987
1.28		0		0.0465705
1.28		0.1		0.0735212
1.28		0.2		0.0844088
1.28		0.3		0.0904088
1.28		0.4		0.0913894
1.28		0.5		0.0963297
1.28		0.6		0.0907919
1.28		0.7		0.0891086
1.28		0.8		0.0711276
1.3		0		0.0386066
1.3		0.1		0.074673
1.3		0.2		0.084759
1.3		0.3		0.0934162
1.3		0.4		0.0936807
1.3		0.5		0.0927989
1.3		0.6		0.0896482
1.3		0.7		0.0798052
1.3		0.8		0.0722351
1.32		0		0.0435392
1.32		0.1		0.0715263
1.32		0.2		0.0784958
1.32		0.3		0.0910044
1.32		0.4		0.0901423
1.32		0.5		0.0907203
1.32		0.6		0.0851096
1.32		0.7		0.0867144
1.32		0.8		0.0709546
1.34		0		0.042234
1.34		0.1		0.0736857
1.34		0.2		0.0813006
1.34		0.3		0.0862068
1.34		0.4		0.0916826
1.34		0.5		0.089569
1.34		0.6		0.0849985
1.34		0.7		0.0837469
1.34		0.8		0.0668419
1.36		0		0.0445147
1.36		0.1		0.0701121
1.36		0.2		0.0784322
1.36		0.3		0.0891942
1.36		0.4		0.0937575
1.36		0.5		0.0922515
1.36		0.6		0.0917829
1.36		0.7		0.0828727
1.36		0.8		0.0658957
1.38		0		0.0428601
1.38		0.1		0.0695513
1.38		0.2		0.0765051
1.38		0.3		0.0808771
1.38		0.4		0.0869846
1.38		0.5		0.0887095
1.38		0.6		0.0853503
1.38		0.7		0.0777863
1.38		0.8		0.0658321
1.4		0		0.042867
1.4		0.1		0.0639013
1.4		0.2		0.0822655
1.4		0.3		0.0838025
1.4		0.4		0.0876379
1.4		0.5		0.0901215
1.4		0.6		0.0836482
1.4		0.7		0.0733653
1.4		0.8		0.0675669
1.42		0		0.0401768
1.42		0.1		0.0632368
1.42		0.2		0.0731918
1.42		0.3		0.0840114
1.42		0.4		0.085328
1.42		0.5		0.0868552
1.42		0.6		0.0832751
1.42		0.7		0.0708267
1.42		0.8		0.0676144
1.44		0		0.0416697
1.44		0.1		0.0612878
1.44		0.2		0.0761564
1.44		0.3		0.0799561
1.44		0.4		0.0830732
1.44		0.5		0.0836025
1.44		0.6		0.0832965
1.44		0.7		0.0762565
1.44		0.8		0.0635222
1.46		0		0.0397474
1.46		0.1		0.0651638
1.46		0.2		0.0710551
1.46		0.3		0.0829082
1.46		0.4		0.0819287
1.46		0.5		0.0853489
1.46		0.6		0.0793172
1.46		0.7		0.0733702
1.46		0.8		0.0674763
1.48		0		0.0414138
1.48		0.1		0.0659157
1.48		0.2		0.07069
1.48		0.3		0.0818469
1.48		0.4		0.0846145
1.48		0.5		0.0798197
1.48		0.6		0.0787081
1.48		0.7		0.073011
1.48		0.8		0.0651322
1.5		0		0.0416528
1.5		0.1		0.0597938
1.5		0.2		0.0745097
1.5		0.3		0.0802759
1.5		0.4		0.0796663
1.5		0.5		0.0810377
1.5		0.6		0.0816246
1.5		0.7		0.071043
1.5		0.8		0.0622595
1.52		0		0.0424471
1.52		0.1		0.0615222
1.52		0.2		0.0744643
1.52		0.3		0.079824
1.52		0.4		0.0780122
1.52		0.5		0.0790334
1.52		0.6		0.077724
1.52		0.7		0.0733175
1.52		0.8		0.0635668
1.54		0		0.0369324
1.54		0.1		0.0603574
1.54		0.2		0.0708906
1.54		0.3		0.0787498
1.54		0.4		0.075718
1.54		0.5		0.0794587
1.54		0.6		0.0741821
1.54		0.7		0.071932
1.54		0.8		0.0596673
1.56		0		0.0410593
1.56		0.1		0.0602972
1.56		0.2		0.0692042
1.56		0.3		0.0749575
1.56		0.4		0.0804042
1.56		0.5		0.0780868
1.56		0.6		0.0772645
1.56		0.7		0.0719731
1.56		0.8		0.0583516
1.58		0		0.0377021
1.58		0.1		0.0592337
1.58		0.2		0.0713978
1.58		0.3		0.0791007
1.58		0.4		0.0780579
1.58		0.5		0.0820861
1.58		0.6		0.0735416
1.58		0.7		0.0699959
1.58		0.8		0.0586513
1.6		0		0.0403542
1.6		0.1		0.0590668
1.6		0.2		0.0650524
1.6		0.3		0.0749402
1.6		0.4		0.0800568
1.6		0.5		0.0769877
1.6		0.6		0.0737592
1.6		0.7		0.0671867
1.6		0.8		0.0570345
1.62		0		0.0363247
1.62		0.1		0.060413
1.62		0.2		0.0681567
1.62		0.3		0.0771598
1.62		0.4		0.0756333
1.62		0.5		0.0766474
1.62		0.6		0.0739264
1.62		0.7		0.0654153
1.62		0.8		0.0593795
1.64		0		0.0385882
1.64		0.1		0.0602608
1.64		0.2		0.068492
1.64		0.3		0.0722965
1.64		0.4		0.0801304
1.64		0.5		0.0745866
1.64		0.6		0.0715516
1.64		0.7		0.0665501
1.64		0.8		0.0543074
1.66		0		0.0362974
1.66		0.1		0.0571679
1.66		0.2		0.0663902
1.66		0.3		0.0680825
1.66		0.4		0.0741555
1.66		0.5		0.0726809
1.66		0.6		0.076054
1.66		0.7		0.0685836
1.66		0.8		0.056425
1.68		0		0.0352473
1.68		0.1		0.0551782
1.68		0.2		0.0690521
1.68		0.3		0.0752245
1.68		0.4		0.0723955
1.68		0.5		0.0780217
1.68		0.6		0.0726891
1.68		0.7		0.066838
1.68		0.8		0.0569277
1.7		0		0.0372794
1.7		0.1		0.056228
1.7		0.2		0.0680683
1.7		0.3		0.0722139
1.7		0.4		0.0733617
1.7		0.5		0.0740763
1.7		0.6		0.0694431
1.7		0.7		0.0671938
1.7		0.8		0.055324
1.72		0		0.0378256
1.72		0.1		0.0533717
1.72		0.2		0.0685077
1.72		0.3		0.0736491
1.72		0.4		0.0751067
1.72		0.5		0.0715883
1.72		0.6		0.0692419
1.72		0.7		0.0649429
1.72		0.8		0.0567539
1.74		0		0.0370927
1.74		0.1		0.0519725
1.74		0.2		0.0629731
1.74		0.3		0.0708597
1.74		0.4		0.0728742
1.74		0.5		0.0721772
1.74		0.6		0.0703837
1.74		0.7		0.0648216
1.74		0.8		0.0551907
1.76		0		0.0371733
1.76		0.1		0.0538052
1.76		0.2		0.0652488
1.76		0.3		0.0675842
1.76		0.4		0.0726292
1.76		0.5		0.0693486
1.76		0.6		0.0706584
1.76		0.7		0.06545
1.76		0.8		0.0541838
1.78		0		0.0370121
1.78		0.1		0.0538456
1.78		0.2		0.0650477
1.78		0.3		0.0698243
1.78		0.4		0.0700143
1.78		0.5		0.0749008
1.78		0.6		0.0702963
1.78		0.7		0.0658805
1.78		0.8		0.0500145
1.8		0		0.0369495
1.8		0.1		0.0566849
1.8		0.2		0.0637164
1.8		0.3		0.0669262
1.8		0.4		0.0699756
1.8		0.5		0.06934
1.8		0.6		0.0653643
1.8		0.7		0.0667331
1.8		0.8		0.055957
1.82		0		0.0376367
1.82		0.1		0.0534287
1.82		0.2		0.0614004
1.82		0.3		0.0694359
1.82		0.4		0.069144
1.82		0.5		0.0710775
1.82		0.6		0.0725091
1.82		0.7		0.0620085
1.82		0.8		0.0568764
1.84		0		0.0354687
1.84		0.1		0.0560747
1.84		0.2		0.0617596
1.84		0.3		0.0679469
1.84		0.4		0.0668844
1.84		0.5		0.0704887
1.84		0.6		0.0687348
1.84		0.7		0.0633993
1.84		0.8		0.0555172
1.86		0		0.0349712
1.86		0.1		0.0530625
1.86		0.2		0.0611869
1.86		0.3		0.0672476
1.86		0.4		0.0740741
1.86		0.5		0.0683223
1.86		0.6		0.0678125
1.86		0.7		0.0608942
1.86		0.8		0.05506
1.88		0		0.0375684
1.88		0.1		0.0506992
1.88		0.2		0.0638653
1.88		0.3		0.0670321
1.88		0.4		0.0699601
1.88		0.5		0.0735765
1.88		0.6		0.0681437
1.88		0.7		0.0609949
1.88		0.8		0.0523917
1.9		0		0.03603
1.9		0.1		0.0556726
1.9		0.2		0.0624956
1.9		0.3		0.0689727
1.9		0.4		0.0711183
1.9		0.5		0.0711189
1.9		0.6		0.0696159
1.9		0.7		0.0620826
1.9		0.8		0.0555953
1.92		0		0.0344241
1.92		0.1		0.0521612
1.92		0.2		0.064496
1.92		0.3		0.0673104
1.92		0.4		0.0708424
1.92		0.5		0.0695412
1.92		0.6		0.0683226
1.92		0.7		0.0623003
1.92		0.8		0.0540693
1.94		0		0.0370723
1.94		0.1		0.0526823
1.94		0.2		0.0587357
1.94		0.3		0.0706633
1.94		0.4		0.0685499
1.94		0.5		0.0746584
1.94		0.6		0.0673444
1.94		0.7		0.0623726
1.94		0.8		0.0557532
1.96		0		0.0352266
1.96		0.1		0.0521689
1.96		0.2		0.063505
1.96		0.3		0.067151
1.96		0.4		0.0684658
1.96		0.5		0.0709346
1.96		0.6		0.0703226
1.96		0.7		0.0628341
1.96		0.8		0.0554638
1.98		0		0.0340098
1.98		0.1		0.0562502
1.98		0.2		0.0637399
1.98		0.3		0.0672292
1.98		0.4		0.0701864
1.98		0.5		0.0734705
1.98		0.6		0.0713914
1.98		0.7		0.0600292
1.98		0.8		0.0549016
2		0		0.0326563
2		0.1		0.0545552
2		0.2		0.0633312
2		0.3		0.0693707
2		0.4		0.0716281
2		0.5		0.0703973
2		0.6		0.0725321
2		0.7		0.0628432
2		0.8		0.0549525
