0.02		0		1
0.02		0.0666667		1
0.02		0.133333		0.588613
0.02		0.2		0.996195
0.02		0.266667		1
0.02		0.333333		0.987086
0.02		0.4		1
0.02		0.466667		0.964816
0.02		0.533333		0.815245
0.02		0.6		1
0.02		0.666667		0.795241
0.02		0.733333		1
0.02		0.8		0.905794
0.02		0.866667		0.756428
0.02		0.933333		1
0.04		0		1
0.04		0.0666667		1
0.04		0.133333		0.916195
0.04		0.2		0.784382
0.04		0.266667		1
0.04		0.333333		0.659557
0.04		0.4		1
0.04		0.466667		0.928342
0.04		0.533333		0.861017
0.04		0.6		1
0.04		0.666667		0.705846
0.04		0.733333		1
0.04		0.8		0.988123
0.04		0.866667		0.838491
0.04		0.933333		1
0.06		0		1
0.06		0.0666667		1
0.06		0.133333		0.969282
0.06		0.2		0.932998
0.06		0.266667		1
0.06		0.333333		0.919668
0.06		0.4		1
0.06		0.466667		0.789563
0.06		0.533333		0.781031
0.06		0.6		1
0.06		0.666667		0.728995
0.06		0.733333		1
0.06		0.8		0.819294
0.06		0.866667		0.683964
0.06		0.933333		1
0.08		0		1
0.08		0.0666667		1
0.08		0.133333		0.716273
0.08		0.2		0.914762
0.08		0.266667		1
0.08		0.333333		0.790731
0.08		0.4		1
0.08		0.466667		0.885331
0.08		0.533333		0.864849
0.08		0.6		1
0.08		0.666667		0.86497
0.08		0.733333		1
0.08		0.8		0.989803
0.08		0.866667		0.688725
0.08		0.933333		1
0.1		0		1
0.1		0.0666667		1
0.1		0.133333		0.884255
0.1		0.2		0.830823
0.1		0.266667		1
0.1		0.333333		0.788307
0.1		0.4		1
0.1		0.466667		0.816752
0.1		0.533333		0.787517
0.1		0.6		1
0.1		0.666667		0.713868
0.1		0.733333		1
0.1		0.8		0.957676
0.1		0.866667		0.717389
0.1		0.933333		1
0.12		0		1
0.12		0.0666667		1
0.12		0.133333		0.80514
0.12		0.2		0.991712
0.12		0.266667		1
0.12		0.333333		0.876955
0.12		0.4		1
0.12		0.466667		0.851387
0.12		0.533333		0.835664
0.12		0.6		1
0.12		0.666667		0.670858
0.12		0.733333		1
0.12		0.8		0.999369
0.12		0.866667		0.809057
0.12		0.933333		1
0.14		0		1
0.14		0.0666667		1
0.14		0.133333		0.77959
0.14		0.2		0.957822
0.14		0.266667		1
0.14		0.333333		0.901239
0.14		0.4		1
0.14		0.466667		0.858058
0.14		0.533333		0.866899
0.14		0.6		1
0.14		0.666667		0.544378
0.14		0.733333		1
0.14		0.8		0.895514
0.14		0.866667		0.961514
0.14		0.933333		1
0.16		0		1
0.16		0.0666667		1
0.16		0.133333		0.727529
0.16		0.2		0.893256
0.16		0.266667		1
0.16		0.333333		0.70494
0.16		0.4		1
0.16		0.466667		0.975445
0.16		0.533333		0.816203
0.16		0.6		1
0.16		0.666667		0.874217
0.16		0.733333		1
0.16		0.8		0.877291
0.16		0.866667		0.935341
0.16		0.933333		1
0.18		0		1
0.18		0.0666667		1
0.18		0.133333		0.733606
0.18		0.2		0.92624
0.18		0.266667		1
0.18		0.333333		0.908786
0.18		0.4		1
0.18		0.466667		0.699785
0.18		0.533333		0.76392
0.18		0.6		1
0.18		0.666667		0.660112
0.18		0.733333		1
0.18		0.8		0.989417
0.18		0.866667		0.803367
0.18		0.933333		1
0.2		0		1
0.2		0.0666667		1
0.2		0.133333		0.637278
0.2		0.2		0.901811
0.2		0.266667		1
0.2		0.333333		0.786851
0.2		0.4		0.990003
0.2		0.466667		0.90169
0.2		0.533333		0.943957
0.2		0.6		1
0.2		0.666667		0.708329
0.2		0.733333		1
0.2		0.8		0.987848
0.2		0.866667		0.735999
0.2		0.933333		1
0.22		0		1
0.22		0.0666667		1
0.22		0.133333		0.860588
0.22		0.2		0.999971
0.22		0.266667		1
0.22		0.333333		0.883161
0.22		0.4		0.987109
0.22		0.466667		0.693452
0.22		0.533333		0.696824
0.22		0.6		1
0.22		0.666667		0.816817
0.22		0.733333		0.968662
0.22		0.8		0.995902
0.22		0.866667		0.949947
0.22		0.933333		1
0.24		0		1
0.24		0.0666667		1
0.24		0.133333		0.937455
0.24		0.2		0.754419
0.24		0.266667		1
0.24		0.333333		0.808486
0.24		0.4		0.89516
0.24		0.466667		0.977176
0.24		0.533333		0.737418
0.24		0.6		1
0.24		0.666667		0.863963
0.24		0.733333		0.882334
0.24		0.8		0.845688
0.24		0.866667		0.838376
0.24		0.933333		1
0.26		0		1
0.26		0.0666667		1
0.26		0.133333		0.985549
0.26		0.2		0.989603
0.26		0.266667		0.899026
0.26		0.333333		0.877269
0.26		0.4		1
0.26		0.466667		0.841906
0.26		0.533333		0.886989
0.26		0.6		1
0.26		0.666667		0.990156
0.26		0.733333		0.759459
0.26		0.8		0.822497
0.26		0.866667		0.94309
0.26		0.933333		0.999997
0.28		0		1
0.28		0.0666667		1
0.28		0.133333		0.891653
0.28		0.2		0.942035
0.28		0.266667		0.960132
0.28		0.333333		0.999997
0.28		0.4		1
0.28		0.466667		0.975725
0.28		0.533333		0.991715
0.28		0.6		0.999996
0.28		0.666667		0.99937
0.28		0.733333		0.983847
0.28		0.8		0.94749
0.28		0.866667		0.751621
0.28		0.933333		1
0.3		0		1
0.3		0.0666667		1
0.3		0.133333		0.472835
0.3		0.2		0.932768
0.3		0.266667		0.990138
0.3		0.333333		0.905974
0.3		0.4		1
0.3		0.466667		0.90597
0.3		0.533333		0.726042
0.3		0.6		1
0.3		0.666667		0.899403
0.3		0.733333		0.944008
0.3		0.8		0.979436
0.3		0.866667		0.890203
0.3		0.933333		0.999998
0.32		0		1
0.32		0.0666667		1
0.32		0.133333		0.785078
0.32		0.2		0.890947
0.32		0.266667		0.640219
0.32		0.333333		0.651169
0.32		0.4		1
0.32		0.466667		0.864225
0.32		0.533333		0.768043
0.32		0.6		1
0.32		0.666667		0.796735
0.32		0.733333		0.545936
0.32		0.8		0.959468
0.32		0.866667		0.719642
0.32		0.933333		1
0.34		0		1
0.34		0.0666667		1
0.34		0.133333		0.833566
0.34		0.2		0.74808
0.34		0.266667		0.82268
0.34		0.333333		0.821207
0.34		0.4		1
0.34		0.466667		0.821422
0.34		0.533333		0.850399
0.34		0.6		1
0.34		0.666667		0.767928
0.34		0.733333		0.950526
0.34		0.8		0.922887
0.34		0.866667		0.944109
0.34		0.933333		1
0.36		0		1
0.36		0.0666667		1
0.36		0.133333		0.923443
0.36		0.2		0.900157
0.36		0.266667		0.975139
0.36		0.333333		0.870412
0.36		0.4		1
0.36		0.466667		0.963424
0.36		0.533333		0.803505
0.36		0.6		1
0.36		0.666667		0.947429
0.36		0.733333		0.997807
0.36		0.8		0.899486
0.36		0.866667		0.575045
0.36		0.933333		1
0.38		0		1
0.38		0.0666667		1
0.38		0.133333		0.939966
0.38		0.2		0.945073
0.38		0.266667		0.894908
0.38		0.333333		0.94887
0.38		0.4		1
0.38		0.466667		0.79861
0.38		0.533333		0.702695
0.38		0.6		1
0.38		0.666667		0.806314
0.38		0.733333		0.938152
0.38		0.8		0.753824
0.38		0.866667		0.835011
0.38		0.933333		0.999998
0.4		0		1
0.4		0.0666667		1
0.4		0.133333		0.862134
0.4		0.2		0.948168
0.4		0.266667		0.873925
0.4		0.333333		0.804277
0.4		0.4		1
0.4		0.466667		0.978064
0.4		0.533333		0.992519
0.4		0.6		1
0.4		0.666667		0.770926
0.4		0.733333		0.88464
0.4		0.8		0.992123
0.4		0.866667		0.980242
0.4		0.933333		1
0.42		0		1
0.42		0.0666667		1
0.42		0.133333		0.960642
0.42		0.2		0.550898
0.42		0.266667		0.882515
0.42		0.333333		0.94163
0.42		0.4		1
0.42		0.466667		0.817305
0.42		0.533333		0.797136
0.42		0.6		1
0.42		0.666667		0.926397
0.42		0.733333		0.918571
0.42		0.8		0.753939
0.42		0.866667		0.978563
0.42		0.933333		1
0.44		0		1
0.44		0.0666667		1
0.44		0.133333		0.788931
0.44		0.2		0.950208
0.44		0.266667		0.81998
0.44		0.333333		0.721399
0.44		0.4		1
0.44		0.466667		0.792967
0.44		0.533333		0.882076
0.44		0.6		1
0.44		0.666667		0.987223
0.44		0.733333		0.915871
0.44		0.8		0.89017
0.44		0.866667		0.901133
0.44		0.933333		1
0.46		0		1
0.46		0.0666667		1
0.46		0.133333		0.870313
0.46		0.2		0.733247
0.46		0.266667		0.947624
0.46		0.333333		0.917963
0.46		0.4		1
0.46		0.466667		0.873085
0.46		0.533333		0.817223
0.46		0.6		1
0.46		0.666667		0.760409
0.46		0.733333		0.999993
0.46		0.8		0.828675
0.46		0.866667		0.802513
0.46		0.933333		1
0.48		0		1
0.48		0.0666667		1
0.48		0.133333		0.724037
0.48		0.2		0.91361
0.48		0.266667		0.765361
0.48		0.333333		0.865832
0.48		0.4		1
0.48		0.466667		0.889436
0.48		0.533333		0.695612
0.48		0.6		1
0.48		0.666667		0.768301
0.48		0.733333		0.999724
0.48		0.8		0.862607
0.48		0.866667		0.994938
0.48		0.933333		1
0.5		0		1
0.5		0.0666667		0.999998
0.5		0.133333		0.950301
0.5		0.2		0.848045
0.5		0.266667		0.883518
0.5		0.333333		0.995356
0.5		0.4		1
0.5		0.466667		0.838435
0.5		0.533333		0.74862
0.5		0.6		1
0.5		0.666667		0.973281
0.5		0.733333		0.841894
0.5		0.8		0.983929
0.5		0.866667		0.693416
0.5		0.933333		1
0.52		0		1
0.52		0.0666667		1
0.52		0.133333		0.96681
0.52		0.2		0.9959
0.52		0.266667		0.758193
0.52		0.333333		0.961401
0.52		0.4		1
0.52		0.466667		0.695672
0.52		0.533333		0.892512
0.52		0.6		1
0.52		0.666667		0.740389
0.52		0.733333		0.931834
0.52		0.8		0.802587
0.52		0.866667		0.919375
0.52		0.933333		1
0.54		0		1
0.54		0.0666667		1
0.54		0.133333		0.936567
0.54		0.2		0.73586
0.54		0.266667		0.910367
0.54		0.333333		0.896918
0.54		0.4		1
0.54		0.466667		0.903695
0.54		0.533333		0.727232
0.54		0.6		1
0.54		0.666667		0.820468
0.54		0.733333		0.984888
0.54		0.8		0.900033
0.54		0.866667		0.73912
0.54		0.933333		1
0.56		0		1
0.56		0.0666667		1
0.56		0.133333		0.9932
0.56		0.2		0.92146
0.56		0.266667		0.945319
0.56		0.333333		0.780633
0.56		0.4		1
0.56		0.466667		0.891954
0.56		0.533333		0.87568
0.56		0.6		1
0.56		0.666667		0.840132
0.56		0.733333		0.999887
0.56		0.8		0.769056
0.56		0.866667		0.922994
0.56		0.933333		1
0.58		0		1
0.58		0.0666667		1
0.58		0.133333		0.735268
0.58		0.2		0.977844
0.58		0.266667		0.999942
0.58		0.333333		0.904006
0.58		0.4		1
0.58		0.466667		0.946237
0.58		0.533333		0.724186
0.58		0.6		1
0.58		0.666667		0.923645
0.58		0.733333		0.82572
0.58		0.8		0.944246
0.58		0.866667		0.98867
0.58		0.933333		1
0.6		0		1
0.6		0.0666667		1
0.6		0.133333		0.693718
0.6		0.2		0.775786
0.6		0.266667		0.900718
0.6		0.333333		0.787217
0.6		0.4		1
0.6		0.466667		0.949943
0.6		0.533333		0.944536
0.6		0.6		1
0.6		0.666667		0.779823
0.6		0.733333		0.979817
0.6		0.8		0.921436
0.6		0.866667		0.916869
0.6		0.933333		1
0.62		0		1
0.62		0.0666667		1
0.62		0.133333		0.649596
0.62		0.2		0.818423
0.62		0.266667		0.822667
0.62		0.333333		0.999715
0.62		0.4		1
0.62		0.466667		0.971129
0.62		0.533333		0.734782
0.62		0.6		1
0.62		0.666667		0.989255
0.62		0.733333		0.939049
0.62		0.8		0.763892
0.62		0.866667		0.522257
0.62		0.933333		1
0.64		0		1
0.64		0.0666667		1
0.64		0.133333		0.783546
0.64		0.2		0.925135
0.64		0.266667		0.794159
0.64		0.333333		0.962415
0.64		0.4		0.999971
0.64		0.466667		0.780194
0.64		0.533333		0.697021
0.64		0.6		1
0.64		0.666667		0.981834
0.64		0.733333		0.893999
0.64		0.8		0.935485
0.64		0.866667		0.912902
0.64		0.933333		1
0.66		0		1
0.66		0.0666667		1
0.66		0.133333		0.724451
0.66		0.2		0.767863
0.66		0.266667		0.788377
0.66		0.333333		0.999579
0.66		0.4		1
0.66		0.466667		0.770822
0.66		0.533333		0.930385
0.66		0.6		1
0.66		0.666667		0.999874
0.66		0.733333		0.918984
0.66		0.8		0.933428
0.66		0.866667		0.996988
0.66		0.933333		0.999999
0.68		0		1
0.68		0.0666667		1
0.68		0.133333		0.970988
0.68		0.2		0.95998
0.68		0.266667		0.96099
0.68		0.333333		0.99194
0.68		0.4		1
0.68		0.466667		0.781357
0.68		0.533333		0.705752
0.68		0.6		1
0.68		0.666667		0.996565
0.68		0.733333		0.760253
0.68		0.8		0.99901
0.68		0.866667		0.992973
0.68		0.933333		1
0.7		0		0.999999
0.7		0.0666667		1
0.7		0.133333		0.878125
0.7		0.2		0.953228
0.7		0.266667		0.870465
0.7		0.333333		0.861447
0.7		0.4		1
0.7		0.466667		0.976288
0.7		0.533333		0.75969
0.7		0.6		1
0.7		0.666667		0.780153
0.7		0.733333		0.808299
0.7		0.8		0.8644
0.7		0.866667		0.82713
0.7		0.933333		1
0.72		0		1
0.72		0.0666667		1
0.72		0.133333		0.866857
0.72		0.2		0.772256
0.72		0.266667		0.838316
0.72		0.333333		0.995072
0.72		0.4		1
0.72		0.466667		0.872285
0.72		0.533333		0.780863
0.72		0.6		1
0.72		0.666667		0.793529
0.72		0.733333		0.985578
0.72		0.8		0.986278
0.72		0.866667		0.711513
0.72		0.933333		1
0.74		0		1
0.74		0.0666667		1
0.74		0.133333		0.725928
0.74		0.2		0.752087
0.74		0.266667		0.785386
0.74		0.333333		0.948394
0.74		0.4		0.999999
0.74		0.466667		0.834604
0.74		0.533333		0.698303
0.74		0.6		0.999998
0.74		0.666667		0.834625
0.74		0.733333		0.99406
0.74		0.8		0.996097
0.74		0.866667		0.85175
0.74		0.933333		0.999999
0.76		0		1
0.76		0.0666667		1
0.76		0.133333		0.770416
0.76		0.2		0.852763
0.76		0.266667		0.932887
0.76		0.333333		0.713651
0.76		0.4		1
0.76		0.466667		0.899931
0.76		0.533333		0.780695
0.76		0.6		0.875
0.76		0.666667		0.967603
0.76		0.733333		0.961878
0.76		0.8		0.81278
0.76		0.866667		0.473928
0.76		0.933333		1
0.78		0		1
0.78		0.0666667		1
0.78		0.133333		0.89679
0.78		0.2		0.858043
0.78		0.266667		0.995201
0.78		0.333333		0.714961
0.78		0.4		1
0.78		0.466667		0.96201
0.78		0.533333		0.707058
0.78		0.6		1
0.78		0.666667		0.979392
0.78		0.733333		0.910192
0.78		0.8		0.980032
0.78		0.866667		0.490681
0.78		0.933333		1
0.8		0		1
0.8		0.0666667		1
0.8		0.133333		0.707584
0.8		0.2		0.868461
0.8		0.266667		0.944097
0.8		0.333333		0.977035
0.8		0.4		1
0.8		0.466667		0.945449
0.8		0.533333		0.95895
0.8		0.6		1
0.8		0.666667		0.928484
0.8		0.733333		0.86738
0.8		0.8		0.849451
0.8		0.866667		0.607223
0.8		0.933333		1
0.82		0		1
0.82		0.0666667		1
0.82		0.133333		0.849113
0.82		0.2		0.69299
0.82		0.266667		0.765367
0.82		0.333333		0.780948
0.82		0.4		1
0.82		0.466667		0.956903
0.82		0.533333		0.955912
0.82		0.6		1
0.82		0.666667		0.95395
0.82		0.733333		0.967071
0.82		0.8		0.944194
0.82		0.866667		0.783784
0.82		0.933333		1
0.84		0		1
0.84		0.0666667		1
0.84		0.133333		0.98747
0.84		0.2		0.886489
0.84		0.266667		0.988145
0.84		0.333333		0.888842
0.84		0.4		0.999989
0.84		0.466667		0.738929
0.84		0.533333		0.939717
0.84		0.6		1
0.84		0.666667		0.999942
0.84		0.733333		0.801486
0.84		0.8		0.916216
0.84		0.866667		0.701819
0.84		0.933333		1
0.86		0		1
0.86		0.0666667		1
0.86		0.133333		0.637064
0.86		0.2		0.966863
0.86		0.266667		0.953033
0.86		0.333333		0.774529
0.86		0.4		1
0.86		0.466667		0.985048
0.86		0.533333		0.862419
0.86		0.6		1
0.86		0.666667		0.887048
0.86		0.733333		0.928559
0.86		0.8		0.945669
0.86		0.866667		0.660445
0.86		0.933333		1
0.88		0		1
0.88		0.0666667		1
0.88		0.133333		0.688727
0.88		0.2		0.750669
0.88		0.266667		0.942098
0.88		0.333333		0.884715
0.88		0.4		0.999997
0.88		0.466667		0.917337
0.88		0.533333		0.774918
0.88		0.6		1
0.88		0.666667		0.774529
0.88		0.733333		0.980564
0.88		0.8		0.756983
0.88		0.866667		0.919502
0.88		0.933333		1
0.9		0		1
0.9		0.0666667		1
0.9		0.133333		0.671734
0.9		0.2		0.923087
0.9		0.266667		0.968959
0.9		0.333333		0.944108
0.9		0.4		1
0.9		0.466667		0.727105
0.9		0.533333		0.956453
0.9		0.6		1
0.9		0.666667		0.952201
0.9		0.733333		0.96704
0.9		0.8		0.997297
0.9		0.866667		0.753556
0.9		0.933333		1
0.92		0		1
0.92		0.0666667		1
0.92		0.133333		0.863779
0.92		0.2		0.97599
0.92		0.266667		0.997023
0.92		0.333333		0.75589
0.92		0.4		1
0.92		0.466667		0.771832
0.92		0.533333		0.803603
0.92		0.6		1
0.92		0.666667		0.891104
0.92		0.733333		0.93417
0.92		0.8		0.913096
0.92		0.866667		0.621144
0.92		0.933333		0.999989
0.94		0		1
0.94		0.0666667		1
0.94		0.133333		0.900656
0.94		0.2		0.998406
0.94		0.266667		0.99286
0.94		0.333333		0.874941
0.94		0.4		0.999453
0.94		0.466667		0.864359
0.94		0.533333		0.650299
0.94		0.6		1
0.94		0.666667		0.828815
0.94		0.733333		0.906129
0.94		0.8		0.884451
0.94		0.866667		0.989165
0.94		0.933333		1
0.96		0		1
0.96		0.0666667		1
0.96		0.133333		0.933278
0.96		0.2		0.954519
0.96		0.266667		0.989033
0.96		0.333333		0.984593
0.96		0.4		1
0.96		0.466667		0.880298
0.96		0.533333		0.721162
0.96		0.6		1
0.96		0.666667		0.886049
0.96		0.733333		0.964097
0.96		0.8		0.842606
0.96		0.866667		0.704594
0.96		0.933333		1
0.98		0		1
0.98		0.0666667		1
0.98		0.133333		0.726987
0.98		0.2		0.8277
0.98		0.266667		0.99747
0.98		0.333333		0.903701
0.98		0.4		1
0.98		0.466667		0.840107
0.98		0.533333		0.861595
0.98		0.6		1
0.98		0.666667		0.786539
0.98		0.733333		0.79825
0.98		0.8		0.936441
0.98		0.866667		0.715753
0.98		0.933333		1
1		0		1
1		0.0666667		1
1		0.133333		0.8699
1		0.2		0.934452
1		0.266667		0.916689
1		0.333333		0.872194
1		0.4		1
1		0.466667		0.963316
1		0.533333		0.726944
1		0.6		1
1		0.666667		0.988772
1		0.733333		0.795185
1		0.8		0.918734
1		0.866667		0.713996
1		0.933333		1
1.02		0		1
1.02		0.0666667		1
1.02		0.133333		0.921578
1.02		0.2		0.782778
1.02		0.266667		1
1.02		0.333333		0.848331
1.02		0.4		1
1.02		0.466667		0.89252
1.02		0.533333		0.861879
1.02		0.6		1
1.02		0.666667		0.853802
1.02		0.733333		0.962522
1.02		0.8		0.998905
1.02		0.866667		0.814282
1.02		0.933333		1
1.04		0		1
1.04		0.0666667		1
1.04		0.133333		0.919276
1.04		0.2		0.959152
1.04		0.266667		1
1.04		0.333333		0.858803
1.04		0.4		0.926447
1.04		0.466667		0.706984
1.04		0.533333		0.772515
1.04		0.6		1
1.04		0.666667		0.757509
1.04		0.733333		0.93963
1.04		0.8		0.883619
1.04		0.866667		0.801511
1.04		0.933333		1
1.06		0		1
1.06		0.0666667		1
1.06		0.133333		0.891668
1.06		0.2		0.836211
1.06		0.266667		1
1.06		0.333333		0.715779
1.06		0.4		0.894007
1.06		0.466667		0.886716
1.06		0.533333		0.858912
1.06		0.6		1
1.06		0.666667		0.839075
1.06		0.733333		0.881783
1.06		0.8		0.908639
1.06		0.866667		0.879848
1.06		0.933333		1
1.08		0		1
1.08		0.0666667		1
1.08		0.133333		0.93605
1.08		0.2		0.929982
1.08		0.266667		1
1.08		0.333333		0.913458
1.08		0.4		0.92544
1.08		0.466667		0.82451
1.08		0.533333		0.835821
1.08		0.6		1
1.08		0.666667		0.851224
1.08		0.733333		0.994571
1.08		0.8		0.877523
1.08		0.866667		0.701641
1.08		0.933333		1
1.1		0		1
1.1		0.0666667		1
1.1		0.133333		0.79498
1.1		0.2		0.873065
1.1		0.266667		1
1.1		0.333333		0.88023
1.1		0.4		0.89591
1.1		0.466667		0.817286
1.1		0.533333		0.85254
1.1		0.6		1
1.1		0.666667		0.742877
1.1		0.733333		0.912042
1.1		0.8		0.998228
1.1		0.866667		0.505382
1.1		0.933333		1
1.12		0		1
1.12		0.0666667		1
1.12		0.133333		0.775221
1.12		0.2		0.787076
1.12		0.266667		1
1.12		0.333333		0.632537
1.12		0.4		0.919542
1.12		0.466667		0.994085
1.12		0.533333		0.965859
1.12		0.6		1
1.12		0.666667		0.851642
1.12		0.733333		0.968406
1.12		0.8		0.8511
1.12		0.866667		0.79492
1.12		0.933333		1
1.14		0		1
1.14		0.0666667		1
1.14		0.133333		0.620616
1.14		0.2		0.913946
1.14		0.266667		1
1.14		0.333333		0.791365
1.14		0.4		0.928989
1.14		0.466667		0.83208
1.14		0.533333		0.922627
1.14		0.6		1
1.14		0.666667		0.929356
1.14		0.733333		0.956207
1.14		0.8		0.944459
1.14		0.866667		0.80048
1.14		0.933333		1
1.16		0		1
1.16		0.0666667		1
1.16		0.133333		0.776152
1.16		0.2		0.940587
1.16		0.266667		1
1.16		0.333333		0.680322
1.16		0.4		0.907773
1.16		0.466667		0.761473
1.16		0.533333		0.890102
1.16		0.6		1
1.16		0.666667		0.827431
1.16		0.733333		0.965309
1.16		0.8		0.926869
1.16		0.866667		0.752521
1.16		0.933333		1
1.18		0		1
1.18		0.0666667		1
1.18		0.133333		0.760166
1.18		0.2		0.96417
1.18		0.266667		1
1.18		0.333333		0.890172
1.18		0.4		0.919098
1.18		0.466667		0.776914
1.18		0.533333		0.969071
1.18		0.6		1
1.18		0.666667		0.840196
1.18		0.733333		0.945836
1.18		0.8		0.880362
1.18		0.866667		0.700665
1.18		0.933333		1
1.2		0		1
1.2		0.0666667		1
1.2		0.133333		0.615534
1.2		0.2		0.965834
1.2		0.266667		1
1.2		0.333333		0.916512
1.2		0.4		0.973942
1.2		0.466667		0.964819
1.2		0.533333		0.892492
1.2		0.6		1
1.2		0.666667		0.802047
1.2		0.733333		0.999112
1.2		0.8		0.79392
1.2		0.866667		0.945905
1.2		0.933333		1
1.22		0		1
1.22		0.0666667		1
1.22		0.133333		0.657705
1.22		0.2		0.906668
1.22		0.266667		1
1.22		0.333333		0.813947
1.22		0.4		0.977993
1.22		0.466667		0.987061
1.22		0.533333		0.806588
1.22		0.6		1
1.22		0.666667		0.921344
1.22		0.733333		0.999523
1.22		0.8		0.85199
1.22		0.866667		0.536233
1.22		0.933333		1
1.24		0		1
1.24		0.0666667		1
1.24		0.133333		0.810515
1.24		0.2		0.927246
1.24		0.266667		0.998775
1.24		0.333333		0.706376
1.24		0.4		0.897261
1.24		0.466667		0.948107
1.24		0.533333		0.796767
1.24		0.6		1
1.24		0.666667		0.974725
1.24		0.733333		0.999999
1.24		0.8		0.917979
1.24		0.866667		0.640092
1.24		0.933333		1
1.26		0		1
1.26		0.0666667		1
1.26		0.133333		0.856299
1.26		0.2		0.843278
1.26		0.266667		1
1.26		0.333333		0.846665
1.26		0.4		0.875702
1.26		0.466667		0.956862
1.26		0.533333		0.963967
1.26		0.6		1
1.26		0.666667		0.79203
1.26		0.733333		1
1.26		0.8		0.836526
1.26		0.866667		0.907469
1.26		0.933333		1
1.28		0		1
1.28		0.0666667		1
1.28		0.133333		0.981775
1.28		0.2		0.998573
1.28		0.266667		1
1.28		0.333333		0.714076
1.28		0.4		0.975331
1.28		0.466667		0.931632
1.28		0.533333		0.753881
1.28		0.6		1
1.28		0.666667		0.950073
1.28		0.733333		1
1.28		0.8		0.986848
1.28		0.866667		0.680178
1.28		0.933333		1
1.3		0		1
1.3		0.0666667		1
1.3		0.133333		0.967946
1.3		0.2		0.976443
1.3		0.266667		1
1.3		0.333333		0.850458
1.3		0.4		0.994516
1.3		0.466667		0.774106
1.3		0.533333		0.852863
1.3		0.6		1
1.3		0.666667		0.838799
1.3		0.733333		1
1.3		0.8		0.930902
1.3		0.866667		0.7333
1.3		0.933333		1
1.32		0		1
1.32		0.0666667		1
1.32		0.133333		0.74427
1.32		0.2		0.780551
1.32		0.266667		1
1.32		0.333333		0.721675
1.32		0.4		1
1.32		0.466667		0.792839
1.32		0.533333		0.791685
1.32		0.6		1
1.32		0.666667		0.672589
1.32		0.733333		1
1.32		0.8		0.864872
1.32		0.866667		0.649182
1.32		0.933333		1
1.34		0		1
1.34		0.0666667		1
1.34		0.133333		0.640359
1.34		0.2		0.858615
1.34		0.266667		1
1.34		0.333333		0.909345
1.34		0.4		1
1.34		0.466667		0.874684
1.34		0.533333		0.738236
1.34		0.6		1
1.34		0.666667		0.644141
1.34		0.733333		1
1.34		0.8		0.959392
1.34		0.866667		0.74512
1.34		0.933333		1
1.36		0		1
1.36		0.0666667		1
1.36		0.133333		0.94562
1.36		0.2		0.850575
1.36		0.266667		1
1.36		0.333333		0.951772
1.36		0.4		1
1.36		0.466667		0.879927
1.36		0.533333		0.801624
1.36		0.6		1
1.36		0.666667		0.662015
1.36		0.733333		1
1.36		0.8		0.75456
1.36		0.866667		0.607746
1.36		0.933333		1
1.38		0		1
1.38		0.0666667		1
1.38		0.133333		0.713271
1.38		0.2		0.999996
1.38		0.266667		1
1.38		0.333333		0.76863
1.38		0.4		1
1.38		0.466667		0.882478
1.38		0.533333		0.908277
1.38		0.6		1
1.38		0.666667		0.690073
1.38		0.733333		1
1.38		0.8		0.870546
1.38		0.866667		0.964644
1.38		0.933333		1
1.4		0		1
1.4		0.0666667		1
1.4		0.133333		0.612498
1.4		0.2		0.997378
1.4		0.266667		1
1.4		0.333333		0.633351
1.4		0.4		1
1.4		0.466667		0.691366
1.4		0.533333		0.766923
1.4		0.6		1
1.4		0.666667		0.590363
1.4		0.733333		1
1.4		0.8		0.826091
1.4		0.866667		0.532408
1.4		0.933333		1
1.42		0		1
1.42		0.0666667		1
1.42		0.133333		0.842301
1.42		0.2		0.893024
1.42		0.266667		1
1.42		0.333333		0.784699
1.42		0.4		1
1.42		0.466667		0.762826
1.42		0.533333		0.80117
1.42		0.6		1
1.42		0.666667		0.913965
1.42		0.733333		0.999994
1.42		0.8		0.925541
1.42		0.866667		0.643459
1.42		0.933333		1
1.44		0		1
1.44		0.0666667		1
1.44		0.133333		0.807205
1.44		0.2		0.926394
1.44		0.266667		1
1.44		0.333333		0.986155
1.44		0.4		1
1.44		0.466667		0.671382
1.44		0.533333		0.802013
1.44		0.6		1
1.44		0.666667		0.563276
1.44		0.733333		1
1.44		0.8		0.83076
1.44		0.866667		0.958637
1.44		0.933333		1
1.46		0		1
1.46		0.0666667		1
1.46		0.133333		0.71204
1.46		0.2		0.951923
1.46		0.266667		1
1.46		0.333333		0.802685
1.46		0.4		1
1.46		0.466667		0.970673
1.46		0.533333		0.980644
1.46		0.6		1
1.46		0.666667		0.790262
1.46		0.733333		1
1.46		0.8		0.950066
1.46		0.866667		0.695176
1.46		0.933333		1
1.48		0		1
1.48		0.0666667		1
1.48		0.133333		0.988888
1.48		0.2		0.993319
1.48		0.266667		1
1.48		0.333333		0.602869
1.48		0.4		1
1.48		0.466667		0.941044
1.48		0.533333		0.86264
1.48		0.6		1
1.48		0.666667		0.573882
1.48		0.733333		1
1.48		0.8		0.87929
1.48		0.866667		0.64506
1.48		0.933333		1
1.5		0		1
1.5		0.0666667		1
1.5		0.133333		0.701824
1.5		0.2		0.802543
1.5		0.266667		1
1.5		0.333333		0.791949
1.5		0.4		1
1.5		0.466667		0.731244
1.5		0.533333		0.722062
1.5		0.6		1
1.5		0.666667		0.862644
1.5		0.733333		1
1.5		0.8		0.992075
1.5		0.866667		0.832846
1.5		0.933333		1
1.52		0		1
1.52		0.0666667		1
1.52		0.133333		0.992174
1.52		0.2		0.831537
1.52		0.266667		1
1.52		0.333333		0.675682
1.52		0.4		1
1.52		0.466667		0.996209
1.52		0.533333		0.817709
1.52		0.6		1
1.52		0.666667		0.706433
1.52		0.733333		1
1.52		0.8		0.951311
1.52		0.866667		0.902608
1.52		0.933333		1
1.54		0		1
1.54		0.0666667		1
1.54		0.133333		0.965826
1.54		0.2		0.994957
1.54		0.266667		1
1.54		0.333333		0.828327
1.54		0.4		1
1.54		0.466667		0.718615
1.54		0.533333		0.921371
1.54		0.6		1
1.54		0.666667		0.530176
1.54		0.733333		1
1.54		0.8		0.851577
1.54		0.866667		0.95915
1.54		0.933333		1
1.56		0		1
1.56		0.0666667		1
1.56		0.133333		0.710643
1.56		0.2		0.944993
1.56		0.266667		1
1.56		0.333333		0.97245
1.56		0.4		1
1.56		0.466667		0.74028
1.56		0.533333		0.670835
1.56		0.6		1
1.56		0.666667		0.997
1.56		0.733333		1
1.56		0.8		0.999256
1.56		0.866667		0.783299
1.56		0.933333		1
1.58		0		1
1.58		0.0666667		1
1.58		0.133333		0.847958
1.58		0.2		0.889229
1.58		0.266667		1
1.58		0.333333		0.800973
1.58		0.4		1
1.58		0.466667		0.97305
1.58		0.533333		0.865241
1.58		0.6		1
1.58		0.666667		0.851417
1.58		0.733333		1
1.58		0.8		0.929636
1.58		0.866667		0.852005
1.58		0.933333		1
1.6		0		1
1.6		0.0666667		1
1.6		0.133333		0.825169
1.6		0.2		0.952918
1.6		0.266667		1
1.6		0.333333		0.683367
1.6		0.4		1
1.6		0.466667		0.905401
1.6		0.533333		0.741774
1.6		0.6		1
1.6		0.666667		0.992239
1.6		0.733333		1
1.6		0.8		0.819158
1.6		0.866667		0.899674
1.6		0.933333		1
1.62		0		1
1.62		0.0666667		1
1.62		0.133333		0.889576
1.62		0.2		0.978314
1.62		0.266667		1
1.62		0.333333		0.829492
1.62		0.4		1
1.62		0.466667		0.848095
1.62		0.533333		0.992017
1.62		0.6		1
1.62		0.666667		0.860784
1.62		0.733333		1
1.62		0.8		0.909022
1.62		0.866667		0.902349
1.62		0.933333		1
1.64		0		1
1.64		0.0666667		1
1.64		0.133333		0.817976
1.64		0.2		0.813491
1.64		0.266667		1
1.64		0.333333		0.681892
1.64		0.4		1
1.64		0.466667		0.983438
1.64		0.533333		0.77932
1.64		0.6		1
1.64		0.666667		0.550163
1.64		0.733333		1
1.64		0.8		0.89046
1.64		0.866667		0.561959
1.64		0.933333		1
1.66		0		1
1.66		0.0666667		1
1.66		0.133333		0.777694
1.66		0.2		0.971092
1.66		0.266667		1
1.66		0.333333		0.64028
1.66		0.4		1
1.66		0.466667		0.785337
1.66		0.533333		0.834393
1.66		0.6		1
1.66		0.666667		0.904986
1.66		0.733333		1
1.66		0.8		0.88016
1.66		0.866667		0.802768
1.66		0.933333		1
1.68		0		1
1.68		0.0666667		1
1.68		0.133333		0.921777
1.68		0.2		0.958793
1.68		0.266667		1
1.68		0.333333		0.735195
1.68		0.4		1
1.68		0.466667		0.981602
1.68		0.533333		0.920117
1.68		0.6		1
1.68		0.666667		0.834032
1.68		0.733333		1
1.68		0.8		0.810929
1.68		0.866667		0.736265
1.68		0.933333		1
1.7		0		1
1.7		0.0666667		1
1.7		0.133333		0.990189
1.7		0.2		0.989608
1.7		0.266667		1
1.7		0.333333		0.779276
1.7		0.4		1
1.7		0.466667		0.845115
1.7		0.533333		0.871478
1.7		0.6		1
1.7		0.666667		0.64713
1.7		0.733333		1
1.7		0.8		0.774325
1.7		0.866667		0.566135
1.7		0.933333		1
1.72		0		1
1.72		0.0666667		1
1.72		0.133333		0.894093
1.72		0.2		0.997943
1.72		0.266667		1
1.72		0.333333		0.877649
1.72		0.4		1
1.72		0.466667		0.83328
1.72		0.533333		0.860848
1.72		0.6		1
1.72		0.666667		0.559767
1.72		0.733333		1
1.72		0.8		0.788348
1.72		0.866667		0.756705
1.72		0.933333		1
1.74		0		1
1.74		0.0666667		1
1.74		0.133333		0.995831
1.74		0.2		0.793059
1.74		0.266667		1
1.74		0.333333		0.89035
1.74		0.4		1
1.74		0.466667		0.737876
1.74		0.533333		0.975619
1.74		0.6		1
1.74		0.666667		0.748956
1.74		0.733333		1
1.74		0.8		0.934681
1.74		0.866667		0.601268
1.74		0.933333		1
1.76		0		1
1.76		0.0666667		1
1.76		0.133333		0.79138
1.76		0.2		0.847025
1.76		0.266667		1
1.76		0.333333		0.969723
1.76		0.4		1
1.76		0.466667		0.957146
1.76		0.533333		0.837694
1.76		0.6		1
1.76		0.666667		0.611508
1.76		0.733333		1
1.76		0.8		0.976083
1.76		0.866667		0.842115
1.76		0.933333		1
1.78		0		1
1.78		0.0666667		1
1.78		0.133333		0.992574
1.78		0.2		0.823924
1.78		0.266667		1
1.78		0.333333		0.769582
1.78		0.4		1
1.78		0.466667		0.899943
1.78		0.533333		0.768483
1.78		0.6		1
1.78		0.666667		0.828632
1.78		0.733333		1
1.78		0.8		0.909808
1.78		0.866667		0.627143
1.78		0.933333		1
1.8		0		1
1.8		0.0666667		1
1.8		0.133333		0.879346
1.8		0.2		0.973788
1.8		0.266667		1
1.8		0.333333		0.725256
1.8		0.4		1
1.8		0.466667		0.836666
1.8		0.533333		0.880755
1.8		0.6		1
1.8		0.666667		0.460542
1.8		0.733333		1
1.8		0.8		0.988734
1.8		0.866667		0.969424
1.8		0.933333		1
1.82		0		1
1.82		0.0666667		1
1.82		0.133333		0.916128
1.82		0.2		0.945895
1.82		0.266667		1
1.82		0.333333		0.754764
1.82		0.4		1
1.82		0.466667		0.981637
1.82		0.533333		0.95922
1.82		0.6		1
1.82		0.666667		0.70517
1.82		0.733333		1
1.82		0.8		0.998743
1.82		0.866667		0.663505
1.82		0.933333		1
1.84		0		1
1.84		0.0666667		1
1.84		0.133333		0.530231
1.84		0.2		0.86868
1.84		0.266667		1
1.84		0.333333		0.513667
1.84		0.4		1
1.84		0.466667		0.935349
1.84		0.533333		0.862844
1.84		0.6		1
1.84		0.666667		0.873158
1.84		0.733333		1
1.84		0.8		0.789197
1.84		0.866667		0.968045
1.84		0.933333		1
1.86		0		1
1.86		0.0666667		1
1.86		0.133333		0.981127
1.86		0.2		0.999239
1.86		0.266667		1
1.86		0.333333		0.731021
1.86		0.4		1
1.86		0.466667		0.906915
1.86		0.533333		0.80783
1.86		0.6		1
1.86		0.666667		0.693249
1.86		0.733333		1
1.86		0.8		0.99715
1.86		0.866667		0.845069
1.86		0.933333		1
1.88		0		1
1.88		0.0666667		1
1.88		0.133333		0.756955
1.88		0.2		0.761008
1.88		0.266667		1
1.88		0.333333		0.723804
1.88		0.4		1
1.88		0.466667		0.752044
1.88		0.533333		0.984938
1.88		0.6		1
1.88		0.666667		0.904124
1.88		0.733333		1
1.88		0.8		0.92915
1.88		0.866667		0.86486
1.88		0.933333		1
1.9		0		1
1.9		0.0666667		1
1.9		0.133333		0.802462
1.9		0.2		0.997333
1.9		0.266667		1
1.9		0.333333		0.989874
1.9		0.4		1
1.9		0.466667		0.915759
1.9		0.533333		0.898919
1.9		0.6		1
1.9		0.666667		0.709546
1.9		0.733333		1
1.9		0.8		0.996065
1.9		0.866667		0.830987
1.9		0.933333		1
1.92		0		1
1.92		0.0666667		1
1.92		0.133333		0.711242
1.92		0.2		0.991222
1.92		0.266667		1
1.92		0.333333		0.983608
1.92		0.4		1
1.92		0.466667		0.951298
1.92		0.533333		0.942936
1.92		0.6		1
1.92		0.666667		0.958761
1.92		0.733333		1
1.92		0.8		0.922279
1.92		0.866667		0.797063
1.92		0.933333		1
1.94		0		1
1.94		0.0666667		1
1.94		0.133333		0.680864
1.94		0.2		0.813095
1.94		0.266667		1
1.94		0.333333		0.725024
1.94		0.4		1
1.94		0.466667		0.998115
1.94		0.533333		0.769318
1.94		0.6		1
1.94		0.666667		0.994494
1.94		0.733333		1
1.94		0.8		0.836747
1.94		0.866667		0.904853
1.94		0.933333		1
1.96		0		1
1.96		0.0666667		1
1.96		0.133333		0.977793
1.96		0.2		0.992674
1.96		0.266667		1
1.96		0.333333		0.900325
1.96		0.4		1
1.96		0.466667		0.951751
1.96		0.533333		0.918924
1.96		0.6		1
1.96		0.666667		0.998425
1.96		0.733333		1
1.96		0.8		0.935702
1.96		0.866667		0.699918
1.96		0.933333		1
1.98		0		1
1.98		0.0666667		1
1.98		0.133333		0.56758
1.98		0.2		0.810955
1.98		0.266667		1
1.98		0.333333		0.89558
1.98		0.4		1
1.98		0.466667		0.717908
1.98		0.533333		0.812974
1.98		0.6		1
1.98		0.666667		0.898881
1.98		0.733333		1
1.98		0.8		0.955572
1.98		0.866667		0.76103
1.98		0.933333		1
2		0		1
2		0.0666667		1
2		0.133333		0.79748
2		0.2		0.82201
2		0.266667		1
2		0.333333		0.568117
2		0.4		1
2		0.466667		0.811126
2		0.533333		0.673323
2		0.6		1
2		0.666667		0.820848
2		0.733333		1
2		0.8		0.993275
2		0.866667		0.958083
2		0.933333		1
2.02		0		1
2.02		0.0666667		1
2.02		0.133333		0.858861
2.02		0.2		0.86971
2.02		0.266667		1
2.02		0.333333		0.70255
2.02		0.4		1
2.02		0.466667		0.951476
2.02		0.533333		0.984218
2.02		0.6		1
2.02		0.666667		0.882207
2.02		0.733333		1
2.02		0.8		0.799155
2.02		0.866667		0.864513
2.02		0.933333		1
2.04		0		1
2.04		0.0666667		1
2.04		0.133333		0.545627
2.04		0.2		0.90069
2.04		0.266667		1
2.04		0.333333		0.696786
2.04		0.4		1
2.04		0.466667		0.953079
2.04		0.533333		0.699631
2.04		0.6		1
2.04		0.666667		0.946842
2.04		0.733333		1
2.04		0.8		0.987907
2.04		0.866667		0.793166
2.04		0.933333		1
2.06		0		1
2.06		0.0666667		1
2.06		0.133333		0.873672
2.06		0.2		0.840799
2.06		0.266667		1
2.06		0.333333		0.849502
2.06		0.4		1
2.06		0.466667		0.990987
2.06		0.533333		0.708262
2.06		0.6		1
2.06		0.666667		0.449408
2.06		0.733333		1
2.06		0.8		0.887784
2.06		0.866667		0.995032
2.06		0.933333		1
2.08		0		1
2.08		0.0666667		1
2.08		0.133333		0.49861
2.08		0.2		0.9474
2.08		0.266667		1
2.08		0.333333		0.713141
2.08		0.4		1
2.08		0.466667		0.768319
2.08		0.533333		0.766711
2.08		0.6		1
2.08		0.666667		0.969313
2.08		0.733333		1
2.08		0.8		0.887659
2.08		0.866667		0.705272
2.08		0.933333		1
2.1		0		1
2.1		0.0666667		1
2.1		0.133333		0.698737
2.1		0.2		0.996457
2.1		0.266667		1
2.1		0.333333		0.911098
2.1		0.4		1
2.1		0.466667		0.868071
2.1		0.533333		0.957346
2.1		0.6		1
2.1		0.666667		0.869746
2.1		0.733333		1
2.1		0.8		0.976901
2.1		0.866667		0.850765
2.1		0.933333		1
2.12		0		1
2.12		0.0666667		1
2.12		0.133333		0.833987
2.12		0.2		0.883537
2.12		0.266667		1
2.12		0.333333		0.673788
2.12		0.4		1
2.12		0.466667		0.805497
2.12		0.533333		0.927441
2.12		0.6		1
2.12		0.666667		0.833985
2.12		0.733333		1
2.12		0.8		0.967747
2.12		0.866667		0.73868
2.12		0.933333		1
2.14		0		1
2.14		0.0666667		1
2.14		0.133333		0.71999
2.14		0.2		0.97996
2.14		0.266667		1
2.14		0.333333		0.816268
2.14		0.4		1
2.14		0.466667		0.987995
2.14		0.533333		0.981021
2.14		0.6		1
2.14		0.666667		0.963448
2.14		0.733333		1
2.14		0.8		0.980311
2.14		0.866667		0.859392
2.14		0.933333		1
2.16		0		1
2.16		0.0666667		1
2.16		0.133333		0.913338
2.16		0.2		0.977021
2.16		0.266667		1
2.16		0.333333		0.967148
2.16		0.4		1
2.16		0.466667		0.938042
2.16		0.533333		0.657691
2.16		0.6		1
2.16		0.666667		0.961958
2.16		0.733333		1
2.16		0.8		0.99629
2.16		0.866667		0.898736
2.16		0.933333		1
2.18		0		1
2.18		0.0666667		1
2.18		0.133333		0.685676
2.18		0.2		0.942419
2.18		0.266667		1
2.18		0.333333		0.708498
2.18		0.4		1
2.18		0.466667		0.90132
2.18		0.533333		0.855287
2.18		0.6		1
2.18		0.666667		0.872567
2.18		0.733333		1
2.18		0.8		0.980575
2.18		0.866667		0.998438
2.18		0.933333		1
2.2		0		1
2.2		0.0666667		1
2.2		0.133333		0.781683
2.2		0.2		0.997349
2.2		0.266667		1
2.2		0.333333		0.833426
2.2		0.4		1
2.2		0.466667		0.97691
2.2		0.533333		0.767824
2.2		0.6		1
2.2		0.666667		0.990391
2.2		0.733333		1
2.2		0.8		0.913318
2.2		0.866667		0.779065
2.2		0.933333		1
2.22		0		1
2.22		0.0666667		1
2.22		0.133333		0.72592
2.22		0.2		0.951613
2.22		0.266667		1
2.22		0.333333		0.97697
2.22		0.4		1
2.22		0.466667		0.813409
2.22		0.533333		0.800317
2.22		0.6		1
2.22		0.666667		0.862868
2.22		0.733333		1
2.22		0.8		0.992388
2.22		0.866667		0.495954
2.22		0.933333		1
2.24		0		1
2.24		0.0666667		1
2.24		0.133333		0.722523
2.24		0.2		0.996311
2.24		0.266667		1
2.24		0.333333		0.746908
2.24		0.4		1
2.24		0.466667		0.938701
2.24		0.533333		0.820189
2.24		0.6		1
2.24		0.666667		0.979956
2.24		0.733333		1
2.24		0.8		0.952186
2.24		0.866667		0.934871
2.24		0.933333		1
2.26		0		1
2.26		0.0666667		1
2.26		0.133333		0.545157
2.26		0.2		0.999987
2.26		0.266667		1
2.26		0.333333		0.940382
2.26		0.4		1
2.26		0.466667		0.990025
2.26		0.533333		0.955596
2.26		0.6		1
2.26		0.666667		0.856553
2.26		0.733333		1
2.26		0.8		0.764742
2.26		0.866667		0.69438
2.26		0.933333		1
2.28		0		1
2.28		0.0666667		1
2.28		0.133333		0.661181
2.28		0.2		0.950953
2.28		0.266667		1
2.28		0.333333		0.859545
2.28		0.4		1
2.28		0.466667		0.752124
2.28		0.533333		0.62723
2.28		0.6		1
2.28		0.666667		0.960719
2.28		0.733333		1
2.28		0.8		0.754314
2.28		0.866667		0.617449
2.28		0.933333		1
2.3		0		1
2.3		0.0666667		1
2.3		0.133333		0.725282
2.3		0.2		0.879649
2.3		0.266667		1
2.3		0.333333		0.522858
2.3		0.4		1
2.3		0.466667		0.976165
2.3		0.533333		0.771219
2.3		0.6		1
2.3		0.666667		0.818225
2.3		0.733333		1
2.3		0.8		0.919842
2.3		0.866667		0.771389
2.3		0.933333		1
2.32		0		1
2.32		0.0666667		1
2.32		0.133333		0.622644
2.32		0.2		0.999854
2.32		0.266667		1
2.32		0.333333		0.89828
2.32		0.4		1
2.32		0.466667		0.879319
2.32		0.533333		0.825289
2.32		0.6		1
2.32		0.666667		0.598204
2.32		0.733333		1
2.32		0.8		0.999979
2.32		0.866667		0.919799
2.32		0.933333		1
2.34		0		1
2.34		0.0666667		1
2.34		0.133333		0.736209
2.34		0.2		0.821143
2.34		0.266667		1
2.34		0.333333		0.957721
2.34		0.4		1
2.34		0.466667		0.76749
2.34		0.533333		0.995202
2.34		0.6		1
2.34		0.666667		0.728339
2.34		0.733333		1
2.34		0.8		0.846668
2.34		0.866667		0.727422
2.34		0.933333		1
2.36		0		1
2.36		0.0666667		1
2.36		0.133333		0.995807
2.36		0.2		0.998082
2.36		0.266667		1
2.36		0.333333		0.584833
2.36		0.4		1
2.36		0.466667		0.919509
2.36		0.533333		0.935788
2.36		0.6		1
2.36		0.666667		0.627092
2.36		0.733333		1
2.36		0.8		0.880007
2.36		0.866667		0.573916
2.36		0.933333		1
2.38		0		1
2.38		0.0666667		1
2.38		0.133333		0.770139
2.38		0.2		0.956137
2.38		0.266667		1
2.38		0.333333		0.912208
2.38		0.4		1
2.38		0.466667		0.991547
2.38		0.533333		0.958367
2.38		0.6		1
2.38		0.666667		0.837735
2.38		0.733333		1
2.38		0.8		0.896624
2.38		0.866667		0.978523
2.38		0.933333		1
2.4		0		1
2.4		0.0666667		1
2.4		0.133333		0.68826
2.4		0.2		0.761365
2.4		0.266667		1
2.4		0.333333		0.939408
2.4		0.4		1
2.4		0.466667		0.968369
2.4		0.533333		0.947008
2.4		0.6		1
2.4		0.666667		0.909167
2.4		0.733333		1
2.4		0.8		0.951421
2.4		0.866667		0.832149
2.4		0.933333		1
2.42		0		1
2.42		0.0666667		1
2.42		0.133333		0.696705
2.42		0.2		0.900327
2.42		0.266667		1
2.42		0.333333		0.51426
2.42		0.4		1
2.42		0.466667		0.931389
2.42		0.533333		0.730542
2.42		0.6		1
2.42		0.666667		0.988651
2.42		0.733333		1
2.42		0.8		0.852505
2.42		0.866667		0.780161
2.42		0.933333		1
2.44		0		1
2.44		0.0666667		1
2.44		0.133333		0.74961
2.44		0.2		0.785155
2.44		0.266667		1
2.44		0.333333		0.506701
2.44		0.4		1
2.44		0.466667		0.913571
2.44		0.533333		0.747472
2.44		0.6		1
2.44		0.666667		0.724983
2.44		0.733333		1
2.44		0.8		0.929877
2.44		0.866667		0.970869
2.44		0.933333		1
2.46		0		1
2.46		0.0666667		1
2.46		0.133333		0.648398
2.46		0.2		0.898276
2.46		0.266667		1
2.46		0.333333		0.956881
2.46		0.4		1
2.46		0.466667		0.808199
2.46		0.533333		0.744536
2.46		0.6		1
2.46		0.666667		0.645017
2.46		0.733333		1
2.46		0.8		0.995333
2.46		0.866667		0.931135
2.46		0.933333		1
2.48		0		1
2.48		0.0666667		1
2.48		0.133333		0.712412
2.48		0.2		0.859051
2.48		0.266667		1
2.48		0.333333		0.917742
2.48		0.4		1
2.48		0.466667		0.997613
2.48		0.533333		0.982994
2.48		0.6		1
2.48		0.666667		0.7646
2.48		0.733333		1
2.48		0.8		0.855217
2.48		0.866667		0.684389
2.48		0.933333		1
2.5		0		1
2.5		0.0666667		1
2.5		0.133333		0.701889
2.5		0.2		0.946878
2.5		0.266667		1
2.5		0.333333		0.77694
2.5		0.4		1
2.5		0.466667		0.784854
2.5		0.533333		0.716037
2.5		0.6		1
2.5		0.666667		0.616367
2.5		0.733333		1
2.5		0.8		0.916692
2.5		0.866667		0.705215
2.5		0.933333		1
2.52		0		1
2.52		0.0666667		1
2.52		0.133333		0.822924
2.52		0.2		0.935487
2.52		0.266667		1
2.52		0.333333		0.966992
2.52		0.4		1
2.52		0.466667		0.937123
2.52		0.533333		0.805112
2.52		0.6		1
2.52		0.666667		0.763552
2.52		0.733333		1
2.52		0.8		0.791472
2.52		0.866667		0.741894
2.52		0.933333		1
2.54		0		1
2.54		0.0666667		1
2.54		0.133333		0.812301
2.54		0.2		0.93427
2.54		0.266667		1
2.54		0.333333		0.756775
2.54		0.4		1
2.54		0.466667		0.983383
2.54		0.533333		0.944892
2.54		0.6		1
2.54		0.666667		0.947544
2.54		0.733333		1
2.54		0.8		0.999436
2.54		0.866667		0.561715
2.54		0.933333		1
2.56		0		1
2.56		0.0666667		1
2.56		0.133333		0.808341
2.56		0.2		0.98605
2.56		0.266667		1
2.56		0.333333		0.698698
2.56		0.4		1
2.56		0.466667		0.868531
2.56		0.533333		0.873505
2.56		0.6		1
2.56		0.666667		0.857155
2.56		0.733333		1
2.56		0.8		0.999279
2.56		0.866667		0.916497
2.56		0.933333		1
2.58		0		1
2.58		0.0666667		1
2.58		0.133333		0.987424
2.58		0.2		0.997918
2.58		0.266667		1
2.58		0.333333		0.966563
2.58		0.4		1
2.58		0.466667		0.916108
2.58		0.533333		0.909862
2.58		0.6		1
2.58		0.666667		0.835901
2.58		0.733333		1
2.58		0.8		0.985609
2.58		0.866667		0.802789
2.58		0.933333		1
2.6		0		1
2.6		0.0666667		1
2.6		0.133333		0.717047
2.6		0.2		0.997024
2.6		0.266667		1
2.6		0.333333		0.927077
2.6		0.4		1
2.6		0.466667		0.857387
2.6		0.533333		0.791105
2.6		0.6		1
2.6		0.666667		0.629309
2.6		0.733333		1
2.6		0.8		0.873595
2.6		0.866667		0.811653
2.6		0.933333		1
2.62		0		1
2.62		0.0666667		1
2.62		0.133333		0.843485
2.62		0.2		0.997252
2.62		0.266667		1
2.62		0.333333		0.774298
2.62		0.4		1
2.62		0.466667		0.998929
2.62		0.533333		0.993675
2.62		0.6		1
2.62		0.666667		0.540755
2.62		0.733333		1
2.62		0.8		0.952862
2.62		0.866667		0.828125
2.62		0.933333		1
2.64		0		1
2.64		0.0666667		1
2.64		0.133333		0.54675
2.64		0.2		0.787814
2.64		0.266667		1
2.64		0.333333		0.697322
2.64		0.4		1
2.64		0.466667		0.911562
2.64		0.533333		0.962835
2.64		0.6		1
2.64		0.666667		0.906675
2.64		0.733333		1
2.64		0.8		0.794778
2.64		0.866667		0.833896
2.64		0.933333		1
2.66		0		1
2.66		0.0666667		1
2.66		0.133333		0.755938
2.66		0.2		0.994758
2.66		0.266667		1
2.66		0.333333		0.622574
2.66		0.4		1
2.66		0.466667		0.913198
2.66		0.533333		0.916043
2.66		0.6		1
2.66		0.666667		0.904221
2.66		0.733333		1
2.66		0.8		0.887216
2.66		0.866667		0.947295
2.66		0.933333		1
2.68		0		1
2.68		0.0666667		1
2.68		0.133333		0.747687
2.68		0.2		0.861806
2.68		0.266667		1
2.68		0.333333		0.781862
2.68		0.4		1
2.68		0.466667		0.960674
2.68		0.533333		0.768372
2.68		0.6		1
2.68		0.666667		0.622171
2.68		0.733333		1
2.68		0.8		0.842198
2.68		0.866667		0.944371
2.68		0.933333		1
2.7		0		1
2.7		0.0666667		1
2.7		0.133333		0.824431
2.7		0.2		0.827924
2.7		0.266667		1
2.7		0.333333		0.691387
2.7		0.4		1
2.7		0.466667		0.984022
2.7		0.533333		0.932064
2.7		0.6		1
2.7		0.666667		0.972557
2.7		0.733333		1
2.7		0.8		0.95235
2.7		0.866667		0.748798
2.7		0.933333		1
2.72		0		1
2.72		0.0666667		1
2.72		0.133333		0.92908
2.72		0.2		0.827115
2.72		0.266667		1
2.72		0.333333		0.676351
2.72		0.4		1
2.72		0.466667		0.907417
2.72		0.533333		0.754884
2.72		0.6		1
2.72		0.666667		0.819236
2.72		0.733333		1
2.72		0.8		0.788573
2.72		0.866667		0.603641
2.72		0.933333		1
2.74		0		1
2.74		0.0666667		1
2.74		0.133333		0.682768
2.74		0.2		0.808015
2.74		0.266667		1
2.74		0.333333		0.548888
2.74		0.4		1
2.74		0.466667		0.984864
2.74		0.533333		0.984402
2.74		0.6		1
2.74		0.666667		0.890779
2.74		0.733333		1
2.74		0.8		0.96416
2.74		0.866667		0.797033
2.74		0.933333		1
2.76		0		1
2.76		0.0666667		1
2.76		0.133333		0.749685
2.76		0.2		0.91901
2.76		0.266667		1
2.76		0.333333		0.919314
2.76		0.4		1
2.76		0.466667		0.868016
2.76		0.533333		0.999033
2.76		0.6		1
2.76		0.666667		0.799139
2.76		0.733333		1
2.76		0.8		0.892542
2.76		0.866667		0.600809
2.76		0.933333		1
2.78		0		1
2.78		0.0666667		1
2.78		0.133333		0.750835
2.78		0.2		0.835327
2.78		0.266667		1
2.78		0.333333		0.823541
2.78		0.4		1
2.78		0.466667		0.915406
2.78		0.533333		0.781272
2.78		0.6		1
2.78		0.666667		0.873165
2.78		0.733333		1
2.78		0.8		0.803009
2.78		0.866667		0.792526
2.78		0.933333		1
2.8		0		1
2.8		0.0666667		1
2.8		0.133333		0.93005
2.8		0.2		0.938819
2.8		0.266667		1
2.8		0.333333		0.74764
2.8		0.4		1
2.8		0.466667		0.915238
2.8		0.533333		0.789297
2.8		0.6		1
2.8		0.666667		0.823857
2.8		0.733333		1
2.8		0.8		0.967393
2.8		0.866667		0.959528
2.8		0.933333		1
2.82		0		1
2.82		0.0666667		1
2.82		0.133333		0.718016
2.82		0.2		0.990065
2.82		0.266667		1
2.82		0.333333		0.839401
2.82		0.4		1
2.82		0.466667		0.913927
2.82		0.533333		0.836349
2.82		0.6		1
2.82		0.666667		0.738242
2.82		0.733333		1
2.82		0.8		0.786632
2.82		0.866667		0.953443
2.82		0.933333		1
2.84		0		1
2.84		0.0666667		1
2.84		0.133333		0.967253
2.84		0.2		0.822908
2.84		0.266667		1
2.84		0.333333		0.857024
2.84		0.4		1
2.84		0.466667		0.685222
2.84		0.533333		0.731744
2.84		0.6		1
2.84		0.666667		0.8481
2.84		0.733333		1
2.84		0.8		0.995474
2.84		0.866667		0.472737
2.84		0.933333		1
2.86		0		1
2.86		0.0666667		1
2.86		0.133333		0.84205
2.86		0.2		0.997337
2.86		0.266667		1
2.86		0.333333		0.655212
2.86		0.4		1
2.86		0.466667		0.950187
2.86		0.533333		0.900742
2.86		0.6		1
2.86		0.666667		0.999494
2.86		0.733333		1
2.86		0.8		0.999893
2.86		0.866667		0.945718
2.86		0.933333		1
2.88		0		1
2.88		0.0666667		1
2.88		0.133333		0.870383
2.88		0.2		0.998958
2.88		0.266667		1
2.88		0.333333		0.667764
2.88		0.4		1
2.88		0.466667		0.69515
2.88		0.533333		0.831307
2.88		0.6		1
2.88		0.666667		0.932929
2.88		0.733333		1
2.88		0.8		0.998986
2.88		0.866667		0.781993
2.88		0.933333		1
2.9		0		1
2.9		0.0666667		1
2.9		0.133333		0.808119
2.9		0.2		0.992301
2.9		0.266667		1
2.9		0.333333		0.60456
2.9		0.4		1
2.9		0.466667		0.882246
2.9		0.533333		0.709833
2.9		0.6		1
2.9		0.666667		0.558661
2.9		0.733333		1
2.9		0.8		0.936036
2.9		0.866667		0.644604
2.9		0.933333		1
2.92		0		1
2.92		0.0666667		1
2.92		0.133333		0.607073
2.92		0.2		0.994891
2.92		0.266667		1
2.92		0.333333		0.986788
2.92		0.4		1
2.92		0.466667		0.935233
2.92		0.533333		0.819041
2.92		0.6		1
2.92		0.666667		0.846666
2.92		0.733333		1
2.92		0.8		0.780998
2.92		0.866667		0.829122
2.92		0.933333		1
2.94		0		1
2.94		0.0666667		1
2.94		0.133333		0.807199
2.94		0.2		0.990847
2.94		0.266667		1
2.94		0.333333		0.947457
2.94		0.4		1
2.94		0.466667		0.95418
2.94		0.533333		0.857013
2.94		0.6		1
2.94		0.666667		0.946103
2.94		0.733333		1
2.94		0.8		0.863759
2.94		0.866667		0.920974
2.94		0.933333		1
2.96		0		1
2.96		0.0666667		1
2.96		0.133333		0.798874
2.96		0.2		0.954717
2.96		0.266667		1
2.96		0.333333		0.925935
2.96		0.4		1
2.96		0.466667		0.686506
2.96		0.533333		0.860117
2.96		0.6		1
2.96		0.666667		0.569801
2.96		0.733333		1
2.96		0.8		0.998573
2.96		0.866667		0.849553
2.96		0.933333		1
2.98		0		1
2.98		0.0666667		1
2.98		0.133333		0.799353
2.98		0.2		0.781533
2.98		0.266667		1
2.98		0.333333		0.740503
2.98		0.4		1
2.98		0.466667		0.819963
2.98		0.533333		0.979495
2.98		0.6		1
2.98		0.666667		0.79378
2.98		0.733333		1
2.98		0.8		0.988776
2.98		0.866667		0.834199
2.98		0.933333		1
3		0		1
3		0.0666667		1
3		0.133333		0.876192
3		0.2		0.883338
3		0.266667		1
3		0.333333		0.815762
3		0.4		1
3		0.466667		0.760042
3		0.533333		0.95837
3		0.6		1
3		0.666667		0.714278
3		0.733333		1
3		0.8		0.893126
3		0.866667		0.898803
3		0.933333		1
3.02		0		1
3.02		0.0666667		1
3.02		0.133333		0.513005
3.02		0.2		0.766662
3.02		0.266667		1
3.02		0.333333		0.812989
3.02		0.4		1
3.02		0.466667		0.749978
3.02		0.533333		0.875643
3.02		0.6		1
3.02		0.666667		0.968255
3.02		0.733333		1
3.02		0.8		0.99849
3.02		0.866667		0.650619
3.02		0.933333		1
3.04		0		1
3.04		0.0666667		1
3.04		0.133333		0.886545
3.04		0.2		0.923646
3.04		0.266667		1
3.04		0.333333		0.860521
3.04		0.4		1
3.04		0.466667		0.823236
3.04		0.533333		0.904512
3.04		0.6		1
3.04		0.666667		0.98471
3.04		0.733333		1
3.04		0.8		0.999332
3.04		0.866667		0.910251
3.04		0.933333		1
3.06		0		1
3.06		0.0666667		1
3.06		0.133333		0.595564
3.06		0.2		0.877212
3.06		0.266667		1
3.06		0.333333		0.990407
3.06		0.4		1
3.06		0.466667		0.70476
3.06		0.533333		0.891341
3.06		0.6		1
3.06		0.666667		0.745788
3.06		0.733333		1
3.06		0.8		0.769174
3.06		0.866667		0.820094
3.06		0.933333		1
3.08		0		1
3.08		0.0666667		1
3.08		0.133333		0.963
3.08		0.2		0.834821
3.08		0.266667		1
3.08		0.333333		0.882528
3.08		0.4		1
3.08		0.466667		0.842925
3.08		0.533333		0.814815
3.08		0.6		1
3.08		0.666667		0.523388
3.08		0.733333		1
3.08		0.8		0.964192
3.08		0.866667		0.658593
3.08		0.933333		1
3.1		0		1
3.1		0.0666667		1
3.1		0.133333		0.748646
3.1		0.2		0.986884
3.1		0.266667		1
3.1		0.333333		0.777864
3.1		0.4		1
3.1		0.466667		0.931614
3.1		0.533333		0.828457
3.1		0.6		1
3.1		0.666667		0.827622
3.1		0.733333		1
3.1		0.8		0.867764
3.1		0.866667		0.682073
3.1		0.933333		1
3.12		0		1
3.12		0.0666667		1
3.12		0.133333		0.857335
3.12		0.2		0.822392
3.12		0.266667		1
3.12		0.333333		0.721987
3.12		0.4		1
3.12		0.466667		0.764832
3.12		0.533333		0.969679
3.12		0.6		1
3.12		0.666667		0.842617
3.12		0.733333		1
3.12		0.8		0.994354
3.12		0.866667		0.805688
3.12		0.933333		1
3.14		0		1
3.14		0.0666667		1
3.14		0.133333		0.697583
3.14		0.2		0.836023
3.14		0.266667		1
3.14		0.333333		0.659677
3.14		0.4		1
3.14		0.466667		0.893285
3.14		0.533333		0.858311
3.14		0.6		1
3.14		0.666667		0.861093
3.14		0.733333		1
3.14		0.8		0.920395
3.14		0.866667		0.808871
3.14		0.933333		1
3.16		0		1
3.16		0.0666667		1
3.16		0.133333		0.734617
3.16		0.2		0.995521
3.16		0.266667		1
3.16		0.333333		0.999162
3.16		0.4		1
3.16		0.466667		0.808594
3.16		0.533333		0.951167
3.16		0.6		1
3.16		0.666667		0.889368
3.16		0.733333		1
3.16		0.8		0.865007
3.16		0.866667		0.794151
3.16		0.933333		1
3.18		0		1
3.18		0.0666667		1
3.18		0.133333		0.612813
3.18		0.2		0.982202
3.18		0.266667		1
3.18		0.333333		0.850585
3.18		0.4		1
3.18		0.466667		0.925329
3.18		0.533333		0.919722
3.18		0.6		1
3.18		0.666667		0.602779
3.18		0.733333		1
3.18		0.8		0.993498
3.18		0.866667		0.834941
3.18		0.933333		1
3.2		0		1
3.2		0.0666667		1
3.2		0.133333		0.734617
3.2		0.2		0.750621
3.2		0.266667		1
3.2		0.333333		0.809442
3.2		0.4		1
3.2		0.466667		0.975159
3.2		0.533333		0.97127
3.2		0.6		1
3.2		0.666667		0.864904
3.2		0.733333		1
3.2		0.8		0.760216
3.2		0.866667		0.907356
3.2		0.933333		1
3.22		0		1
3.22		0.0666667		1
3.22		0.133333		0.751288
3.22		0.2		0.841271
3.22		0.266667		1
3.22		0.333333		0.927576
3.22		0.4		1
3.22		0.466667		0.908933
3.22		0.533333		0.910492
3.22		0.6		1
3.22		0.666667		0.758876
3.22		0.733333		1
3.22		0.8		0.767844
3.22		0.866667		0.794066
3.22		0.933333		1
3.24		0		1
3.24		0.0666667		1
3.24		0.133333		0.704058
3.24		0.2		0.828269
3.24		0.266667		1
3.24		0.333333		0.978148
3.24		0.4		1
3.24		0.466667		0.861381
3.24		0.533333		0.710498
3.24		0.6		1
3.24		0.666667		0.932285
3.24		0.733333		1
3.24		0.8		0.999406
3.24		0.866667		0.81654
3.24		0.933333		1
3.26		0		1
3.26		0.0666667		1
3.26		0.133333		0.746836
3.26		0.2		0.934599
3.26		0.266667		1
3.26		0.333333		0.670262
3.26		0.4		1
3.26		0.466667		0.981892
3.26		0.533333		0.950484
3.26		0.6		1
3.26		0.666667		0.965893
3.26		0.733333		1
3.26		0.8		0.753425
3.26		0.866667		0.742364
3.26		0.933333		1
3.28		0		1
3.28		0.0666667		1
3.28		0.133333		0.8989
3.28		0.2		0.997499
3.28		0.266667		1
3.28		0.333333		0.758102
3.28		0.4		1
3.28		0.466667		0.857556
3.28		0.533333		0.719667
3.28		0.6		1
3.28		0.666667		0.882731
3.28		0.733333		1
3.28		0.8		0.900208
3.28		0.866667		0.980569
3.28		0.933333		1
3.3		0		1
3.3		0.0666667		1
3.3		0.133333		0.748173
3.3		0.2		0.779548
3.3		0.266667		1
3.3		0.333333		0.695647
3.3		0.4		1
3.3		0.466667		0.777695
3.3		0.533333		0.708471
3.3		0.6		1
3.3		0.666667		0.860753
3.3		0.733333		1
3.3		0.8		0.959489
3.3		0.866667		0.791875
3.3		0.933333		1
3.32		0		1
3.32		0.0666667		1
3.32		0.133333		0.722032
3.32		0.2		0.962317
3.32		0.266667		1
3.32		0.333333		0.735786
3.32		0.4		1
3.32		0.466667		0.770869
3.32		0.533333		0.963237
3.32		0.6		1
3.32		0.666667		0.808667
3.32		0.733333		1
3.32		0.8		0.869185
3.32		0.866667		0.977272
3.32		0.933333		1
3.34		0		1
3.34		0.0666667		1
3.34		0.133333		0.8919
3.34		0.2		0.999777
3.34		0.266667		1
3.34		0.333333		0.77096
3.34		0.4		1
3.34		0.466667		0.728076
3.34		0.533333		0.907796
3.34		0.6		1
3.34		0.666667		0.925219
3.34		0.733333		1
3.34		0.8		0.979738
3.34		0.866667		0.558341
3.34		0.933333		1
3.36		0		1
3.36		0.0666667		1
3.36		0.133333		0.867646
3.36		0.2		0.999265
3.36		0.266667		1
3.36		0.333333		0.712071
3.36		0.4		1
3.36		0.466667		0.940827
3.36		0.533333		0.936162
3.36		0.6		1
3.36		0.666667		0.860357
3.36		0.733333		1
3.36		0.8		0.80744
3.36		0.866667		0.624701
3.36		0.933333		1
3.38		0		1
3.38		0.0666667		1
3.38		0.133333		0.723189
3.38		0.2		0.984127
3.38		0.266667		1
3.38		0.333333		0.444004
3.38		0.4		1
3.38		0.466667		0.858063
3.38		0.533333		0.848041
3.38		0.6		1
3.38		0.666667		0.853403
3.38		0.733333		1
3.38		0.8		0.885706
3.38		0.866667		0.9204
3.38		0.933333		1
3.4		0		1
3.4		0.0666667		1
3.4		0.133333		0.764552
3.4		0.2		0.949631
3.4		0.266667		1
3.4		0.333333		0.864943
3.4		0.4		1
3.4		0.466667		0.763308
3.4		0.533333		0.857682
3.4		0.6		1
3.4		0.666667		0.689258
3.4		0.733333		1
3.4		0.8		0.835996
3.4		0.866667		0.890635
3.4		0.933333		1
3.42		0		1
3.42		0.0666667		1
3.42		0.133333		0.74255
3.42		0.2		0.991915
3.42		0.266667		1
3.42		0.333333		0.837917
3.42		0.4		1
3.42		0.466667		0.875664
3.42		0.533333		0.840029
3.42		0.6		1
3.42		0.666667		0.935245
3.42		0.733333		1
3.42		0.8		0.987065
3.42		0.866667		0.923931
3.42		0.933333		1
3.44		0		1
3.44		0.0666667		1
3.44		0.133333		0.749263
3.44		0.2		0.989386
3.44		0.266667		1
3.44		0.333333		0.879135
3.44		0.4		1
3.44		0.466667		0.770605
3.44		0.533333		0.830711
3.44		0.6		1
3.44		0.666667		0.931928
3.44		0.733333		1
3.44		0.8		0.904633
3.44		0.866667		0.960089
3.44		0.933333		1
3.46		0		1
3.46		0.0666667		1
3.46		0.133333		0.837965
3.46		0.2		0.811712
3.46		0.266667		1
3.46		0.333333		0.719482
3.46		0.4		1
3.46		0.466667		0.838086
3.46		0.533333		0.910815
3.46		0.6		1
3.46		0.666667		0.70117
3.46		0.733333		1
3.46		0.8		0.828413
3.46		0.866667		0.945358
3.46		0.933333		1
3.48		0		1
3.48		0.0666667		1
3.48		0.133333		0.710097
3.48		0.2		0.971461
3.48		0.266667		1
3.48		0.333333		0.8333
3.48		0.4		1
3.48		0.466667		0.759125
3.48		0.533333		0.73861
3.48		0.6		1
3.48		0.666667		0.880145
3.48		0.733333		1
3.48		0.8		0.975621
3.48		0.866667		0.545979
3.48		0.933333		1
3.5		0		1
3.5		0.0666667		1
3.5		0.133333		0.849481
3.5		0.2		0.911844
3.5		0.266667		1
3.5		0.333333		0.787477
3.5		0.4		1
3.5		0.466667		0.817973
3.5		0.533333		0.788529
3.5		0.6		1
3.5		0.666667		0.767708
3.5		0.733333		1
3.5		0.8		0.991848
3.5		0.866667		0.606351
3.5		0.933333		1
3.52		0		1
3.52		0.0666667		1
3.52		0.133333		0.733076
3.52		0.2		0.890028
3.52		0.266667		1
3.52		0.333333		0.794983
3.52		0.4		1
3.52		0.466667		0.838442
3.52		0.533333		0.792551
3.52		0.6		1
3.52		0.666667		0.93365
3.52		0.733333		1
3.52		0.8		0.989173
3.52		0.866667		0.821347
3.52		0.933333		1
3.54		0		1
3.54		0.0666667		1
3.54		0.133333		0.719311
3.54		0.2		0.885679
3.54		0.266667		1
3.54		0.333333		0.848895
3.54		0.4		1
3.54		0.466667		0.764168
3.54		0.533333		0.699538
3.54		0.6		1
3.54		0.666667		0.800048
3.54		0.733333		1
3.54		0.8		0.999839
3.54		0.866667		0.775678
3.54		0.933333		1
3.56		0		1
3.56		0.0666667		1
3.56		0.133333		0.776948
3.56		0.2		0.977943
3.56		0.266667		1
3.56		0.333333		0.917527
3.56		0.4		1
3.56		0.466667		0.889055
3.56		0.533333		0.872278
3.56		0.6		1
3.56		0.666667		0.686559
3.56		0.733333		1
3.56		0.8		0.827736
3.56		0.866667		0.689547
3.56		0.933333		1
3.58		0		1
3.58		0.0666667		1
3.58		0.133333		0.9545
3.58		0.2		0.948781
3.58		0.266667		1
3.58		0.333333		0.885123
3.58		0.4		1
3.58		0.466667		0.954195
3.58		0.533333		0.695631
3.58		0.6		1
3.58		0.666667		0.840297
3.58		0.733333		1
3.58		0.8		0.950513
3.58		0.866667		0.721505
3.58		0.933333		1
3.6		0		1
3.6		0.0666667		1
3.6		0.133333		0.813515
3.6		0.2		0.826124
3.6		0.266667		1
3.6		0.333333		0.698386
3.6		0.4		1
3.6		0.466667		0.915729
3.6		0.533333		0.825413
3.6		0.6		1
3.6		0.666667		0.90864
3.6		0.733333		1
3.6		0.8		0.815298
3.6		0.866667		0.742737
3.6		0.933333		1
3.62		0		1
3.62		0.0666667		1
3.62		0.133333		0.614498
3.62		0.2		0.796818
3.62		0.266667		1
3.62		0.333333		0.875643
3.62		0.4		1
3.62		0.466667		0.967182
3.62		0.533333		0.910841
3.62		0.6		1
3.62		0.666667		0.819361
3.62		0.733333		1
3.62		0.8		0.993458
3.62		0.866667		0.919932
3.62		0.933333		1
3.64		0		1
3.64		0.0666667		1
3.64		0.133333		0.59903
3.64		0.2		0.831447
3.64		0.266667		1
3.64		0.333333		0.882721
3.64		0.4		1
3.64		0.466667		0.779101
3.64		0.533333		0.958413
3.64		0.6		1
3.64		0.666667		0.818165
3.64		0.733333		1
3.64		0.8		0.799417
3.64		0.866667		0.79798
3.64		0.933333		1
3.66		0		1
3.66		0.0666667		1
3.66		0.133333		0.844868
3.66		0.2		0.897223
3.66		0.266667		1
3.66		0.333333		0.999929
3.66		0.4		1
3.66		0.466667		0.708232
3.66		0.533333		0.874112
3.66		0.6		1
3.66		0.666667		0.893008
3.66		0.733333		1
3.66		0.8		0.999813
3.66		0.866667		0.877277
3.66		0.933333		1
3.68		0		1
3.68		0.0666667		1
3.68		0.133333		0.81835
3.68		0.2		0.914628
3.68		0.266667		1
3.68		0.333333		0.772942
3.68		0.4		1
3.68		0.466667		0.76038
3.68		0.533333		0.789297
3.68		0.6		1
3.68		0.666667		0.6619
3.68		0.733333		1
3.68		0.8		0.856645
3.68		0.866667		0.811528
3.68		0.933333		1
3.7		0		1
3.7		0.0666667		1
3.7		0.133333		0.620466
3.7		0.2		0.992919
3.7		0.266667		1
3.7		0.333333		0.853428
3.7		0.4		1
3.7		0.466667		0.740902
3.7		0.533333		0.974878
3.7		0.6		1
3.7		0.666667		0.924702
3.7		0.733333		1
3.7		0.8		0.998463
3.7		0.866667		0.778478
3.7		0.933333		1
3.72		0		1
3.72		0.0666667		1
3.72		0.133333		0.950595
3.72		0.2		0.857768
3.72		0.266667		1
3.72		0.333333		0.778993
3.72		0.4		1
3.72		0.466667		0.844593
3.72		0.533333		0.628175
3.72		0.6		1
3.72		0.666667		0.644084
3.72		0.733333		1
3.72		0.8		0.939395
3.72		0.866667		0.631124
3.72		0.933333		1
3.74		0		1
3.74		0.0666667		1
3.74		0.133333		0.538289
3.74		0.2		0.973091
3.74		0.266667		1
3.74		0.333333		0.965578
3.74		0.4		1
3.74		0.466667		0.899419
3.74		0.533333		0.738848
3.74		0.6		1
3.74		0.666667		0.836726
3.74		0.733333		1
3.74		0.8		0.969325
3.74		0.866667		0.714809
3.74		0.933333		1
3.76		0		1
3.76		0.0666667		1
3.76		0.133333		0.827523
3.76		0.2		0.992491
3.76		0.266667		1
3.76		0.333333		0.605544
3.76		0.4		1
3.76		0.466667		0.882896
3.76		0.533333		0.81864
3.76		0.6		1
3.76		0.666667		0.754691
3.76		0.733333		1
3.76		0.8		0.975271
3.76		0.866667		0.890178
3.76		0.933333		1
3.78		0		1
3.78		0.0666667		1
3.78		0.133333		0.708709
3.78		0.2		0.995526
3.78		0.266667		1
3.78		0.333333		0.854647
3.78		0.4		1
3.78		0.466667		0.969464
3.78		0.533333		0.93378
3.78		0.6		1
3.78		0.666667		0.787811
3.78		0.733333		1
3.78		0.8		0.98915
3.78		0.866667		0.830915
3.78		0.933333		1
3.8		0		1
3.8		0.0666667		1
3.8		0.133333		0.930277
3.8		0.2		0.956702
3.8		0.266667		1
3.8		0.333333		0.735118
3.8		0.4		1
3.8		0.466667		0.736888
3.8		0.533333		0.718959
3.8		0.6		1
3.8		0.666667		0.7036
3.8		0.733333		1
3.8		0.8		0.998862
3.8		0.866667		0.694493
3.8		0.933333		1
3.82		0		1
3.82		0.0666667		1
3.82		0.133333		0.884164
3.82		0.2		0.983453
3.82		0.266667		1
3.82		0.333333		0.990313
3.82		0.4		1
3.82		0.466667		0.781907
3.82		0.533333		0.866763
3.82		0.6		1
3.82		0.666667		0.718516
3.82		0.733333		1
3.82		0.8		0.852338
3.82		0.866667		0.593707
3.82		0.933333		1
3.84		0		1
3.84		0.0666667		1
3.84		0.133333		0.714943
3.84		0.2		0.807735
3.84		0.266667		1
3.84		0.333333		0.808571
3.84		0.4		1
3.84		0.466667		0.968801
3.84		0.533333		0.704862
3.84		0.6		1
3.84		0.666667		0.93681
3.84		0.733333		1
3.84		0.8		0.943733
3.84		0.866667		0.883306
3.84		0.933333		1
3.86		0		1
3.86		0.0666667		1
3.86		0.133333		0.872351
3.86		0.2		0.999861
3.86		0.266667		1
3.86		0.333333		0.789539
3.86		0.4		1
3.86		0.466667		0.856986
3.86		0.533333		0.647525
3.86		0.6		1
3.86		0.666667		0.725713
3.86		0.733333		1
3.86		0.8		0.983541
3.86		0.866667		0.890849
3.86		0.933333		1
3.88		0		1
3.88		0.0666667		1
3.88		0.133333		0.8727
3.88		0.2		0.995667
3.88		0.266667		1
3.88		0.333333		0.929206
3.88		0.4		1
3.88		0.466667		0.889789
3.88		0.533333		0.787226
3.88		0.6		1
3.88		0.666667		0.767747
3.88		0.733333		1
3.88		0.8		0.997242
3.88		0.866667		0.991668
3.88		0.933333		1
3.9		0		1
3.9		0.0666667		1
3.9		0.133333		0.867884
3.9		0.2		0.980929
3.9		0.266667		1
3.9		0.333333		0.941255
3.9		0.4		1
3.9		0.466667		0.694226
3.9		0.533333		0.838466
3.9		0.6		1
3.9		0.666667		0.961714
3.9		0.733333		1
3.9		0.8		0.988303
3.9		0.866667		0.75192
3.9		0.933333		1
3.92		0		1
3.92		0.0666667		1
3.92		0.133333		0.556966
3.92		0.2		0.965186
3.92		0.266667		1
3.92		0.333333		0.869735
3.92		0.4		1
3.92		0.466667		0.916736
3.92		0.533333		0.923258
3.92		0.6		1
3.92		0.666667		0.754659
3.92		0.733333		1
3.92		0.8		0.94724
3.92		0.866667		0.993128
3.92		0.933333		1
3.94		0		1
3.94		0.0666667		1
3.94		0.133333		0.688602
3.94		0.2		0.999481
3.94		0.266667		1
3.94		0.333333		0.98124
3.94		0.4		1
3.94		0.466667		0.800764
3.94		0.533333		0.926914
3.94		0.6		1
3.94		0.666667		0.799979
3.94		0.733333		1
3.94		0.8		0.854018
3.94		0.866667		0.916665
3.94		0.933333		1
3.96		0		1
3.96		0.0666667		1
3.96		0.133333		0.963064
3.96		0.2		0.784841
3.96		0.266667		1
3.96		0.333333		0.829177
3.96		0.4		1
3.96		0.466667		0.904431
3.96		0.533333		0.610141
3.96		0.6		1
3.96		0.666667		0.825558
3.96		0.733333		1
3.96		0.8		0.956611
3.96		0.866667		0.811254
3.96		0.933333		1
3.98		0		1
3.98		0.0666667		1
3.98		0.133333		0.973938
3.98		0.2		0.910495
3.98		0.266667		1
3.98		0.333333		0.838906
3.98		0.4		1
3.98		0.466667		0.855703
3.98		0.533333		0.730998
3.98		0.6		1
3.98		0.666667		0.824211
3.98		0.733333		1
3.98		0.8		0.999069
3.98		0.866667		0.937014
3.98		0.933333		1
4		0		1
4		0.0666667		1
4		0.133333		0.870934
4		0.2		0.795718
4		0.266667		1
4		0.333333		0.994207
4		0.4		1
4		0.466667		0.799204
4		0.533333		0.72522
4		0.6		1
4		0.666667		0.70328
4		0.733333		1
4		0.8		0.95021
4		0.866667		0.902699
4		0.933333		1
4.02		0		1
4.02		0.0666667		1
4.02		0.133333		0.913253
4.02		0.2		0.952067
4.02		0.266667		1
4.02		0.333333		0.708784
4.02		0.4		1
4.02		0.466667		0.752066
4.02		0.533333		0.960826
4.02		0.6		1
4.02		0.666667		0.674711
4.02		0.733333		1
4.02		0.8		0.871214
4.02		0.866667		0.93126
4.02		0.933333		1
4.04		0		1
4.04		0.0666667		1
4.04		0.133333		0.881148
4.04		0.2		0.999939
4.04		0.266667		1
4.04		0.333333		0.859315
4.04		0.4		1
4.04		0.466667		0.926845
4.04		0.533333		0.735317
4.04		0.6		1
4.04		0.666667		0.816345
4.04		0.733333		1
4.04		0.8		0.856235
4.04		0.866667		0.537137
4.04		0.933333		1
4.06		0		1
4.06		0.0666667		1
4.06		0.133333		0.572198
4.06		0.2		0.897802
4.06		0.266667		1
4.06		0.333333		0.855411
4.06		0.4		1
4.06		0.466667		0.875865
4.06		0.533333		0.855476
4.06		0.6		1
4.06		0.666667		0.779305
4.06		0.733333		1
4.06		0.8		0.993936
4.06		0.866667		0.684071
4.06		0.933333		1
4.08		0		1
4.08		0.0666667		1
4.08		0.133333		0.931255
4.08		0.2		0.998841
4.08		0.266667		1
4.08		0.333333		0.803836
4.08		0.4		1
4.08		0.466667		0.860455
4.08		0.533333		0.614263
4.08		0.6		1
4.08		0.666667		0.820909
4.08		0.733333		1
4.08		0.8		0.932124
4.08		0.866667		0.737337
4.08		0.933333		1
4.1		0		1
4.1		0.0666667		1
4.1		0.133333		0.913571
4.1		0.2		0.995172
4.1		0.266667		1
4.1		0.333333		0.846944
4.1		0.4		1
4.1		0.466667		0.861676
4.1		0.533333		0.777021
4.1		0.6		1
4.1		0.666667		0.505585
4.1		0.733333		1
4.1		0.8		0.999997
4.1		0.866667		0.688331
4.1		0.933333		1
4.12		0		1
4.12		0.0666667		1
4.12		0.133333		0.703563
4.12		0.2		0.752775
4.12		0.266667		1
4.12		0.333333		0.503315
4.12		0.4		1
4.12		0.466667		0.904891
4.12		0.533333		0.758901
4.12		0.6		1
4.12		0.666667		0.589075
4.12		0.733333		1
4.12		0.8		0.993209
4.12		0.866667		0.746647
4.12		0.933333		1
4.14		0		1
4.14		0.0666667		1
4.14		0.133333		0.636647
4.14		0.2		0.999616
4.14		0.266667		1
4.14		0.333333		0.760017
4.14		0.4		1
4.14		0.466667		0.79068
4.14		0.533333		0.640352
4.14		0.6		1
4.14		0.666667		0.641163
4.14		0.733333		1
4.14		0.8		0.91834
4.14		0.866667		0.757889
4.14		0.933333		1
4.16		0		1
4.16		0.0666667		1
4.16		0.133333		0.976809
4.16		0.2		0.956609
4.16		0.266667		1
4.16		0.333333		0.70541
4.16		0.4		1
4.16		0.466667		0.874051
4.16		0.533333		0.962647
4.16		0.6		1
4.16		0.666667		0.728775
4.16		0.733333		1
4.16		0.8		0.998184
4.16		0.866667		0.969772
4.16		0.933333		1
4.18		0		1
4.18		0.0666667		1
4.18		0.133333		0.741462
4.18		0.2		0.793164
4.18		0.266667		1
4.18		0.333333		0.664699
4.18		0.4		1
4.18		0.466667		0.923969
4.18		0.533333		0.821777
4.18		0.6		1
4.18		0.666667		0.869512
4.18		0.733333		1
4.18		0.8		0.987151
4.18		0.866667		0.60484
4.18		0.933333		1
4.2		0		1
4.2		0.0666667		1
4.2		0.133333		0.74731
4.2		0.2		0.94219
4.2		0.266667		1
4.2		0.333333		0.926393
4.2		0.4		1
4.2		0.466667		0.971838
4.2		0.533333		0.812436
4.2		0.6		1
4.2		0.666667		0.47788
4.2		0.733333		1
4.2		0.8		0.90323
4.2		0.866667		0.760378
4.2		0.933333		1
4.22		0		1
4.22		0.0666667		1
4.22		0.133333		0.859072
4.22		0.2		0.999931
4.22		0.266667		1
4.22		0.333333		0.880789
4.22		0.4		1
4.22		0.466667		0.954908
4.22		0.533333		0.838798
4.22		0.6		1
4.22		0.666667		0.685907
4.22		0.733333		1
4.22		0.8		0.898217
4.22		0.866667		0.717391
4.22		0.933333		1
4.24		0		1
4.24		0.0666667		1
4.24		0.133333		0.796544
4.24		0.2		0.994809
4.24		0.266667		1
4.24		0.333333		0.778475
4.24		0.4		1
4.24		0.466667		0.891628
4.24		0.533333		0.966771
4.24		0.6		1
4.24		0.666667		0.880982
4.24		0.733333		1
4.24		0.8		0.906783
4.24		0.866667		0.763467
4.24		0.933333		1
4.26		0		1
4.26		0.0666667		1
4.26		0.133333		0.873487
4.26		0.2		0.973195
4.26		0.266667		1
4.26		0.333333		0.845749
4.26		0.4		1
4.26		0.466667		0.984841
4.26		0.533333		0.724076
4.26		0.6		1
4.26		0.666667		0.962616
4.26		0.733333		1
4.26		0.8		0.937761
4.26		0.866667		0.648994
4.26		0.933333		1
4.28		0		1
4.28		0.0666667		1
4.28		0.133333		0.527046
4.28		0.2		0.75452
4.28		0.266667		1
4.28		0.333333		0.919509
4.28		0.4		1
4.28		0.466667		0.89714
4.28		0.533333		0.912626
4.28		0.6		1
4.28		0.666667		0.648828
4.28		0.733333		1
4.28		0.8		0.945587
4.28		0.866667		0.596573
4.28		0.933333		1
4.3		0		1
4.3		0.0666667		1
4.3		0.133333		0.77176
4.3		0.2		0.986788
4.3		0.266667		1
4.3		0.333333		0.743307
4.3		0.4		1
4.3		0.466667		0.862265
4.3		0.533333		0.821709
4.3		0.6		1
4.3		0.666667		0.862482
4.3		0.733333		1
4.3		0.8		0.884073
4.3		0.866667		0.812501
4.3		0.933333		1
4.32		0		1
4.32		0.0666667		1
4.32		0.133333		0.815563
4.32		0.2		0.928268
4.32		0.266667		1
4.32		0.333333		0.963621
4.32		0.4		1
4.32		0.466667		0.869441
4.32		0.533333		0.926471
4.32		0.6		1
4.32		0.666667		0.932651
4.32		0.733333		1
4.32		0.8		0.786992
4.32		0.866667		0.721843
4.32		0.933333		1
4.34		0		1
4.34		0.0666667		1
4.34		0.133333		0.979871
4.34		0.2		0.999617
4.34		0.266667		1
4.34		0.333333		0.950734
4.34		0.4		1
4.34		0.466667		0.731923
4.34		0.533333		0.856695
4.34		0.6		1
4.34		0.666667		0.767804
4.34		0.733333		1
4.34		0.8		0.992489
4.34		0.866667		0.828876
4.34		0.933333		1
4.36		0		1
4.36		0.0666667		1
4.36		0.133333		0.831501
4.36		0.2		0.820105
4.36		0.266667		1
4.36		0.333333		0.457084
4.36		0.4		1
4.36		0.466667		0.855627
4.36		0.533333		0.818296
4.36		0.6		1
4.36		0.666667		0.700876
4.36		0.733333		1
4.36		0.8		0.996984
4.36		0.866667		0.678679
4.36		0.933333		1
4.38		0		1
4.38		0.0666667		1
4.38		0.133333		0.918839
4.38		0.2		0.985795
4.38		0.266667		1
4.38		0.333333		0.801297
4.38		0.4		1
4.38		0.466667		0.946339
4.38		0.533333		0.841027
4.38		0.6		1
4.38		0.666667		0.603601
4.38		0.733333		1
4.38		0.8		0.760437
4.38		0.866667		0.77718
4.38		0.933333		1
4.4		0		1
4.4		0.0666667		1
4.4		0.133333		0.742813
4.4		0.2		0.857883
4.4		0.266667		1
4.4		0.333333		0.821814
4.4		0.4		1
4.4		0.466667		0.779179
4.4		0.533333		0.877855
4.4		0.6		1
4.4		0.666667		0.982572
4.4		0.733333		1
4.4		0.8		0.831439
4.4		0.866667		0.952497
4.4		0.933333		1
4.42		0		1
4.42		0.0666667		1
4.42		0.133333		0.880968
4.42		0.2		0.986766
4.42		0.266667		1
4.42		0.333333		0.887683
4.42		0.4		1
4.42		0.466667		0.884514
4.42		0.533333		0.958539
4.42		0.6		1
4.42		0.666667		0.758447
4.42		0.733333		1
4.42		0.8		0.852949
4.42		0.866667		0.711764
4.42		0.933333		1
4.44		0		1
4.44		0.0666667		1
4.44		0.133333		0.913374
4.44		0.2		0.93984
4.44		0.266667		1
4.44		0.333333		0.775132
4.44		0.4		1
4.44		0.466667		0.853608
4.44		0.533333		0.774518
4.44		0.6		1
4.44		0.666667		0.725523
4.44		0.733333		1
4.44		0.8		0.751562
4.44		0.866667		0.794175
4.44		0.933333		1
4.46		0		1
4.46		0.0666667		1
4.46		0.133333		0.818311
4.46		0.2		0.979376
4.46		0.266667		1
4.46		0.333333		0.835904
4.46		0.4		1
4.46		0.466667		0.767214
4.46		0.533333		0.79641
4.46		0.6		1
4.46		0.666667		0.870079
4.46		0.733333		1
4.46		0.8		0.762556
4.46		0.866667		0.866153
4.46		0.933333		1
4.48		0		1
4.48		0.0666667		1
4.48		0.133333		0.681288
4.48		0.2		0.943986
4.48		0.266667		1
4.48		0.333333		0.850241
4.48		0.4		1
4.48		0.466667		0.864057
4.48		0.533333		0.827984
4.48		0.6		1
4.48		0.666667		0.952649
4.48		0.733333		1
4.48		0.8		0.905877
4.48		0.866667		0.524895
4.48		0.933333		1
4.5		0		1
4.5		0.0666667		1
4.5		0.133333		0.776303
4.5		0.2		0.862083
4.5		0.266667		1
4.5		0.333333		0.895034
4.5		0.4		1
4.5		0.466667		0.893168
4.5		0.533333		0.874223
4.5		0.6		1
4.5		0.666667		0.853836
4.5		0.733333		1
4.5		0.8		0.989778
4.5		0.866667		0.70418
4.5		0.933333		1
4.52		0		1
4.52		0.0666667		1
4.52		0.133333		0.901419
4.52		0.2		0.999007
4.52		0.266667		1
4.52		0.333333		0.872025
4.52		0.4		1
4.52		0.466667		0.880806
4.52		0.533333		0.684439
4.52		0.6		1
4.52		0.666667		0.552781
4.52		0.733333		1
4.52		0.8		0.992901
4.52		0.866667		0.859065
4.52		0.933333		1
4.54		0		1
4.54		0.0666667		1
4.54		0.133333		0.645299
4.54		0.2		0.819647
4.54		0.266667		1
4.54		0.333333		0.721698
4.54		0.4		1
4.54		0.466667		0.75501
4.54		0.533333		0.733222
4.54		0.6		1
4.54		0.666667		0.790545
4.54		0.733333		1
4.54		0.8		0.86471
4.54		0.866667		0.934833
4.54		0.933333		1
4.56		0		1
4.56		0.0666667		1
4.56		0.133333		0.81072
4.56		0.2		0.988545
4.56		0.266667		1
4.56		0.333333		0.907952
4.56		0.4		1
4.56		0.466667		0.819299
4.56		0.533333		0.827189
4.56		0.6		1
4.56		0.666667		0.804723
4.56		0.733333		1
4.56		0.8		0.94136
4.56		0.866667		0.766563
4.56		0.933333		1
4.58		0		1
4.58		0.0666667		1
4.58		0.133333		0.892286
4.58		0.2		0.78762
4.58		0.266667		1
4.58		0.333333		0.726937
4.58		0.4		1
4.58		0.466667		0.977904
4.58		0.533333		0.856305
4.58		0.6		1
4.58		0.666667		0.945046
4.58		0.733333		1
4.58		0.8		0.996306
4.58		0.866667		0.698816
4.58		0.933333		1
4.6		0		1
4.6		0.0666667		1
4.6		0.133333		0.901028
4.6		0.2		0.924766
4.6		0.266667		1
4.6		0.333333		0.818385
4.6		0.4		1
4.6		0.466667		0.908483
4.6		0.533333		0.749144
4.6		0.6		1
4.6		0.666667		0.664726
4.6		0.733333		1
4.6		0.8		0.887189
4.6		0.866667		0.964864
4.6		0.933333		1
4.62		0		1
4.62		0.0666667		1
4.62		0.133333		0.786802
4.62		0.2		0.995295
4.62		0.266667		1
4.62		0.333333		0.703653
4.62		0.4		1
4.62		0.466667		0.853938
4.62		0.533333		0.917485
4.62		0.6		1
4.62		0.666667		0.537142
4.62		0.733333		1
4.62		0.8		0.799752
4.62		0.866667		0.855634
4.62		0.933333		1
4.64		0		1
4.64		0.0666667		1
4.64		0.133333		0.59784
4.64		0.2		0.951313
4.64		0.266667		1
4.64		0.333333		0.982994
4.64		0.4		1
4.64		0.466667		0.863169
4.64		0.533333		0.902569
4.64		0.6		1
4.64		0.666667		0.831013
4.64		0.733333		1
4.64		0.8		0.980786
4.64		0.866667		0.472218
4.64		0.933333		1
4.66		0		1
4.66		0.0666667		1
4.66		0.133333		0.892752
4.66		0.2		0.835893
4.66		0.266667		1
4.66		0.333333		0.64069
4.66		0.4		1
4.66		0.466667		0.945882
4.66		0.533333		0.850382
4.66		0.6		1
4.66		0.666667		0.556281
4.66		0.733333		1
4.66		0.8		0.878903
4.66		0.866667		0.631752
4.66		0.933333		1
4.68		0		1
4.68		0.0666667		1
4.68		0.133333		0.716481
4.68		0.2		0.968947
4.68		0.266667		1
4.68		0.333333		0.566485
4.68		0.4		1
4.68		0.466667		0.778649
4.68		0.533333		0.761509
4.68		0.6		1
4.68		0.666667		0.825062
4.68		0.733333		1
4.68		0.8		0.988667
4.68		0.866667		0.799378
4.68		0.933333		1
4.7		0		1
4.7		0.0666667		1
4.7		0.133333		0.914039
4.7		0.2		0.780034
4.7		0.266667		1
4.7		0.333333		0.830955
4.7		0.4		1
4.7		0.466667		0.75158
4.7		0.533333		0.974777
4.7		0.6		1
4.7		0.666667		0.915948
4.7		0.733333		1
4.7		0.8		0.934179
4.7		0.866667		0.792179
4.7		0.933333		1
4.72		0		1
4.72		0.0666667		1
4.72		0.133333		0.725971
4.72		0.2		0.811098
4.72		0.266667		1
4.72		0.333333		0.937908
4.72		0.4		1
4.72		0.466667		0.765257
4.72		0.533333		0.765639
4.72		0.6		1
4.72		0.666667		0.700875
4.72		0.733333		1
4.72		0.8		0.981088
4.72		0.866667		0.933364
4.72		0.933333		1
4.74		0		1
4.74		0.0666667		1
4.74		0.133333		0.837216
4.74		0.2		0.999576
4.74		0.266667		1
4.74		0.333333		0.892874
4.74		0.4		1
4.74		0.466667		0.695479
4.74		0.533333		0.871292
4.74		0.6		1
4.74		0.666667		0.714017
4.74		0.733333		1
4.74		0.8		0.898436
4.74		0.866667		0.825992
4.74		0.933333		1
4.76		0		1
4.76		0.0666667		1
4.76		0.133333		0.724606
4.76		0.2		0.976174
4.76		0.266667		1
4.76		0.333333		0.773547
4.76		0.4		1
4.76		0.466667		0.723341
4.76		0.533333		0.933134
4.76		0.6		1
4.76		0.666667		0.968346
4.76		0.733333		1
4.76		0.8		0.994274
4.76		0.866667		0.690819
4.76		0.933333		1
4.78		0		1
4.78		0.0666667		1
4.78		0.133333		0.795227
4.78		0.2		0.814523
4.78		0.266667		1
4.78		0.333333		0.742429
4.78		0.4		1
4.78		0.466667		0.85012
4.78		0.533333		0.65397
4.78		0.6		1
4.78		0.666667		0.784938
4.78		0.733333		1
4.78		0.8		0.782668
4.78		0.866667		0.805981
4.78		0.933333		1
4.8		0		1
4.8		0.0666667		1
4.8		0.133333		0.595128
4.8		0.2		0.837655
4.8		0.266667		1
4.8		0.333333		0.857425
4.8		0.4		1
4.8		0.466667		0.936424
4.8		0.533333		0.794658
4.8		0.6		1
4.8		0.666667		0.708572
4.8		0.733333		1
4.8		0.8		0.931639
4.8		0.866667		0.724929
4.8		0.933333		1
4.82		0		1
4.82		0.0666667		1
4.82		0.133333		0.694667
4.82		0.2		0.825498
4.82		0.266667		1
4.82		0.333333		0.64849
4.82		0.4		1
4.82		0.466667		0.792407
4.82		0.533333		0.943389
4.82		0.6		1
4.82		0.666667		0.605262
4.82		0.733333		1
4.82		0.8		0.99802
4.82		0.866667		0.809156
4.82		0.933333		1
4.84		0		1
4.84		0.0666667		1
4.84		0.133333		0.908681
4.84		0.2		0.991785
4.84		0.266667		1
4.84		0.333333		0.783164
4.84		0.4		1
4.84		0.466667		0.859577
4.84		0.533333		0.728267
4.84		0.6		1
4.84		0.666667		0.979436
4.84		0.733333		1
4.84		0.8		0.971627
4.84		0.866667		0.619062
4.84		0.933333		1
4.86		0		1
4.86		0.0666667		1
4.86		0.133333		0.720355
4.86		0.2		0.999584
4.86		0.266667		1
4.86		0.333333		0.804701
4.86		0.4		1
4.86		0.466667		0.933914
4.86		0.533333		0.918185
4.86		0.6		1
4.86		0.666667		0.798903
4.86		0.733333		1
4.86		0.8		0.952759
4.86		0.866667		0.781745
4.86		0.933333		1
4.88		0		1
4.88		0.0666667		1
4.88		0.133333		0.746416
4.88		0.2		0.833564
4.88		0.266667		1
4.88		0.333333		0.807987
4.88		0.4		1
4.88		0.466667		0.795861
4.88		0.533333		0.665574
4.88		0.6		1
4.88		0.666667		0.77996
4.88		0.733333		1
4.88		0.8		0.761571
4.88		0.866667		0.643728
4.88		0.933333		1
4.9		0		1
4.9		0.0666667		1
4.9		0.133333		0.94147
4.9		0.2		0.812177
4.9		0.266667		1
4.9		0.333333		0.946021
4.9		0.4		1
4.9		0.466667		0.96809
4.9		0.533333		0.992976
4.9		0.6		1
4.9		0.666667		0.760571
4.9		0.733333		1
4.9		0.8		0.88035
4.9		0.866667		0.811748
4.9		0.933333		1
4.92		0		1
4.92		0.0666667		1
4.92		0.133333		0.732794
4.92		0.2		0.897569
4.92		0.266667		1
4.92		0.333333		0.663288
4.92		0.4		1
4.92		0.466667		0.910225
4.92		0.533333		0.844279
4.92		0.6		1
4.92		0.666667		0.505894
4.92		0.733333		1
4.92		0.8		0.99785
4.92		0.866667		0.769132
4.92		0.933333		1
4.94		0		1
4.94		0.0666667		1
4.94		0.133333		0.612302
4.94		0.2		0.96807
4.94		0.266667		1
4.94		0.333333		0.50195
4.94		0.4		1
4.94		0.466667		0.866882
4.94		0.533333		0.975788
4.94		0.6		1
4.94		0.666667		0.748045
4.94		0.733333		1
4.94		0.8		0.812154
4.94		0.866667		0.652426
4.94		0.933333		1
4.96		0		1
4.96		0.0666667		1
4.96		0.133333		0.958858
4.96		0.2		0.966473
4.96		0.266667		1
4.96		0.333333		0.828074
4.96		0.4		1
4.96		0.466667		0.928491
4.96		0.533333		0.852223
4.96		0.6		1
4.96		0.666667		0.6899
4.96		0.733333		1
4.96		0.8		0.89566
4.96		0.866667		0.868612
4.96		0.933333		1
4.98		0		1
4.98		0.0666667		1
4.98		0.133333		0.818739
4.98		0.2		0.804427
4.98		0.266667		1
4.98		0.333333		0.879809
4.98		0.4		1
4.98		0.466667		0.914749
4.98		0.533333		0.850739
4.98		0.6		1
4.98		0.666667		0.657132
4.98		0.733333		1
4.98		0.8		0.816091
4.98		0.866667		0.636879
4.98		0.933333		1
5		0		1
5		0.0666667		1
5		0.133333		0.576056
5		0.2		0.949583
5		0.266667		1
5		0.333333		0.724823
5		0.4		1
5		0.466667		0.988087
5		0.533333		0.995898
5		0.6		1
5		0.666667		0.741554
5		0.733333		1
5		0.8		0.999288
5		0.866667		0.774965
5		0.933333		1
