0.02		0		4.01
0.02		0.0666667		12.8883
0.02		0.133333		10.9724
0.02		0.2		10.5602
0.02		0.266667		15.5749
0.02		0.333333		20.4353
0.02		0.4		19.8704
0.02		0.466667		19.5817
0.02		0.533333		19.7937
0.02		0.6		20.2062
0.02		0.666667		20.5756
0.02		0.733333		16.8124
0.02		0.8		11.0175
0.02		0.866667		9.24357
0.02		0.933333		13.2481
0.04		0		4.0401
0.04		0.0666667		12.9536
0.04		0.133333		11.1663
0.04		0.2		10.4931
0.04		0.266667		15.657
0.04		0.333333		20.5053
0.04		0.4		19.9481
0.04		0.466667		19.6908
0.04		0.533333		19.8148
0.04		0.6		20.285
0.04		0.666667		21.5311
0.04		0.733333		16.9105
0.04		0.8		11.0798
0.04		0.866667		9.6486
0.04		0.933333		13.3208
0.06		0		4.09067
0.06		0.0666667		13.0625
0.06		0.133333		10.2015
0.06		0.2		10.4742
0.06		0.266667		15.7954
0.06		0.333333		21.7808
0.06		0.4		20.0781
0.06		0.466667		19.8876
0.06		0.533333		19.7623
0.06		0.6		20.4168
0.06		0.666667		21.2368
0.06		0.733333		17.0755
0.06		0.8		11.2932
0.06		0.866667		9.52608
0.06		0.933333		13.4423
0.08		0		4.16231
0.08		0.0666667		13.2152
0.08		0.133333		11.4715
0.08		0.2		10.3609
0.08		0.266667		15.9919
0.08		0.333333		20.8578
0.08		0.4		20.2612
0.08		0.466667		18.673
0.08		0.533333		19.4149
0.08		0.6		20.8965
0.08		0.666667		22.0487
0.08		0.733333		17.3095
0.08		0.8		11.4723
0.08		0.866667		9.39556
0.08		0.933333		13.6133
0.1		0		4.25583
0.1		0.0666667		13.412
0.1		0.133333		11.5477
0.1		0.2		10.519
0.1		0.266667		16.2492
0.1		0.333333		22.0597
0.1		0.4		20.4983
0.1		0.466667		19.5618
0.1		0.533333		19.1516
0.1		0.6		21.1874
0.1		0.666667		20.4253
0.1		0.733333		17.6151
0.1		0.8		11.8262
0.1		0.866667		10.2858
0.1		0.933333		13.8351
0.12		0		4.37231
0.12		0.0666667		13.6536
0.12		0.133333		10.6107
0.12		0.2		10.8345
0.12		0.266667		16.57
0.12		0.333333		21.2964
0.12		0.4		21.1
0.12		0.466667		19.4558
0.12		0.533333		19.9738
0.12		0.6		21.5471
0.12		0.666667		21.2723
0.12		0.733333		17.9957
0.12		0.8		11.7268
0.12		0.866667		9.68515
0.12		0.933333		14.1092
0.14		0		4.51303
0.14		0.0666667		13.9403
0.14		0.133333		12.2872
0.14		0.2		11.1831
0.14		0.266667		16.958
0.14		0.333333		22.2136
0.14		0.4		21.5276
0.14		0.466667		19.7646
0.14		0.533333		20.2893
0.14		0.6		21.9777
0.14		0.666667		22.4548
0.14		0.733333		18.4551
0.14		0.8		12.2184
0.14		0.866667		10.5725
0.14		0.933333		14.438
0.16		0		4.67953
0.16		0.0666667		14.2725
0.16		0.133333		11.3443
0.16		0.2		11.1789
0.16		0.266667		17.4172
0.16		0.333333		23.0279
0.16		0.4		22.0285
0.16		0.466667		19.5077
0.16		0.533333		19.8916
0.16		0.6		22.4815
0.16		0.666667		22.8714
0.16		0.733333		18.9979
0.16		0.8		12.1384
0.16		0.866667		9.86319
0.16		0.933333		14.8257
0.18		0		4.87356
0.18		0.0666667		14.6499
0.18		0.133333		12.841
0.18		0.2		11.9182
0.18		0.266667		17.9521
0.18		0.333333		24.5129
0.18		0.4		22.6052
0.18		0.466667		21.4088
0.18		0.533333		19.664
0.18		0.6		23.0613
0.18		0.666667		22.3433
0.18		0.733333		19.6299
0.18		0.8		12.7878
0.18		0.866667		10.912
0.18		0.933333		15.3011
0.2		0		5.09709
0.2		0.0666667		15.5813
0.2		0.133333		11.895
0.2		0.2		11.8501
0.2		0.266667		18.5678
0.2		0.333333		23.2858
0.2		0.4		23.9715
0.2		0.466667		21.9375
0.2		0.533333		21.5883
0.2		0.6		23.7142
0.2		0.666667		22.8214
0.2		0.733333		20.353
0.2		0.8		12.828
0.2		0.866667		10.1437
0.2		0.933333		15.6802
0.22		0		6.47311
0.22		0.0666667		15.1072
0.22		0.133333		12.5646
0.22		0.2		13.0399
0.22		0.266667		20.6461
0.22		0.333333		21.1995
0.22		0.4		24.9504
0.22		0.466667		22.2
0.22		0.533333		21.0468
0.22		0.6		24.4499
0.22		0.666667		22.1286
0.22		0.733333		21.3069
0.22		0.8		14.2084
0.22		0.866667		10.7342
0.22		0.933333		16.2658
0.24		0		6.77801
0.24		0.0666667		15.6486
0.24		0.133333		12.5738
0.24		0.2		13.3909
0.24		0.266667		21.5541
0.24		0.333333		24.3206
0.24		0.4		24.9644
0.24		0.466667		22.3733
0.24		0.533333		21.9873
0.24		0.6		25.2639
0.24		0.666667		22.7098
0.24		0.733333		22.2736
0.24		0.8		14.7368
0.24		0.866667		10.8488
0.24		0.933333		16.8796
0.26		0		7.11728
0.26		0.0666667		16.238
0.26		0.133333		13.7008
0.26		0.2		13.895
0.26		0.266667		22.5535
0.26		0.333333		24.1608
0.26		0.4		25.2443
0.26		0.466667		22.263
0.26		0.533333		23.2031
0.26		0.6		26.1539
0.26		0.666667		23.9347
0.26		0.733333		23.3637
0.26		0.8		14.9707
0.26		0.866667		12.55
0.26		0.933333		17.5212
0.28		0		7.49259
0.28		0.0666667		16.8723
0.28		0.133333		13.1486
0.28		0.2		14.2279
0.28		0.266667		23.9326
0.28		0.333333		26.1211
0.28		0.4		26.3037
0.28		0.466667		22.7975
0.28		0.533333		23.9555
0.28		0.6		26.0914
0.28		0.666667		25.8308
0.28		0.733333		23.6473
0.28		0.8		15.3857
0.28		0.866667		12.5673
0.28		0.933333		16.2978
0.3		0		10.1579
0.3		0.0666667		15.5759
0.3		0.133333		14.5745
0.3		0.2		15.05
0.3		0.266667		24.9091
0.3		0.333333		27.7243
0.3		0.4		27.4534
0.3		0.466667		25.4159
0.3		0.533333		23.7689
0.3		0.6		27.0375
0.3		0.666667		26.5406
0.3		0.733333		23.8658
0.3		0.8		16.6205
0.3		0.866667		14.2285
0.3		0.933333		15.6531
0.32		0		10.6783
0.32		0.0666667		16.2242
0.32		0.133333		16.6575
0.32		0.2		17.1253
0.32		0.266667		21.6862
0.32		0.333333		27.7767
0.32		0.4		28.6877
0.32		0.466667		25.3385
0.32		0.533333		24.7674
0.32		0.6		28.0746
0.32		0.666667		26.6312
0.32		0.733333		25.288
0.32		0.8		17.3977
0.32		0.866667		14.3141
0.32		0.933333		17.3268
0.34		0		11.2184
0.34		0.0666667		16.9143
0.34		0.133333		17.6953
0.34		0.2		18.5556
0.34		0.266667		25.5378
0.34		0.333333		27.2373
0.34		0.4		30.707
0.34		0.466667		24.5916
0.34		0.533333		26.1472
0.34		0.6		30.4537
0.34		0.666667		26.3555
0.34		0.733333		28.7548
0.34		0.8		18.2943
0.34		0.866667		16.109
0.34		0.933333		18.0378
0.36		0		11.7668
0.36		0.0666667		17.6418
0.36		0.133333		18.4518
0.36		0.2		19.3779
0.36		0.266667		26.7099
0.36		0.333333		29.397
0.36		0.4		32.0852
0.36		0.466667		25.0402
0.36		0.533333		26.5179
0.36		0.6		31.4159
0.36		0.666667		26.9887
0.36		0.733333		30.6285
0.36		0.8		19.8962
0.36		0.866667		16.605
0.36		0.933333		18.8453
0.38		0		12.309
0.38		0.0666667		18.3962
0.38		0.133333		18.3515
0.38		0.2		20.3085
0.38		0.266667		29.7935
0.38		0.333333		28.4724
0.38		0.4		33.5384
0.38		0.466667		27.2055
0.38		0.533333		26.4554
0.38		0.6		32.7215
0.38		0.666667		28.3272
0.38		0.733333		32.1375
0.38		0.8		20.7259
0.38		0.866667		16.9838
0.38		0.933333		18.9256
0.4		0		12.8287
0.4		0.0666667		19.158
0.4		0.133333		20.0931
0.4		0.2		22.008
0.4		0.266667		31.6315
0.4		0.333333		29.8768
0.4		0.4		35.1019
0.4		0.466667		26.5809
0.4		0.533333		27.0408
0.4		0.6		34.0933
0.4		0.666667		30.3483
0.4		0.733333		34.4019
0.4		0.8		21.601
0.4		0.866667		19.2716
0.4		0.933333		20.2572
0.42		0		13.3108
0.42		0.0666667		19.8955
0.42		0.133333		20.6162
0.42		0.2		22.7933
0.42		0.266667		33.7746
0.42		0.333333		32.7739
0.42		0.4		36.9727
0.42		0.466667		28.5056
0.42		0.533333		28.874
0.42		0.6		35.4527
0.42		0.666667		31.3669
0.42		0.733333		36.1566
0.42		0.8		23.3007
0.42		0.866667		19.4822
0.42		0.933333		21.0989
0.44		0		13.7492
0.44		0.0666667		20.5728
0.44		0.133333		21.4898
0.44		0.2		23.8661
0.44		0.266667		34.4147
0.44		0.333333		33.3714
0.44		0.4		38.6394
0.44		0.466667		28.9235
0.44		0.533333		30.6707
0.44		0.6		36.745
0.44		0.666667		36.5901
0.44		0.733333		36.0103
0.44		0.8		24.7989
0.44		0.866667		19.6882
0.44		0.933333		21.7974
0.46		0		14.1566
0.46		0.0666667		21.1713
0.46		0.133333		21.9857
0.46		0.2		26.3744
0.46		0.266667		35.4656
0.46		0.333333		35.2658
0.46		0.4		40.0747
0.46		0.466667		30.8772
0.46		0.533333		32.46
0.46		0.6		38.6534
0.46		0.666667		37.0518
0.46		0.733333		33.5435
0.46		0.8		29.8983
0.46		0.866667		21.0341
0.46		0.933333		22.2985
0.48		0		14.5722
0.48		0.0666667		21.7088
0.48		0.133333		22.804
0.48		0.2		27.224
0.48		0.266667		36.0036
0.48		0.333333		35.4067
0.48		0.4		41.056
0.48		0.466667		31.8585
0.48		0.533333		32.9209
0.48		0.6		39.5661
0.48		0.666667		38.1677
0.48		0.733333		34.9777
0.48		0.8		33.1884
0.48		0.866667		22.8494
0.48		0.933333		22.7378
0.5		0		15.0515
0.5		0.0666667		22.2134
0.5		0.133333		23.0529
0.5		0.2		32.2813
0.5		0.266667		36.855
0.5		0.333333		35.2884
0.5		0.4		41.4531
0.5		0.466667		31.0254
0.5		0.533333		28.8181
0.5		0.6		39.9355
0.5		0.666667		39.1957
0.5		0.733333		34.8595
0.5		0.8		34.2092
0.5		0.866667		21.4234
0.5		0.933333		23.1742
0.52		0		15.6367
0.52		0.0666667		22.778
0.52		0.133333		23.1739
0.52		0.2		31.8102
0.52		0.266667		35.7518
0.52		0.333333		35.2209
0.52		0.4		41.3758
0.52		0.466667		33.5299
0.52		0.533333		34.4263
0.52		0.6		39.791
0.52		0.666667		37.6199
0.52		0.733333		34.1164
0.52		0.8		34.5762
0.52		0.866667		22.978
0.52		0.933333		23.435
0.54		0		16.3328
0.54		0.0666667		23.3323
0.54		0.133333		22.962
0.54		0.2		32.9797
0.54		0.266667		33.5452
0.54		0.333333		34.8456
0.54		0.4		40.9848
0.54		0.466667		32.3495
0.54		0.533333		34.3242
0.54		0.6		39.3805
0.54		0.666667		38.5528
0.54		0.733333		32.2421
0.54		0.8		34.5991
0.54		0.866667		24.3286
0.54		0.933333		23.4306
0.56		0		17.1116
0.56		0.0666667		23.865
0.56		0.133333		24.2116
0.56		0.2		33.9086
0.56		0.266667		33.265
0.56		0.333333		34.0961
0.56		0.4		40.4334
0.56		0.466667		32.4232
0.56		0.533333		35.2242
0.56		0.6		38.4642
0.56		0.666667		38.3068
0.56		0.733333		31.5868
0.56		0.8		35.523
0.56		0.866667		23.8008
0.56		0.933333		23.3092
0.58		0		17.9314
0.58		0.0666667		24.3568
0.58		0.133333		23.4179
0.58		0.2		35.9608
0.58		0.266667		31.7028
0.58		0.333333		34.6144
0.58		0.4		39.8692
0.58		0.466667		34.3482
0.58		0.533333		34.2494
0.58		0.6		38.1408
0.58		0.666667		33.2265
0.58		0.733333		35.4141
0.58		0.8		35.3865
0.58		0.866667		22.3143
0.58		0.933333		23.1972
0.6		0		18.7541
0.6		0.0666667		24.7999
0.6		0.133333		24.2143
0.6		0.2		34.774
0.6		0.266667		31.0149
0.6		0.333333		33.155
0.6		0.4		39.3583
0.6		0.466667		34.7282
0.6		0.533333		35.1983
0.6		0.6		37.8466
0.6		0.666667		32.3572
0.6		0.733333		34.3285
0.6		0.8		35.9882
0.6		0.866667		22.3477
0.6		0.933333		23.125
0.62		0		19.5522
0.62		0.0666667		25.1951
0.62		0.133333		24.2119
0.62		0.2		33.9319
0.62		0.266667		30.1876
0.62		0.333333		34.1961
0.62		0.4		37.6362
0.62		0.466667		32.0816
0.62		0.533333		33.3059
0.62		0.6		37.5971
0.62		0.666667		30.1256
0.62		0.733333		33.4125
0.62		0.8		36.4357
0.62		0.866667		22.2237
0.62		0.933333		23.0909
0.64		0		20.3091
0.64		0.0666667		25.5469
0.64		0.133333		24.0683
0.64		0.2		34.813
0.64		0.266667		29.5122
0.64		0.333333		33.1959
0.64		0.4		37.2295
0.64		0.466667		33.1208
0.64		0.533333		34.0176
0.64		0.6		37.3467
0.64		0.666667		32.5707
0.64		0.733333		32.3969
0.64		0.8		36.307
0.64		0.866667		22.8459
0.64		0.933333		23.09
0.66		0		21.0187
0.66		0.0666667		25.8601
0.66		0.133333		25.075
0.66		0.2		35.3583
0.66		0.266667		28.6797
0.66		0.333333		32.9566
0.66		0.4		37.2308
0.66		0.466667		32.3481
0.66		0.533333		33.8514
0.66		0.6		37.2563
0.66		0.666667		30.4828
0.66		0.733333		31.1389
0.66		0.8		34.7956
0.66		0.866667		22.55
0.66		0.933333		23.0858
0.68		0		21.6786
0.68		0.0666667		26.1413
0.68		0.133333		23.9495
0.68		0.2		34.2069
0.68		0.266667		31.5516
0.68		0.333333		29.052
0.68		0.4		36.9895
0.68		0.466667		31.8505
0.68		0.533333		33.5751
0.68		0.6		37.1183
0.68		0.666667		29.3678
0.68		0.733333		30.8252
0.68		0.8		35.2077
0.68		0.866667		22.5416
0.68		0.933333		23.0794
0.7		0		22.277
0.7		0.0666667		26.3917
0.7		0.133333		23.7147
0.7		0.2		34.7036
0.7		0.266667		31.7455
0.7		0.333333		28.1874
0.7		0.4		36.8165
0.7		0.466667		30.9821
0.7		0.533333		33.3745
0.7		0.6		37.0042
0.7		0.666667		29.6514
0.7		0.733333		31.6281
0.7		0.8		36.4813
0.7		0.866667		25.3496
0.7		0.933333		23.0459
0.72		0		22.8595
0.72		0.0666667		26.6163
0.72		0.133333		25.3184
0.72		0.2		34.8046
0.72		0.266667		30.8904
0.72		0.333333		27.8222
0.72		0.4		36.6763
0.72		0.466667		32.4946
0.72		0.533333		31.5725
0.72		0.6		36.8979
0.72		0.666667		27.545
0.72		0.733333		30.5844
0.72		0.8		35.1274
0.72		0.866667		22.7661
0.72		0.933333		22.9376
0.74		0		23.3886
0.74		0.0666667		26.8177
0.74		0.133333		24.8621
0.74		0.2		34.5087
0.74		0.266667		30.7402
0.74		0.333333		26.9754
0.74		0.4		36.5564
0.74		0.466667		31.28
0.74		0.533333		32.208
0.74		0.6		35.3966
0.74		0.666667		30.0274
0.74		0.733333		30.3798
0.74		0.8		35.776
0.74		0.866667		25.2354
0.74		0.933333		22.6112
0.76		0		23.8821
0.76		0.0666667		26.9986
0.76		0.133333		25.1358
0.76		0.2		35.3021
0.76		0.266667		30.3896
0.76		0.333333		26.8898
0.76		0.4		34.5593
0.76		0.466667		32.0218
0.76		0.533333		33.07
0.76		0.6		35.5345
0.76		0.666667		27.721
0.76		0.733333		31.2163
0.76		0.8		34.8302
0.76		0.866667		22.8171
0.76		0.933333		24.1719
0.78		0		24.3438
0.78		0.0666667		27.1612
0.78		0.133333		25.99
0.78		0.2		35.2896
0.78		0.266667		29.7919
0.78		0.333333		28.1901
0.78		0.4		34.3896
0.78		0.466667		32.5219
0.78		0.533333		34.7326
0.78		0.6		33.8909
0.78		0.666667		28.0982
0.78		0.733333		31.1967
0.78		0.8		35.2492
0.78		0.866667		23.4355
0.78		0.933333		24.1749
0.8		0		24.777
0.8		0.0666667		27.3074
0.8		0.133333		25.3545
0.8		0.2		36.1978
0.8		0.266667		29.2226
0.8		0.333333		26.5542
0.8		0.4		34.2467
0.8		0.466667		33.2941
0.8		0.533333		34.385
0.8		0.6		33.7762
0.8		0.666667		27.9276
0.8		0.733333		30.6569
0.8		0.8		32.069
0.8		0.866667		22.9834
0.8		0.933333		24.2825
0.82		0		25.1846
0.82		0.0666667		27.4384
0.82		0.133333		24.881
0.82		0.2		35.8492
0.82		0.266667		29.071
0.82		0.333333		26.5486
0.82		0.4		34.1514
0.82		0.466667		32.9076
0.82		0.533333		33.7762
0.82		0.6		33.678
0.82		0.666667		26.7824
0.82		0.733333		30.6919
0.82		0.8		29.5833
0.82		0.866667		28.3363
0.82		0.933333		24.573
0.84		0		25.5692
0.84		0.0666667		27.5587
0.84		0.133333		26.799
0.84		0.2		34.2083
0.84		0.266667		28.5819
0.84		0.333333		24.7139
0.84		0.4		35.0364
0.84		0.466667		33.7271
0.84		0.533333		31.6394
0.84		0.6		33.5932
0.84		0.666667		30.3148
0.84		0.733333		30.2693
0.84		0.8		28.3146
0.84		0.866667		30.3635
0.84		0.933333		24.9207
0.86		0		31.3426
0.86		0.0666667		22.9334
0.86		0.133333		28.9204
0.86		0.2		33.5092
0.86		0.266667		28.5318
0.86		0.333333		24.9205
0.86		0.4		33.8348
0.86		0.466667		33.1029
0.86		0.533333		33.2001
0.86		0.6		33.5137
0.86		0.666667		26.0133
0.86		0.733333		31.0261
0.86		0.8		28.9883
0.86		0.866667		30.11
0.86		0.933333		25.2291
0.88		0		31.6974
0.88		0.0666667		23.0214
0.88		0.133333		27.8568
0.88		0.2		33.3912
0.88		0.266667		28.144
0.88		0.333333		25.7025
0.88		0.4		34.2794
0.88		0.466667		33.0586
0.88		0.533333		34.2674
0.88		0.6		33.4425
0.88		0.666667		24.9189
0.88		0.733333		25.7996
0.88		0.8		33.6505
0.88		0.866667		31.6713
0.88		0.933333		25.4797
0.9		0		32.0273
0.9		0.0666667		23.1072
0.9		0.133333		27.6123
0.9		0.2		33.9243
0.9		0.266667		28.2321
0.9		0.333333		24.0234
0.9		0.4		33.6858
0.9		0.466667		33.2984
0.9		0.533333		33.0674
0.9		0.6		33.3969
0.9		0.666667		24.323
0.9		0.733333		25.6861
0.9		0.8		34.5976
0.9		0.866667		30.178
0.9		0.933333		25.6981
0.92		0		32.3348
0.92		0.0666667		23.1905
0.92		0.133333		29.9199
0.92		0.2		32.9735
0.92		0.266667		30.5907
0.92		0.333333		22.1038
0.92		0.4		33.573
0.92		0.466667		33.5617
0.92		0.533333		32.4943
0.92		0.6		33.3392
0.92		0.666667		24.3809
0.92		0.733333		25.36
0.92		0.8		33.5153
0.92		0.866667		32.0683
0.92		0.933333		24.1343
0.94		0		32.6222
0.94		0.0666667		23.2714
0.94		0.133333		27.5122
0.94		0.2		33.809
0.94		0.266667		30.6319
0.94		0.333333		20.5972
0.94		0.4		36.2541
0.94		0.466667		31.8452
0.94		0.533333		32.6741
0.94		0.6		33.2922
0.94		0.666667		24.3607
0.94		0.733333		25.2565
0.94		0.8		32.7095
0.94		0.866667		32.0896
0.94		0.933333		23.4183
0.96		0		32.8908
0.96		0.0666667		23.3493
0.96		0.133333		28.8436
0.96		0.2		33.017
0.96		0.266667		30.4629
0.96		0.333333		22.1472
0.96		0.4		33.3914
0.96		0.466667		32.5072
0.96		0.533333		33.1829
0.96		0.6		34.66
0.96		0.666667		22.4779
0.96		0.733333		25.8432
0.96		0.8		32.7839
0.96		0.866667		31.1719
0.96		0.933333		23.542
0.98		0		33.1438
0.98		0.0666667		23.4251
0.98		0.133333		28.9865
0.98		0.2		33.8436
0.98		0.266667		30.103
0.98		0.333333		22.1371
0.98		0.4		33.3086
0.98		0.466667		33.4438
0.98		0.533333		31.5662
0.98		0.6		34.6538
0.98		0.666667		23.3342
0.98		0.733333		25.3291
0.98		0.8		32.1123
0.98		0.866667		32.7387
0.98		0.933333		23.6626
1		0		33.3815
1		0.0666667		23.4984
1		0.133333		29.61
1		0.2		33.4663
1		0.266667		29.8177
1		0.333333		21.3209
1		0.4		33.2324
1		0.466667		31.5634
1		0.533333		32.3671
1		0.6		34.6507
1		0.666667		21.8974
1		0.733333		24.9128
1		0.8		31.9397
1		0.866667		32.6111
1		0.933333		23.776
1.02		0		33.6056
1.02		0.0666667		23.5692
1.02		0.133333		28.3851
1.02		0.2		33.3155
1.02		0.266667		32.4623
1.02		0.333333		18.1177
1.02		0.4		33.1607
1.02		0.466667		31.7683
1.02		0.533333		31.3197
1.02		0.6		34.6493
1.02		0.666667		20.129
1.02		0.733333		27.4439
1.02		0.8		32.4877
1.02		0.866667		32.5983
1.02		0.933333		23.8832
1.04		0		33.8171
1.04		0.0666667		23.6377
1.04		0.133333		28.8262
1.04		0.2		33.2648
1.04		0.266667		32.2857
1.04		0.333333		17.3882
1.04		0.4		33.1412
1.04		0.466667		32.1077
1.04		0.533333		31.9542
1.04		0.6		34.6497
1.04		0.666667		19.2168
1.04		0.733333		27.4611
1.04		0.8		32.4836
1.04		0.866667		33.6708
1.04		0.933333		23.9849
1.06		0		34.0173
1.06		0.0666667		23.7038
1.06		0.133333		31.1698
1.06		0.2		32.5913
1.06		0.266667		32.1191
1.06		0.333333		18.8186
1.06		0.4		32.8256
1.06		0.466667		33.3494
1.06		0.533333		34.2017
1.06		0.6		34.6522
1.06		0.666667		19.4832
1.06		0.733333		27.1131
1.06		0.8		31.7244
1.06		0.866667		32.9229
1.06		0.933333		24.082
1.08		0		34.2069
1.08		0.0666667		23.7676
1.08		0.133333		28.5063
1.08		0.2		32.556
1.08		0.266667		31.9556
1.08		0.333333		18.6384
1.08		0.4		33.272
1.08		0.466667		31.709
1.08		0.533333		31.2896
1.08		0.6		34.6573
1.08		0.666667		17.8736
1.08		0.733333		26.9877
1.08		0.8		31.8327
1.08		0.866667		33.2936
1.08		0.933333		24.1752
1.1		0		34.3869
1.1		0.0666667		23.8293
1.1		0.133333		30.6899
1.1		0.2		33.443
1.1		0.266667		31.8012
1.1		0.333333		17.5213
1.1		0.4		32.9235
1.1		0.466667		33.7547
1.1		0.533333		32.5147
1.1		0.6		34.6656
1.1		0.666667		18.4794
1.1		0.733333		27.0659
1.1		0.8		32.496
1.1		0.866667		33.76
1.1		0.933333		24.2649
1.12		0		34.5579
1.12		0.0666667		23.8889
1.12		0.133333		29.3148
1.12		0.2		32.7197
1.12		0.266667		31.6538
1.12		0.333333		17.9621
1.12		0.4		32.305
1.12		0.466667		30.8863
1.12		0.533333		32.4299
1.12		0.6		34.6781
1.12		0.666667		18.0135
1.12		0.733333		29.3882
1.12		0.8		31.4816
1.12		0.866667		33.2596
1.12		0.933333		24.3517
1.14		0		34.7214
1.14		0.0666667		23.9465
1.14		0.133333		29.6037
1.14		0.2		33.2903
1.14		0.266667		31.5139
1.14		0.333333		18.0599
1.14		0.4		32.0893
1.14		0.466667		32.815
1.14		0.533333		31.1207
1.14		0.6		34.6959
1.14		0.666667		19.0389
1.14		0.733333		23.528
1.14		0.8		35.5677
1.14		0.866667		32.5622
1.14		0.933333		24.4358
1.16		0		34.8753
1.16		0.0666667		24.0021
1.16		0.133333		29.2444
1.16		0.2		37.8107
1.16		0.266667		26.2218
1.16		0.333333		18.1629
1.16		0.4		32.048
1.16		0.466667		33.1803
1.16		0.533333		33.5638
1.16		0.6		34.7203
1.16		0.666667		18.0103
1.16		0.733333		23.0379
1.16		0.8		35.0998
1.16		0.866667		34.1214
1.16		0.933333		24.5177
1.18		0		35.0232
1.18		0.0666667		24.0559
1.18		0.133333		30.8166
1.18		0.2		38.4771
1.18		0.266667		26.1004
1.18		0.333333		18.252
1.18		0.4		32.4616
1.18		0.466667		32.8989
1.18		0.533333		31.9902
1.18		0.6		34.7528
1.18		0.666667		18.787
1.18		0.733333		22.9488
1.18		0.8		34.5802
1.18		0.866667		34.5228
1.18		0.933333		24.598
1.2		0		35.1644
1.2		0.0666667		24.1078
1.2		0.133333		32.1215
1.2		0.2		37.6013
1.2		0.266667		25.9846
1.2		0.333333		16.9588
1.2		0.4		32.7235
1.2		0.466667		32.1847
1.2		0.533333		32.4437
1.2		0.6		34.7942
1.2		0.666667		18.3191
1.2		0.733333		22.8964
1.2		0.8		35.0355
1.2		0.866667		31.9091
1.2		0.933333		24.6772
1.22		0		35.2993
1.22		0.0666667		24.1581
1.22		0.133333		31.9869
1.22		0.2		37.74
1.22		0.266667		25.876
1.22		0.333333		18.2247
1.22		0.4		32.0865
1.22		0.466667		31.7623
1.22		0.533333		32.282
1.22		0.6		34.84
1.22		0.666667		17.6712
1.22		0.733333		25.9018
1.22		0.8		34.5252
1.22		0.866667		34.4547
1.22		0.933333		24.7565
1.24		0		35.4286
1.24		0.0666667		24.2065
1.24		0.133333		30.9118
1.24		0.2		37.5392
1.24		0.266667		25.5295
1.24		0.333333		19.245
1.24		0.4		32.2655
1.24		0.466667		32.1028
1.24		0.533333		33.0835
1.24		0.6		34.8635
1.24		0.666667		17.1298
1.24		0.733333		23.4903
1.24		0.8		34.5717
1.24		0.866667		33.8205
1.24		0.933333		24.8373
1.26		0		39.5051
1.26		0.0666667		20.7952
1.26		0.133333		29.4229
1.26		0.2		37.7178
1.26		0.266667		24.8793
1.26		0.333333		18.4162
1.26		0.4		32.8414
1.26		0.466667		31.8874
1.26		0.533333		33.2723
1.26		0.6		34.7524
1.26		0.666667		18.6347
1.26		0.733333		23.3387
1.26		0.8		34.9572
1.26		0.866667		33.1345
1.26		0.933333		24.9197
1.28		0		39.6049
1.28		0.0666667		20.8575
1.28		0.133333		30.2885
1.28		0.2		38.2484
1.28		0.266667		24.759
1.28		0.333333		17.5773
1.28		0.4		32.4974
1.28		0.466667		33.0696
1.28		0.533333		31.4927
1.28		0.6		34.2341
1.28		0.666667		16.9752
1.28		0.733333		23.2199
1.28		0.8		34.4451
1.28		0.866667		32.5879
1.28		0.933333		24.9931
1.3		0		39.6997
1.3		0.0666667		20.9206
1.3		0.133333		31.3545
1.3		0.2		37.9662
1.3		0.266667		24.6438
1.3		0.333333		18.3907
1.3		0.4		31.7887
1.3		0.466667		31.9878
1.3		0.533333		33.5527
1.3		0.6		33.5085
1.3		0.666667		17.3049
1.3		0.733333		23.1077
1.3		0.8		35.1967
1.3		0.866667		33.3669
1.3		0.933333		25.0389
1.32		0		39.7899
1.32		0.0666667		22.3131
1.32		0.133333		28.2891
1.32		0.2		37.9561
1.32		0.266667		24.5332
1.32		0.333333		18.8343
1.32		0.4		32.0521
1.32		0.466667		31.5136
1.32		0.533333		30.447
1.32		0.6		33.3274
1.32		0.666667		18.5655
1.32		0.733333		23.0062
1.32		0.8		34.8183
1.32		0.866667		33.4454
1.32		0.933333		25.0769
1.34		0		39.8758
1.34		0.0666667		22.3572
1.34		0.133333		30.2998
1.34		0.2		37.3965
1.34		0.266667		24.427
1.34		0.333333		18.5643
1.34		0.4		31.9932
1.34		0.466667		33.2128
1.34		0.533333		32.0995
1.34		0.6		33.4453
1.34		0.666667		18.6462
1.34		0.733333		23.0213
1.34		0.8		34.4545
1.34		0.866667		33.7607
1.34		0.933333		25.1244
1.36		0		39.9577
1.36		0.0666667		22.4003
1.36		0.133333		29.7273
1.36		0.2		37.3437
1.36		0.266667		24.3248
1.36		0.333333		19.3345
1.36		0.4		31.9707
1.36		0.466667		30.8601
1.36		0.533333		31.0316
1.36		0.6		33.583
1.36		0.666667		17.5167
1.36		0.733333		22.8935
1.36		0.8		34.6664
1.36		0.866667		33.6124
1.36		0.933333		25.1778
1.38		0		40.0357
1.38		0.0666667		22.4425
1.38		0.133333		30.8591
1.38		0.2		37.8449
1.38		0.266667		24.2264
1.38		0.333333		18.2593
1.38		0.4		31.953
1.38		0.466667		30.6008
1.38		0.533333		31.852
1.38		0.6		33.6886
1.38		0.666667		17.2062
1.38		0.733333		22.7132
1.38		0.8		34.9888
1.38		0.866667		34.8378
1.38		0.933333		25.233
1.4		0		40.1102
1.4		0.0666667		22.4839
1.4		0.133333		31.5938
1.4		0.2		38.1025
1.4		0.266667		24.1313
1.4		0.333333		18.4745
1.4		0.4		31.9371
1.4		0.466667		31.6986
1.4		0.533333		32.3343
1.4		0.6		33.7646
1.4		0.666667		18.6483
1.4		0.733333		22.6119
1.4		0.8		34.2098
1.4		0.866667		34.1115
1.4		0.933333		25.2881
1.42		0		40.1813
1.42		0.0666667		22.5244
1.42		0.133333		29.9979
1.42		0.2		37.9218
1.42		0.266667		24.0432
1.42		0.333333		20.1661
1.42		0.4		31.9222
1.42		0.466667		32.6161
1.42		0.533333		32.7561
1.42		0.6		33.8192
1.42		0.666667		17.3907
1.42		0.733333		22.6198
1.42		0.8		34.2369
1.42		0.866667		33.7437
1.42		0.933333		25.3425
1.44		0		40.2493
1.44		0.0666667		22.5641
1.44		0.133333		31.397
1.44		0.2		38.152
1.44		0.266667		23.9534
1.44		0.333333		18.3288
1.44		0.4		31.908
1.44		0.466667		31.5939
1.44		0.533333		31.6375
1.44		0.6		33.8589
1.44		0.666667		17.9942
1.44		0.733333		22.441
1.44		0.8		34.4798
1.44		0.866667		34.3369
1.44		0.933333		25.3957
1.46		0		40.3143
1.46		0.0666667		22.603
1.46		0.133333		29.1043
1.46		0.2		37.5356
1.46		0.266667		23.8679
1.46		0.333333		20.1996
1.46		0.4		31.8944
1.46		0.466667		31.7198
1.46		0.533333		31.2745
1.46		0.6		33.8881
1.46		0.666667		17.6627
1.46		0.733333		22.3804
1.46		0.8		34.1999
1.46		0.866667		35.1976
1.46		0.933333		25.4478
1.48		0		40.3765
1.48		0.0666667		22.6411
1.48		0.133333		31.5834
1.48		0.2		38.019
1.48		0.266667		23.7859
1.48		0.333333		19.5295
1.48		0.4		31.8813
1.48		0.466667		32.39
1.48		0.533333		31.601
1.48		0.6		33.9098
1.48		0.666667		17.1153
1.48		0.733333		22.2718
1.48		0.8		34.8386
1.48		0.866667		35.514
1.48		0.933333		25.4986
1.5		0		40.436
1.5		0.0666667		22.6784
1.5		0.133333		30.7573
1.5		0.2		37.5825
1.5		0.266667		23.7096
1.5		0.333333		18.5361
1.5		0.4		31.8686
1.5		0.466667		32.1238
1.5		0.533333		31.4274
1.5		0.6		33.9258
1.5		0.666667		17.1282
1.5		0.733333		22.1934
1.5		0.8		34.0871
1.5		0.866667		35.6097
1.5		0.933333		25.5482
1.52		0		40.4931
1.52		0.0666667		22.715
1.52		0.133333		30.6569
1.52		0.2		37.9303
1.52		0.266667		23.6305
1.52		0.333333		18.4826
1.52		0.4		31.8562
1.52		0.466667		31.087
1.52		0.533333		31.4722
1.52		0.6		33.9378
1.52		0.666667		18.3839
1.52		0.733333		22.1187
1.52		0.8		34.0042
1.52		0.866667		35.753
1.52		0.933333		25.5966
1.54		0		40.5478
1.54		0.0666667		22.7508
1.54		0.133333		31.7779
1.54		0.2		38.0561
1.54		0.266667		23.5565
1.54		0.333333		18.6738
1.54		0.4		31.8443
1.54		0.466667		30.3994
1.54		0.533333		31.4227
1.54		0.6		33.9465
1.54		0.666667		19.0802
1.54		0.733333		22.0467
1.54		0.8		34.7374
1.54		0.866667		34.0901
1.54		0.933333		25.6439
1.56		0		40.6004
1.56		0.0666667		22.7858
1.56		0.133333		30.0938
1.56		0.2		37.733
1.56		0.266667		23.485
1.56		0.333333		18.0506
1.56		0.4		31.8326
1.56		0.466667		31.3276
1.56		0.533333		31.3487
1.56		0.6		33.9527
1.56		0.666667		18.1025
1.56		0.733333		21.9772
1.56		0.8		33.9141
1.56		0.866667		33.7595
1.56		0.933333		25.69
1.58		0		40.6508
1.58		0.0666667		22.8202
1.58		0.133333		30.385
1.58		0.2		37.7519
1.58		0.266667		23.4158
1.58		0.333333		18.171
1.58		0.4		31.8213
1.58		0.466667		31.6807
1.58		0.533333		31.7693
1.58		0.6		33.9569
1.58		0.666667		17.2359
1.58		0.733333		21.91
1.58		0.8		34.272
1.58		0.866667		36.0835
1.58		0.933333		25.735
1.6		0		40.6992
1.6		0.0666667		22.8539
1.6		0.133333		30.6001
1.6		0.2		37.1564
1.6		0.266667		23.3488
1.6		0.333333		19.2746
1.6		0.4		31.8103
1.6		0.466667		30.269
1.6		0.533333		30.3654
1.6		0.6		33.9596
1.6		0.666667		18.7677
1.6		0.733333		21.845
1.6		0.8		34.3076
1.6		0.866667		34.1656
1.6		0.933333		25.779
1.62		0		40.7457
1.62		0.0666667		22.8868
1.62		0.133333		30.7412
1.62		0.2		37.9598
1.62		0.266667		23.284
1.62		0.333333		19.1541
1.62		0.4		31.7996
1.62		0.466667		31.3046
1.62		0.533333		31.3525
1.62		0.6		33.961
1.62		0.666667		18.1948
1.62		0.733333		21.7821
1.62		0.8		34.0786
1.62		0.866667		33.3836
1.62		0.933333		25.822
1.64		0		40.7905
1.64		0.0666667		22.9192
1.64		0.133333		31.9405
1.64		0.2		37.8704
1.64		0.266667		23.2211
1.64		0.333333		19.0342
1.64		0.4		31.7891
1.64		0.466667		31.0814
1.64		0.533333		30.6826
1.64		0.6		33.9614
1.64		0.666667		17.7218
1.64		0.733333		21.7216
1.64		0.8		34.0378
1.64		0.866667		35.1733
1.64		0.933333		25.864
1.66		0		40.8335
1.66		0.0666667		22.9509
1.66		0.133333		31.3042
1.66		0.2		37.1446
1.66		0.266667		23.1602
1.66		0.333333		19.7372
1.66		0.4		31.779
1.66		0.466667		31.1049
1.66		0.533333		30.3115
1.66		0.6		33.9609
1.66		0.666667		17.8135
1.66		0.733333		21.671
1.66		0.8		34.6624
1.66		0.866667		33.8054
1.66		0.933333		25.905
1.68		0		40.875
1.68		0.0666667		22.9819
1.68		0.133333		31.9143
1.68		0.2		37.8713
1.68		0.266667		23.1014
1.68		0.333333		19.265
1.68		0.4		31.7691
1.68		0.466667		30.8611
1.68		0.533333		30.8922
1.68		0.6		33.9597
1.68		0.666667		17.7041
1.68		0.733333		21.6051
1.68		0.8		33.8479
1.68		0.866667		36.4291
1.68		0.933333		25.9451
1.7		0		40.9149
1.7		0.0666667		23.0123
1.7		0.133333		31.8966
1.7		0.2		37.9607
1.7		0.266667		23.0441
1.7		0.333333		19.4299
1.7		0.4		31.7594
1.7		0.466667		30.2291
1.7		0.533333		32.0496
1.7		0.6		33.958
1.7		0.666667		17.7012
1.7		0.733333		21.549
1.7		0.8		34.5513
1.7		0.866667		34.3771
1.7		0.933333		25.9843
1.72		0		40.9534
1.72		0.0666667		23.0422
1.72		0.133333		30.8518
1.72		0.2		37.249
1.72		0.266667		22.9881
1.72		0.333333		18.7933
1.72		0.4		31.75
1.72		0.466667		30.1118
1.72		0.533333		31.1828
1.72		0.6		33.9558
1.72		0.666667		17.7395
1.72		0.733333		21.4948
1.72		0.8		34.3631
1.72		0.866667		35.3667
1.72		0.933333		26.0226
1.74		0		40.9905
1.74		0.0666667		23.0714
1.74		0.133333		32.4702
1.74		0.2		37.0777
1.74		0.266667		22.934
1.74		0.333333		20.2043
1.74		0.4		31.7408
1.74		0.466667		31.504
1.74		0.533333		30.2515
1.74		0.6		33.9531
1.74		0.666667		18.423
1.74		0.733333		21.4421
1.74		0.8		33.9612
1.74		0.866667		34.7335
1.74		0.933333		26.0602
1.76		0		41.0262
1.76		0.0666667		23.1001
1.76		0.133333		29.6825
1.76		0.2		37.8365
1.76		0.266667		22.8815
1.76		0.333333		18.47
1.76		0.4		31.7318
1.76		0.466667		30.2722
1.76		0.533333		31.2513
1.76		0.6		33.9502
1.76		0.666667		19.291
1.76		0.733333		21.3909
1.76		0.8		33.7943
1.76		0.866667		34.135
1.76		0.933333		26.0969
1.78		0		41.0607
1.78		0.0666667		23.1283
1.78		0.133333		31.718
1.78		0.2		37.4102
1.78		0.266667		22.8305
1.78		0.333333		20.1547
1.78		0.4		31.723
1.78		0.466667		30.7472
1.78		0.533333		31.1624
1.78		0.6		33.9469
1.78		0.666667		19.0845
1.78		0.733333		21.3411
1.78		0.8		34.556
1.78		0.866667		34.6497
1.78		0.933333		26.1328
1.8		0		41.0941
1.8		0.0666667		23.1559
1.8		0.133333		30.0075
1.8		0.2		37.0814
1.8		0.266667		22.7809
1.8		0.333333		18.8329
1.8		0.4		31.7145
1.8		0.466667		31.4214
1.8		0.533333		29.7036
1.8		0.6		33.9435
1.8		0.666667		19.0834
1.8		0.733333		21.2927
1.8		0.8		34.0887
1.8		0.866667		33.7546
1.8		0.933333		26.168
1.82		0		41.1262
1.82		0.0666667		23.1829
1.82		0.133333		31.7085
1.82		0.2		37.6386
1.82		0.266667		22.7327
1.82		0.333333		18.3635
1.82		0.4		31.7061
1.82		0.466667		30.2239
1.82		0.533333		32.0363
1.82		0.6		33.9398
1.82		0.666667		18.075
1.82		0.733333		21.2455
1.82		0.8		34.3892
1.82		0.866667		35.7857
1.82		0.933333		26.2024
1.84		0		41.1573
1.84		0.0666667		23.2095
1.84		0.133333		31.2919
1.84		0.2		37.9057
1.84		0.266667		22.6858
1.84		0.333333		18.7453
1.84		0.4		31.698
1.84		0.466667		31.2575
1.84		0.533333		32.5248
1.84		0.6		33.936
1.84		0.666667		17.9259
1.84		0.733333		21.1996
1.84		0.8		34.2036
1.84		0.866667		36.1136
1.84		0.933333		26.2361
1.86		0		41.1874
1.86		0.0666667		23.2356
1.86		0.133333		30.4056
1.86		0.2		37.5286
1.86		0.266667		22.6401
1.86		0.333333		18.2482
1.86		0.4		31.69
1.86		0.466667		30.851
1.86		0.533333		30.9129
1.86		0.6		33.932
1.86		0.666667		17.323
1.86		0.733333		21.1548
1.86		0.8		34.4632
1.86		0.866667		35.7763
1.86		0.933333		26.2691
1.88		0		41.2165
1.88		0.0666667		23.2612
1.88		0.133333		32.1156
1.88		0.2		37.8563
1.88		0.266667		22.5957
1.88		0.333333		19.9677
1.88		0.4		31.6822
1.88		0.466667		31.1527
1.88		0.533333		30.3361
1.88		0.6		33.9279
1.88		0.666667		18.0308
1.88		0.733333		21.1111
1.88		0.8		33.5866
1.88		0.866667		36.0824
1.88		0.933333		26.3015
1.9		0		41.2446
1.9		0.0666667		23.2863
1.9		0.133333		30.281
1.9		0.2		36.9829
1.9		0.266667		22.5524
1.9		0.333333		18.7821
1.9		0.4		31.6746
1.9		0.466667		29.6355
1.9		0.533333		29.8912
1.9		0.6		33.9237
1.9		0.666667		17.2746
1.9		0.733333		21.0685
1.9		0.8		33.8566
1.9		0.866667		35.6294
1.9		0.933333		26.3332
1.92		0		41.2718
1.92		0.0666667		23.3109
1.92		0.133333		31.1788
1.92		0.2		36.9755
1.92		0.266667		22.5103
1.92		0.333333		19.8368
1.92		0.4		31.6672
1.92		0.466667		31.5875
1.92		0.533333		31.0229
1.92		0.6		33.9195
1.92		0.666667		19.002
1.92		0.733333		21.027
1.92		0.8		34.1828
1.92		0.866667		36.4149
1.92		0.933333		26.3643
1.94		0		41.2981
1.94		0.0666667		23.3351
1.94		0.133333		32.2506
1.94		0.2		36.9743
1.94		0.266667		22.4692
1.94		0.333333		19.2836
1.94		0.4		31.6599
1.94		0.466667		30.5556
1.94		0.533333		30.9151
1.94		0.6		33.9152
1.94		0.666667		17.629
1.94		0.733333		20.9865
1.94		0.8		33.5485
1.94		0.866667		34.5474
1.94		0.933333		26.3947
1.96		0		41.3236
1.96		0.0666667		23.3589
1.96		0.133333		31.187
1.96		0.2		37.0747
1.96		0.266667		22.4292
1.96		0.333333		18.4289
1.96		0.4		31.6528
1.96		0.466667		31.0588
1.96		0.533333		31.9949
1.96		0.6		33.9108
1.96		0.666667		18.0491
1.96		0.733333		20.9469
1.96		0.8		33.4944
1.96		0.866667		36.6135
1.96		0.933333		26.4246
1.98		0		41.3484
1.98		0.0666667		23.3822
1.98		0.133333		32.8192
1.98		0.2		37.0117
1.98		0.266667		22.3901
1.98		0.333333		18.2967
1.98		0.4		31.6458
1.98		0.466667		31.0537
1.98		0.533333		30.3311
1.98		0.6		33.9065
1.98		0.666667		17.3381
1.98		0.733333		20.9082
1.98		0.8		33.8458
1.98		0.866667		33.8477
1.98		0.933333		26.4539
2		0		41.3723
2		0.0666667		23.4051
2		0.133333		32.0133
2		0.2		37.7759
2		0.266667		22.3521
2		0.333333		18.3956
2		0.4		31.639
2		0.466667		30.7208
2		0.533333		29.9819
2		0.6		33.9021
2		0.666667		19.2828
2		0.733333		20.8704
2		0.8		33.9573
2		0.866667		34.7409
2		0.933333		26.4826
2.02		0		41.3955
2.02		0.0666667		23.4276
2.02		0.133333		32.5897
2.02		0.2		36.999
2.02		0.266667		22.3149
2.02		0.333333		18.7086
2.02		0.4		31.6324
2.02		0.466667		31.5073
2.02		0.533333		29.8653
2.02		0.6		33.8976
2.02		0.666667		17.7792
2.02		0.733333		20.8334
2.02		0.8		34.2458
2.02		0.866667		36.1445
2.02		0.933333		26.5108
2.04		0		41.4181
2.04		0.0666667		23.4497
2.04		0.133333		30.4008
2.04		0.2		37.0598
2.04		0.266667		22.2787
2.04		0.333333		18.6347
2.04		0.4		31.6259
2.04		0.466667		29.8164
2.04		0.533333		30.6161
2.04		0.6		33.8932
2.04		0.666667		18.7578
2.04		0.733333		20.7973
2.04		0.8		33.5828
2.04		0.866667		34.7018
2.04		0.933333		26.5385
2.06		0		41.4399
2.06		0.0666667		23.4714
2.06		0.133333		32.5687
2.06		0.2		37.7511
2.06		0.266667		22.2434
2.06		0.333333		18.4861
2.06		0.4		31.6195
2.06		0.466667		31.7527
2.06		0.533333		29.851
2.06		0.6		33.8888
2.06		0.666667		17.6481
2.06		0.733333		20.762
2.06		0.8		33.7627
2.06		0.866667		34.5351
2.06		0.933333		26.5656
2.08		0		41.4611
2.08		0.0666667		23.4928
2.08		0.133333		30.9777
2.08		0.2		36.9136
2.08		0.266667		22.2089
2.08		0.333333		19.903
2.08		0.4		31.6133
2.08		0.466667		31.0351
2.08		0.533333		29.4851
2.08		0.6		33.8843
2.08		0.666667		19.0453
2.08		0.733333		20.7274
2.08		0.8		34.2124
2.08		0.866667		35.8907
2.08		0.933333		26.5923
2.1		0		41.4817
2.1		0.0666667		23.5138
2.1		0.133333		31.149
2.1		0.2		36.9435
2.1		0.266667		22.1751
2.1		0.333333		19.1857
2.1		0.4		30.3673
2.1		0.466667		32.4945
2.1		0.533333		29.5681
2.1		0.6		33.8799
2.1		0.666667		18.1576
2.1		0.733333		20.6936
2.1		0.8		33.8228
2.1		0.866667		35.6348
2.1		0.933333		26.6184
2.12		0		41.5017
2.12		0.0666667		23.5344
2.12		0.133333		30.526
2.12		0.2		37.7087
2.12		0.266667		22.1422
2.12		0.333333		18.4757
2.12		0.4		30.3573
2.12		0.466667		31.4947
2.12		0.533333		31.7122
2.12		0.6		33.8755
2.12		0.666667		19.0242
2.12		0.733333		20.6604
2.12		0.8		33.3758
2.12		0.866667		34.8018
2.12		0.933333		26.6441
2.14		0		41.5211
2.14		0.0666667		23.5546
2.14		0.133333		30.9567
2.14		0.2		37.3969
2.14		0.266667		22.1101
2.14		0.333333		18.671
2.14		0.4		30.3475
2.14		0.466667		33.1124
2.14		0.533333		30.3393
2.14		0.6		33.8711
2.14		0.666667		18.2248
2.14		0.733333		20.628
2.14		0.8		33.7176
2.14		0.866667		35.0897
2.14		0.933333		26.6693
2.16		0		41.54
2.16		0.0666667		23.5746
2.16		0.133333		31.1967
2.16		0.2		37.3841
2.16		0.266667		22.0786
2.16		0.333333		20.0544
2.16		0.4		30.3378
2.16		0.466667		32.3751
2.16		0.533333		30.5937
2.16		0.6		33.8667
2.16		0.666667		18.9801
2.16		0.733333		20.5962
2.16		0.8		34.1638
2.16		0.866667		35.59
2.16		0.933333		26.6941
2.18		0		41.5583
2.18		0.0666667		23.5942
2.18		0.133333		32.2319
2.18		0.2		36.9232
2.18		0.266667		22.0479
2.18		0.333333		19.9556
2.18		0.4		30.3283
2.18		0.466667		32.1196
2.18		0.533333		28.9842
2.18		0.6		33.8624
2.18		0.666667		17.9669
2.18		0.733333		20.5651
2.18		0.8		34.1279
2.18		0.866667		35.7427
2.18		0.933333		26.7184
2.2		0		41.5762
2.2		0.0666667		23.6134
2.2		0.133333		32.2223
2.2		0.2		37.4329
2.2		0.266667		22.0179
2.2		0.333333		19.2303
2.2		0.4		30.319
2.2		0.466667		32.0852
2.2		0.533333		30.7388
2.2		0.6		33.8581
2.2		0.666667		17.8324
2.2		0.733333		20.5345
2.2		0.8		33.3327
2.2		0.866667		35.6668
2.2		0.933333		26.7423
2.22		0		41.5935
2.22		0.0666667		23.6324
2.22		0.133333		31.5652
2.22		0.2		37.7194
2.22		0.266667		21.9885
2.22		0.333333		18.4437
2.22		0.4		30.3098
2.22		0.466667		31.1736
2.22		0.533333		29.9026
2.22		0.6		33.8538
2.22		0.666667		17.9306
2.22		0.733333		20.5046
2.22		0.8		33.5659
2.22		0.866667		34.8863
2.22		0.933333		26.7658
2.24		0		41.6104
2.24		0.0666667		23.651
2.24		0.133333		32.5997
2.24		0.2		37.7303
2.24		0.266667		21.9597
2.24		0.333333		19.3111
2.24		0.4		30.3008
2.24		0.466667		30.8889
2.24		0.533333		30.2713
2.24		0.6		33.8495
2.24		0.666667		18.826
2.24		0.733333		20.4752
2.24		0.8		34.1034
2.24		0.866667		35.4977
2.24		0.933333		26.7889
2.26		0		41.6268
2.26		0.0666667		23.6694
2.26		0.133333		32.2803
2.26		0.2		36.8458
2.26		0.266667		21.9316
2.26		0.333333		18.83
2.26		0.4		30.292
2.26		0.466667		32.2815
2.26		0.533333		31.8372
2.26		0.6		33.8453
2.26		0.666667		19.0678
2.26		0.733333		20.4464
2.26		0.8		33.4888
2.26		0.866667		36.7127
2.26		0.933333		26.8116
2.28		0		41.6428
2.28		0.0666667		23.6874
2.28		0.133333		31.1541
2.28		0.2		36.8602
2.28		0.266667		21.9041
2.28		0.333333		18.9866
2.28		0.4		30.2832
2.28		0.466667		31.8843
2.28		0.533333		29.5439
2.28		0.6		33.8411
2.28		0.666667		18.6338
2.28		0.733333		20.4182
2.28		0.8		33.6369
2.28		0.866667		36.9989
2.28		0.933333		26.8339
2.3		0		41.6583
2.3		0.0666667		23.7052
2.3		0.133333		32.3898
2.3		0.2		37.3283
2.3		0.266667		21.8772
2.3		0.333333		18.9547
2.3		0.4		30.2747
2.3		0.466667		31.4012
2.3		0.533333		29.9411
2.3		0.6		33.8369
2.3		0.666667		17.4583
2.3		0.733333		20.3904
2.3		0.8		33.3079
2.3		0.866667		35.3378
2.3		0.933333		26.8558
2.32		0		41.6735
2.32		0.0666667		23.7226
2.32		0.133333		30.9994
2.32		0.2		37.5967
2.32		0.266667		21.8508
2.32		0.333333		19.9339
2.32		0.4		30.2662
2.32		0.466667		31.9169
2.32		0.533333		30.2373
2.32		0.6		33.8327
2.32		0.666667		17.8733
2.32		0.733333		20.3632
2.32		0.8		33.2386
2.32		0.866667		36.1436
2.32		0.933333		26.8774
2.34		0		41.6882
2.34		0.0666667		23.7398
2.34		0.133333		32.6976
2.34		0.2		36.8206
2.34		0.266667		21.825
2.34		0.333333		18.9582
2.34		0.4		30.2579
2.34		0.466667		31.6223
2.34		0.533333		28.8268
2.34		0.6		33.8286
2.34		0.666667		17.6745
2.34		0.733333		20.3365
2.34		0.8		33.3232
2.34		0.866667		36.6789
2.34		0.933333		26.8986
2.36		0		41.7026
2.36		0.0666667		23.7568
2.36		0.133333		30.7766
2.36		0.2		37.0524
2.36		0.266667		21.7997
2.36		0.333333		18.3251
2.36		0.4		30.2498
2.36		0.466667		31.16
2.36		0.533333		28.7948
2.36		0.6		33.8246
2.36		0.666667		18.3241
2.36		0.733333		20.3102
2.36		0.8		34.0751
2.36		0.866667		34.5154
2.36		0.933333		26.9195
2.38		0		41.7166
2.38		0.0666667		23.7734
2.38		0.133333		32.6963
2.38		0.2		37.4829
2.38		0.266667		21.775
2.38		0.333333		18.7624
2.38		0.4		30.2418
2.38		0.466667		31.4326
2.38		0.533333		29.0351
2.38		0.6		33.8205
2.38		0.666667		18.0595
2.38		0.733333		20.2844
2.38		0.8		33.2097
2.38		0.866667		35.493
2.38		0.933333		26.94
2.4		0		41.7302
2.4		0.0666667		23.7899
2.4		0.133333		30.6058
2.4		0.2		36.8189
2.4		0.266667		21.7507
2.4		0.333333		18.7649
2.4		0.4		30.2339
2.4		0.466667		31.2528
2.4		0.533333		29.9719
2.4		0.6		33.8166
2.4		0.666667		17.6833
2.4		0.733333		20.2591
2.4		0.8		34.0069
2.4		0.866667		35.489
2.4		0.933333		26.9602
2.42		0		41.7436
2.42		0.0666667		23.806
2.42		0.133333		31.9801
2.42		0.2		37.417
2.42		0.266667		21.7269
2.42		0.333333		18.8367
2.42		0.4		30.2261
2.42		0.466667		32.815
2.42		0.533333		30.4447
2.42		0.6		33.8126
2.42		0.666667		17.9008
2.42		0.733333		20.2342
2.42		0.8		33.2834
2.42		0.866667		36.5995
2.42		0.933333		26.9801
2.44		0		41.7565
2.44		0.0666667		23.8219
2.44		0.133333		32.0364
2.44		0.2		37.6689
2.44		0.266667		21.7036
2.44		0.333333		19.5303
2.44		0.4		30.2184
2.44		0.466667		31.327
2.44		0.533333		30.0801
2.44		0.6		33.8087
2.44		0.666667		19.3325
2.44		0.733333		20.2097
2.44		0.8		33.3598
2.44		0.866667		34.7865
2.44		0.933333		26.9996
2.46		0		41.7692
2.46		0.0666667		23.8376
2.46		0.133333		32.4397
2.46		0.2		36.7798
2.46		0.266667		21.6808
2.46		0.333333		18.5042
2.46		0.4		30.2109
2.46		0.466667		32.1847
2.46		0.533333		30.8036
2.46		0.6		33.8048
2.46		0.666667		18.7774
2.46		0.733333		20.1856
2.46		0.8		33.1481
2.46		0.866667		34.3022
2.46		0.933333		27.0189
2.48		0		41.7816
2.48		0.0666667		23.853
2.48		0.133333		30.9415
2.48		0.2		36.9664
2.48		0.266667		21.6584
2.48		0.333333		18.3751
2.48		0.4		30.2035
2.48		0.466667		32.015
2.48		0.533333		29.9551
2.48		0.6		33.8009
2.48		0.666667		18.7953
2.48		0.733333		20.1619
2.48		0.8		33.8113
2.48		0.866667		37.0941
2.48		0.933333		27.0378
2.5		0		41.7936
2.5		0.0666667		23.8683
2.5		0.133333		32.546
2.5		0.2		36.9155
2.5		0.266667		21.6364
2.5		0.333333		19.3222
2.5		0.4		30.1962
2.5		0.466667		31.4632
2.5		0.533333		30.3264
2.5		0.6		33.7971
2.5		0.666667		18.3511
2.5		0.733333		20.1386
2.5		0.8		33.1259
2.5		0.866667		36.5882
2.5		0.933333		27.0565
2.52		0		41.8054
2.52		0.0666667		23.8832
2.52		0.133333		33.5699
2.52		0.2		37.1842
2.52		0.266667		21.6149
2.52		0.333333		19.9388
2.52		0.4		30.189
2.52		0.466667		31.8339
2.52		0.533333		30.7255
2.52		0.6		33.7934
2.52		0.666667		18.2429
2.52		0.733333		20.1157
2.52		0.8		33.7725
2.52		0.866667		35.521
2.52		0.933333		27.0749
2.54		0		41.8169
2.54		0.0666667		23.898
2.54		0.133333		32.9488
2.54		0.2		37.633
2.54		0.266667		21.5937
2.54		0.333333		19.287
2.54		0.4		30.1819
2.54		0.466667		32.8816
2.54		0.533333		30.8601
2.54		0.6		33.7896
2.54		0.666667		17.9758
2.54		0.733333		20.0932
2.54		0.8		33.6579
2.54		0.866667		34.3522
2.54		0.933333		27.093
2.56		0		41.8281
2.56		0.0666667		23.9126
2.56		0.133333		31.3894
2.56		0.2		37.5086
2.56		0.266667		21.573
2.56		0.333333		19.2203
2.56		0.4		30.1749
2.56		0.466667		30.9195
2.56		0.533333		30.144
2.56		0.6		33.7859
2.56		0.666667		18.319
2.56		0.733333		20.071
2.56		0.8		33.821
2.56		0.866667		35.5059
2.56		0.933333		27.1108
2.58		0		41.839
2.58		0.0666667		23.9269
2.58		0.133333		30.703
2.58		0.2		37.0083
2.58		0.266667		21.5526
2.58		0.333333		20.1849
2.58		0.4		30.1681
2.58		0.466667		31.9918
2.58		0.533333		30.8803
2.58		0.6		33.7823
2.58		0.666667		18.4124
2.58		0.733333		20.0492
2.58		0.8		33.0877
2.58		0.866667		34.5914
2.58		0.933333		27.1283
2.6		0		41.8497
2.6		0.0666667		23.941
2.6		0.133333		32.6319
2.6		0.2		37.0431
2.6		0.266667		21.5327
2.6		0.333333		19.7188
2.6		0.4		30.1613
2.6		0.466667		31.4491
2.6		0.533333		29.4203
2.6		0.6		33.7787
2.6		0.666667		18.1198
2.6		0.733333		20.0277
2.6		0.8		33.0736
2.6		0.866667		35.5539
2.6		0.933333		27.1456
2.62		0		41.8602
2.62		0.0666667		23.955
2.62		0.133333		32.5471
2.62		0.2		37.1376
2.62		0.266667		21.5131
2.62		0.333333		19.3852
2.62		0.4		30.1547
2.62		0.466667		31.6495
2.62		0.533333		29.2044
2.62		0.6		33.7751
2.62		0.666667		18.9158
2.62		0.733333		20.0065
2.62		0.8		33.7887
2.62		0.866667		34.6121
2.62		0.933333		27.1626
2.64		0		41.8704
2.64		0.0666667		23.9687
2.64		0.133333		33.5683
2.64		0.2		36.9287
2.64		0.266667		21.4938
2.64		0.333333		18.9857
2.64		0.4		30.1481
2.64		0.466667		30.776
2.64		0.533333		29.4182
2.64		0.6		33.7715
2.64		0.666667		17.8828
2.64		0.733333		19.9856
2.64		0.8		33.116
2.64		0.866667		34.7274
2.64		0.933333		27.1794
2.66		0		41.8804
2.66		0.0666667		23.9822
2.66		0.133333		31.501
2.66		0.2		36.8908
2.66		0.266667		21.4749
2.66		0.333333		20.1027
2.66		0.4		30.1416
2.66		0.466667		31.8339
2.66		0.533333		30.9465
2.66		0.6		33.768
2.66		0.666667		18.3997
2.66		0.733333		19.9651
2.66		0.8		33.2565
2.66		0.866667		35.7748
2.66		0.933333		27.196
2.68		0		41.8901
2.68		0.0666667		23.9956
2.68		0.133333		30.7629
2.68		0.2		36.762
2.68		0.266667		21.4563
2.68		0.333333		19.7636
2.68		0.4		30.1353
2.68		0.466667		31.4838
2.68		0.533333		30.7746
2.68		0.6		33.7646
2.68		0.666667		18.1174
2.68		0.733333		19.9449
2.68		0.8		33.8617
2.68		0.866667		34.5044
2.68		0.933333		27.2123
2.7		0		41.8997
2.7		0.0666667		24.0088
2.7		0.133333		32.5887
2.7		0.2		36.9218
2.7		0.266667		21.4381
2.7		0.333333		19.0108
2.7		0.4		30.129
2.7		0.466667		31.6287
2.7		0.533333		30.9189
2.7		0.6		33.7611
2.7		0.666667		17.811
2.7		0.733333		19.925
2.7		0.8		33.9105
2.7		0.866667		36.1006
2.7		0.933333		27.2283
2.72		0		41.909
2.72		0.0666667		24.0217
2.72		0.133333		31.9543
2.72		0.2		36.7085
2.72		0.266667		21.4202
2.72		0.333333		18.9841
2.72		0.4		30.1228
2.72		0.466667		31.8258
2.72		0.533333		30.6921
2.72		0.6		33.7577
2.72		0.666667		17.5878
2.72		0.733333		19.9053
2.72		0.8		33.2405
2.72		0.866667		36.3222
2.72		0.933333		27.2441
2.74		0		41.9182
2.74		0.0666667		24.0346
2.74		0.133333		32.4808
2.74		0.2		37.28
2.74		0.266667		21.4026
2.74		0.333333		20.3191
2.74		0.4		30.1167
2.74		0.466667		31.5377
2.74		0.533333		30.0783
2.74		0.6		33.7543
2.74		0.666667		17.9183
2.74		0.733333		19.886
2.74		0.8		33.2367
2.74		0.866667		35.6108
2.74		0.933333		27.2598
2.76		0		41.9271
2.76		0.0666667		24.0472
2.76		0.133333		32.7528
2.76		0.2		37.546
2.76		0.266667		21.3853
2.76		0.333333		18.2857
2.76		0.4		30.1107
2.76		0.466667		31.6671
2.76		0.533333		30.7901
2.76		0.6		33.751
2.76		0.666667		18.0898
2.76		0.733333		19.8669
2.76		0.8		33.6978
2.76		0.866667		36.0786
2.76		0.933333		27.2751
2.78		0		41.9358
2.78		0.0666667		24.0597
2.78		0.133333		32.1733
2.78		0.2		37.567
2.78		0.266667		21.3683
2.78		0.333333		18.9231
2.78		0.4		30.1048
2.78		0.466667		32.5482
2.78		0.533333		29.4636
2.78		0.6		33.7477
2.78		0.666667		18.5822
2.78		0.733333		19.8481
2.78		0.8		33.6705
2.78		0.866667		35.2951
2.78		0.933333		27.2903
2.8		0		41.9444
2.8		0.0666667		24.0719
2.8		0.133333		31.1038
2.8		0.2		37.5665
2.8		0.266667		21.3516
2.8		0.333333		19.5146
2.8		0.4		30.0989
2.8		0.466667		31.8403
2.8		0.533333		30.627
2.8		0.6		33.7445
2.8		0.666667		17.594
2.8		0.733333		19.8295
2.8		0.8		32.9797
2.8		0.866667		35.6539
2.8		0.933333		27.3053
2.82		0		41.9528
2.82		0.0666667		24.0841
2.82		0.133333		32.8908
2.82		0.2		37.5544
2.82		0.266667		21.3351
2.82		0.333333		19.2637
2.82		0.4		30.0932
2.82		0.466667		31.6781
2.82		0.533333		30.9683
2.82		0.6		33.7412
2.82		0.666667		17.5509
2.82		0.733333		19.8113
2.82		0.8		33.0264
2.82		0.866667		35.9126
2.82		0.933333		27.32
2.84		0		41.961
2.84		0.0666667		24.0961
2.84		0.133333		32.1512
2.84		0.2		37.5566
2.84		0.266667		21.319
2.84		0.333333		19.3186
2.84		0.4		30.0875
2.84		0.466667		32.4918
2.84		0.533333		30.3212
2.84		0.6		33.738
2.84		0.666667		19.0492
2.84		0.733333		19.7932
2.84		0.8		33.8471
2.84		0.866667		34.6434
2.84		0.933333		27.3346
2.86		0		41.969
2.86		0.0666667		24.1079
2.86		0.133333		31.0297
2.86		0.2		36.988
2.86		0.266667		21.3031
2.86		0.333333		18.5425
2.86		0.4		30.0819
2.86		0.466667		33.1895
2.86		0.533333		31.0878
2.86		0.6		33.7349
2.86		0.666667		18.1705
2.86		0.733333		19.7754
2.86		0.8		33.0951
2.86		0.866667		36.5429
2.86		0.933333		27.349
2.88		0		41.9768
2.88		0.0666667		24.1195
2.88		0.133333		31.8838
2.88		0.2		36.6934
2.88		0.266667		21.2875
2.88		0.333333		19.517
2.88		0.4		30.0764
2.88		0.466667		30.9836
2.88		0.533333		29.9778
2.88		0.6		33.7317
2.88		0.666667		18.2618
2.88		0.733333		19.7579
2.88		0.8		33.6713
2.88		0.866667		36.4016
2.88		0.933333		27.3631
2.9		0		41.9845
2.9		0.0666667		24.131
2.9		0.133333		33.4023
2.9		0.2		36.7316
2.9		0.266667		21.2721
2.9		0.333333		18.5415
2.9		0.4		30.0709
2.9		0.466667		31.6877
2.9		0.533333		30.2427
2.9		0.6		33.7286
2.9		0.666667		18.7839
2.9		0.733333		19.7406
2.9		0.8		32.9718
2.9		0.866667		34.8711
2.9		0.933333		27.3771
2.92		0		41.9921
2.92		0.0666667		24.1424
2.92		0.133333		30.9394
2.92		0.2		36.7161
2.92		0.266667		21.257
2.92		0.333333		18.8519
2.92		0.4		30.0655
2.92		0.466667		30.9866
2.92		0.533333		29.9428
2.92		0.6		33.7256
2.92		0.666667		18.2314
2.92		0.733333		19.7235
2.92		0.8		32.9438
2.92		0.866667		35.4502
2.92		0.933333		27.3909
2.94		0		41.9995
2.94		0.0666667		24.1536
2.94		0.133333		32.5474
2.94		0.2		36.6769
2.94		0.266667		21.2421
2.94		0.333333		19.3684
2.94		0.4		30.0602
2.94		0.466667		31.1123
2.94		0.533333		28.7386
2.94		0.6		33.7226
2.94		0.666667		18.0273
2.94		0.733333		19.7066
2.94		0.8		33.1792
2.94		0.866667		35.1317
2.94		0.933333		27.4045
2.96		0		42.0067
2.96		0.0666667		24.1647
2.96		0.133333		32.9597
2.96		0.2		37.131
2.96		0.266667		21.2275
2.96		0.333333		19.515
2.96		0.4		30.055
2.96		0.466667		31.6016
2.96		0.533333		30.1897
2.96		0.6		33.7195
2.96		0.666667		18.3017
2.96		0.733333		19.69
2.96		0.8		33.5109
2.96		0.866667		35.9281
2.96		0.933333		27.4179
2.98		0		42.0138
2.98		0.0666667		24.1756
2.98		0.133333		31.768
2.98		0.2		37.1827
2.98		0.266667		21.2131
2.98		0.333333		18.7869
2.98		0.4		30.0498
2.98		0.466667		32.4361
2.98		0.533333		30.6098
2.98		0.6		33.7166
2.98		0.666667		18.7109
2.98		0.733333		19.6736
2.98		0.8		33.6673
2.98		0.866667		35.7269
2.98		0.933333		27.4312
3		0		42.0207
3		0.0666667		24.1864
3		0.133333		32.2955
3		0.2		37.5319
3		0.266667		21.1989
3		0.333333		18.3899
3		0.4		30.0447
3		0.466667		31.9743
3		0.533333		30.2034
3		0.6		33.7136
3		0.666667		17.9054
3		0.733333		19.6574
3		0.8		33.5686
3		0.866667		37.1525
3		0.933333		27.4442
3.02		0		42.0275
3.02		0.0666667		24.1971
3.02		0.133333		31.7056
3.02		0.2		37.2014
3.02		0.266667		21.185
3.02		0.333333		20.0259
3.02		0.4		30.0397
3.02		0.466667		31.9707
3.02		0.533333		29.9639
3.02		0.6		33.7107
3.02		0.666667		17.9131
3.02		0.733333		19.6414
3.02		0.8		33.2853
3.02		0.866667		36.5396
3.02		0.933333		27.4572
3.04		0		42.0342
3.04		0.0666667		24.2076
3.04		0.133333		31.018
3.04		0.2		37.5031
3.04		0.266667		21.1712
3.04		0.333333		18.3623
3.04		0.4		30.0348
3.04		0.466667		30.9665
3.04		0.533333		28.452
3.04		0.6		33.7079
3.04		0.666667		18.866
3.04		0.733333		19.6256
3.04		0.8		32.9994
3.04		0.866667		35.966
3.04		0.933333		27.4699
3.06		0		42.0408
3.06		0.0666667		24.218
3.06		0.133333		33.0804
3.06		0.2		36.6317
3.06		0.266667		21.1577
3.06		0.333333		18.4021
3.06		0.4		30.0299
3.06		0.466667		31.7811
3.06		0.533333		29.4889
3.06		0.6		33.705
3.06		0.666667		17.895
3.06		0.733333		19.61
3.06		0.8		33.4627
3.06		0.866667		36.4358
3.06		0.933333		27.4825
3.08		0		42.0472
3.08		0.0666667		24.2283
3.08		0.133333		31.397
3.08		0.2		36.9143
3.08		0.266667		21.1444
3.08		0.333333		19.03
3.08		0.4		30.025
3.08		0.466667		31.8402
3.08		0.533333		29.9526
3.08		0.6		33.7022
3.08		0.666667		17.9103
3.08		0.733333		19.5946
3.08		0.8		33.1448
3.08		0.866667		37.5348
3.08		0.933333		27.4949
3.1		0		42.0535
3.1		0.0666667		24.2384
3.1		0.133333		32.8373
3.1		0.2		37.2916
3.1		0.266667		21.1313
3.1		0.333333		19.8301
3.1		0.4		30.0203
3.1		0.466667		31.1842
3.1		0.533333		30.8506
3.1		0.6		33.6994
3.1		0.666667		18.0676
3.1		0.733333		19.5793
3.1		0.8		33.1819
3.1		0.866667		35.1217
3.1		0.933333		27.5072
3.12		0		42.0597
3.12		0.0666667		24.2484
3.12		0.133333		32.9694
3.12		0.2		36.9864
3.12		0.266667		21.1184
3.12		0.333333		18.9302
3.12		0.4		30.0156
3.12		0.466667		31.3747
3.12		0.533333		30.2398
3.12		0.6		33.6966
3.12		0.666667		18.0685
3.12		0.733333		19.5643
3.12		0.8		32.8837
3.12		0.866667		35.0762
3.12		0.933333		27.5193
3.14		0		42.0658
3.14		0.0666667		24.2583
3.14		0.133333		33.0991
3.14		0.2		36.862
3.14		0.266667		21.1056
3.14		0.333333		18.6361
3.14		0.4		30.0109
3.14		0.466667		32.5848
3.14		0.533333		28.684
3.14		0.6		33.6939
3.14		0.666667		19.0472
3.14		0.733333		19.5495
3.14		0.8		33.1746
3.14		0.866667		36.3441
3.14		0.933333		27.5313
3.16		0		42.0717
3.16		0.0666667		24.2681
3.16		0.133333		32.5337
3.16		0.2		36.8517
3.16		0.266667		21.0931
3.16		0.333333		19.5628
3.16		0.4		30.0063
3.16		0.466667		32.0306
3.16		0.533333		29.7119
3.16		0.6		33.6912
3.16		0.666667		17.9111
3.16		0.733333		19.5348
3.16		0.8		32.8972
3.16		0.866667		36.5471
3.16		0.933333		27.5431
3.18		0		42.0775
3.18		0.0666667		24.2778
3.18		0.133333		32.1208
3.18		0.2		36.6162
3.18		0.266667		21.0808
3.18		0.333333		18.9094
3.18		0.4		30.0018
3.18		0.466667		32.0885
3.18		0.533333		28.7308
3.18		0.6		33.6885
3.18		0.666667		17.7022
3.18		0.733333		19.5203
3.18		0.8		33.0603
3.18		0.866667		34.6253
3.18		0.933333		27.5547
3.2		0		42.0833
3.2		0.0666667		24.2873
3.2		0.133333		32.0523
3.2		0.2		36.8134
3.2		0.266667		21.0686
3.2		0.333333		20.0492
3.2		0.4		29.9973
3.2		0.466667		32.0353
3.2		0.533333		29.7627
3.2		0.6		33.6858
3.2		0.666667		19.0005
3.2		0.733333		19.506
3.2		0.8		33.5589
3.2		0.866667		36.4971
3.2		0.933333		27.5663
3.22		0		42.0889
3.22		0.0666667		24.2968
3.22		0.133333		32.6001
3.22		0.2		36.8112
3.22		0.266667		21.0566
3.22		0.333333		18.6566
3.22		0.4		29.9929
3.22		0.466667		31.4888
3.22		0.533333		30.7423
3.22		0.6		33.6832
3.22		0.666667		18.5556
3.22		0.733333		19.4918
3.22		0.8		33.3689
3.22		0.866667		35.7028
3.22		0.933333		27.5777
3.24		0		42.0944
3.24		0.0666667		24.3061
3.24		0.133333		33.1772
3.24		0.2		36.6622
3.24		0.266667		21.0448
3.24		0.333333		18.9643
3.24		0.4		29.9885
3.24		0.466667		31.4004
3.24		0.533333		28.65
3.24		0.6		33.6806
3.24		0.666667		18.0815
3.24		0.733333		19.4778
3.24		0.8		32.8932
3.24		0.866667		34.6627
3.24		0.933333		27.5889
3.26		0		42.0998
3.26		0.0666667		24.3153
3.26		0.133333		32.9664
3.26		0.2		37.1093
3.26		0.266667		21.0332
3.26		0.333333		18.3916
3.26		0.4		29.9842
3.26		0.466667		31.468
3.26		0.533333		30.594
3.26		0.6		33.678
3.26		0.666667		18.9466
3.26		0.733333		19.464
3.26		0.8		33.3929
3.26		0.866667		36.5216
3.26		0.933333		27.6
3.28		0		42.1052
3.28		0.0666667		24.3244
3.28		0.133333		32.0396
3.28		0.2		37.3713
3.28		0.266667		21.0217
3.28		0.333333		18.6176
3.28		0.4		29.98
3.28		0.466667		31.4785
3.28		0.533333		29.8148
3.28		0.6		33.6755
3.28		0.666667		18.7759
3.28		0.733333		19.4503
3.28		0.8		33.5958
3.28		0.866667		36.9106
3.28		0.933333		27.611
3.3		0		42.1104
3.3		0.0666667		24.3334
3.3		0.133333		32.0636
3.3		0.2		37.4294
3.3		0.266667		21.0104
3.3		0.333333		19.871
3.3		0.4		29.9758
3.3		0.466667		31.539
3.3		0.533333		29.1341
3.3		0.6		33.673
3.3		0.666667		17.7152
3.3		0.733333		19.4368
3.3		0.8		33.6744
3.3		0.866667		35.1658
3.3		0.933333		27.6219
3.32		0		42.1155
3.32		0.0666667		24.3423
3.32		0.133333		32.2619
3.32		0.2		37.4681
3.32		0.266667		20.9992
3.32		0.333333		20.1526
3.32		0.4		29.9716
3.32		0.466667		30.6093
3.32		0.533333		29.619
3.32		0.6		33.6705
3.32		0.666667		17.6215
3.32		0.733333		19.4235
3.32		0.8		33.6522
3.32		0.866667		34.8693
3.32		0.933333		27.6326
3.34		0		42.1206
3.34		0.0666667		24.3511
3.34		0.133333		33.0617
3.34		0.2		37.2248
3.34		0.266667		20.9882
3.34		0.333333		18.8995
3.34		0.4		29.9675
3.34		0.466667		30.97
3.34		0.533333		29.2797
3.34		0.6		33.668
3.34		0.666667		17.6965
3.34		0.733333		19.4102
3.34		0.8		32.7756
3.34		0.866667		35.216
3.34		0.933333		27.6432
3.36		0		42.1255
3.36		0.0666667		24.3598
3.36		0.133333		32.0066
3.36		0.2		36.575
3.36		0.266667		20.9774
3.36		0.333333		19.9858
3.36		0.4		29.9634
3.36		0.466667		32.0095
3.36		0.533333		29.0454
3.36		0.6		33.6655
3.36		0.666667		18.0635
3.36		0.733333		19.3972
3.36		0.8		33.45
3.36		0.866667		35.7794
3.36		0.933333		27.6537
3.38		0		42.1304
3.38		0.0666667		24.3684
3.38		0.133333		33.4031
3.38		0.2		36.9906
3.38		0.266667		20.9667
3.38		0.333333		18.8801
3.38		0.4		29.9594
3.38		0.466667		32.0076
3.38		0.533333		30.9288
3.38		0.6		33.6631
3.38		0.666667		18.9071
3.38		0.733333		19.3843
3.38		0.8		33.1299
3.38		0.866667		35.7476
3.38		0.933333		27.6641
3.4		0		42.1352
3.4		0.0666667		24.3769
3.4		0.133333		31.5461
3.4		0.2		37.1278
3.4		0.266667		20.9561
3.4		0.333333		18.4741
3.4		0.4		29.9555
3.4		0.466667		31.4639
3.4		0.533333		29.9742
3.4		0.6		33.6607
3.4		0.666667		19.3727
3.4		0.733333		19.3715
3.4		0.8		32.8125
3.4		0.866667		36.3706
3.4		0.933333		27.6743
3.42		0		42.1399
3.42		0.0666667		24.3854
3.42		0.133333		32.9598
3.42		0.2		36.804
3.42		0.266667		20.9457
3.42		0.333333		18.8432
3.42		0.4		29.9516
3.42		0.466667		31.815
3.42		0.533333		29.9925
3.42		0.6		33.6583
3.42		0.666667		18.0193
3.42		0.733333		19.3589
3.42		0.8		32.957
3.42		0.866667		35.0609
3.42		0.933333		27.6844
3.44		0		42.1445
3.44		0.0666667		24.3937
3.44		0.133333		31.537
3.44		0.2		37.4448
3.44		0.266667		20.9355
3.44		0.333333		19.2014
3.44		0.4		29.9477
3.44		0.466667		31.8677
3.44		0.533333		30.208
3.44		0.6		33.6559
3.44		0.666667		17.5214
3.44		0.733333		19.3464
3.44		0.8		32.844
3.44		0.866667		35.8142
3.44		0.933333		27.6945
3.46		0		42.1491
3.46		0.0666667		24.4019
3.46		0.133333		31.1654
3.46		0.2		37.4017
3.46		0.266667		20.9254
3.46		0.333333		19.8896
3.46		0.4		29.9439
3.46		0.466667		30.8561
3.46		0.533333		28.6743
3.46		0.6		33.6536
3.46		0.666667		17.7625
3.46		0.733333		19.334
3.46		0.8		33.5459
3.46		0.866667		35.0822
3.46		0.933333		27.7044
3.48		0		42.1535
3.48		0.0666667		24.4101
3.48		0.133333		32.5448
3.48		0.2		36.5595
3.48		0.266667		20.9154
3.48		0.333333		18.4011
3.48		0.4		29.9401
3.48		0.466667		32.2451
3.48		0.533333		31.0173
3.48		0.6		33.6513
3.48		0.666667		19.49
3.48		0.733333		19.3218
3.48		0.8		33.3368
3.48		0.866667		37.5108
3.48		0.933333		27.7141
3.5		0		42.1579
3.5		0.0666667		24.4181
3.5		0.133333		31.38
3.5		0.2		36.6098
3.5		0.266667		20.9055
3.5		0.333333		19.3797
3.5		0.4		29.9364
3.5		0.466667		31.3334
3.5		0.533333		29.7843
3.5		0.6		33.649
3.5		0.666667		17.8847
3.5		0.733333		19.3097
3.5		0.8		32.8132
3.5		0.866667		35.4447
3.5		0.933333		27.7238
3.52		0		42.1622
3.52		0.0666667		24.4261
3.52		0.133333		32.7407
3.52		0.2		37.4322
3.52		0.266667		20.8958
3.52		0.333333		19.1368
3.52		0.4		29.9327
3.52		0.466667		31.4844
3.52		0.533333		29.1824
3.52		0.6		33.6467
3.52		0.666667		18.3377
3.52		0.733333		19.2977
3.52		0.8		33.6077
3.52		0.866667		36.6285
3.52		0.933333		27.7334
3.54		0		42.1665
3.54		0.0666667		24.434
3.54		0.133333		33.4488
3.54		0.2		37.2574
3.54		0.266667		20.8862
3.54		0.333333		20.1868
3.54		0.4		29.929
3.54		0.466667		31.0776
3.54		0.533333		30.6431
3.54		0.6		33.6445
3.54		0.666667		19.0185
3.54		0.733333		19.2859
3.54		0.8		32.714
3.54		0.866667		37.3005
3.54		0.933333		27.7429
3.56		0		42.1707
3.56		0.0666667		24.4418
3.56		0.133333		32.0774
3.56		0.2		37.4179
3.56		0.266667		20.8767
3.56		0.333333		19.7292
3.56		0.4		29.9254
3.56		0.466667		31.6945
3.56		0.533333		29.557
3.56		0.6		30.4726
3.56		0.666667		22.3885
3.56		0.733333		19.2742
3.56		0.8		32.7084
3.56		0.866667		35.068
3.56		0.933333		27.7522
3.58		0		42.1748
3.58		0.0666667		24.4495
3.58		0.133333		32.0923
3.58		0.2		37.0451
3.58		0.266667		20.8674
3.58		0.333333		18.7418
3.58		0.4		29.9218
3.58		0.466667		31.7467
3.58		0.533333		31.1845
3.58		0.6		30.474
3.58		0.666667		22.5753
3.58		0.733333		19.2626
3.58		0.8		32.8752
3.58		0.866667		34.886
3.58		0.933333		27.7615
3.6		0		42.1788
3.6		0.0666667		24.4571
3.6		0.133333		33.6724
3.6		0.2		36.7425
3.6		0.266667		20.8581
3.6		0.333333		19.5099
3.6		0.4		29.9183
3.6		0.466667		31.1377
3.6		0.533333		30.1359
3.6		0.6		30.4754
3.6		0.666667		21.7503
3.6		0.733333		19.2511
3.6		0.8		32.706
3.6		0.866667		35.6386
3.6		0.933333		27.7707
3.62		0		42.1828
3.62		0.0666667		24.4646
3.62		0.133333		33.0543
3.62		0.2		37.2806
3.62		0.266667		20.849
3.62		0.333333		19.3979
3.62		0.4		29.9148
3.62		0.466667		31.2674
3.62		0.533333		28.7048
3.62		0.6		30.4769
3.62		0.666667		22.5305
3.62		0.733333		19.2398
3.62		0.8		32.7594
3.62		0.866667		37.3491
3.62		0.933333		27.7797
3.64		0		42.1867
3.64		0.0666667		24.4721
3.64		0.133333		31.2916
3.64		0.2		36.5314
3.64		0.266667		20.84
3.64		0.333333		20.3911
3.64		0.4		29.9114
3.64		0.466667		32.1983
3.64		0.533333		28.5042
3.64		0.6		30.4783
3.64		0.666667		22.3807
3.64		0.733333		19.2286
3.64		0.8		32.9619
3.64		0.866667		35.7376
3.64		0.933333		27.7887
3.66		0		42.1905
3.66		0.0666667		24.4795
3.66		0.133333		32.1292
3.66		0.2		37.0976
3.66		0.266667		20.8311
3.66		0.333333		18.8039
3.66		0.4		29.908
3.66		0.466667		31.8787
3.66		0.533333		29.0199
3.66		0.6		30.4796
3.66		0.666667		21.7276
3.66		0.733333		19.2174
3.66		0.8		33.3065
3.66		0.866667		36.1238
3.66		0.933333		27.7975
3.68		0		42.1943
3.68		0.0666667		24.4868
3.68		0.133333		31.8138
3.68		0.2		37.3922
3.68		0.266667		20.8224
3.68		0.333333		18.5902
3.68		0.4		29.9046
3.68		0.466667		32.4326
3.68		0.533333		30.1165
3.68		0.6		30.481
3.68		0.666667		21.4794
3.68		0.733333		19.2064
3.68		0.8		32.8054
3.68		0.866667		36.6178
3.68		0.933333		27.8063
3.7		0		42.1981
3.7		0.0666667		24.4941
3.7		0.133333		34.0151
3.7		0.2		37.0561
3.7		0.266667		20.8137
3.7		0.333333		18.9732
3.7		0.4		29.9013
3.7		0.466667		31.4706
3.7		0.533333		29.1447
3.7		0.6		30.4823
3.7		0.666667		21.6388
3.7		0.733333		19.1956
3.7		0.8		32.741
3.7		0.866667		36.9186
3.7		0.933333		27.815
3.72		0		42.2017
3.72		0.0666667		24.5012
3.72		0.133333		32.9283
3.72		0.2		36.6056
3.72		0.266667		20.8052
3.72		0.333333		18.5867
3.72		0.4		29.898
3.72		0.466667		31.4282
3.72		0.533333		28.4316
3.72		0.6		30.4837
3.72		0.666667		21.5732
3.72		0.733333		19.1848
3.72		0.8		32.9375
3.72		0.866667		36.2079
3.72		0.933333		27.8236
3.74		0		42.2053
3.74		0.0666667		24.5083
3.74		0.133333		31.1796
3.74		0.2		36.6785
3.74		0.266667		20.7967
3.74		0.333333		18.7861
3.74		0.4		29.8947
3.74		0.466667		30.6169
3.74		0.533333		30.9373
3.74		0.6		30.485
3.74		0.666667		21.0243
3.74		0.733333		19.1741
3.74		0.8		33.4781
3.74		0.866667		37.6581
3.74		0.933333		27.8321
3.76		0		42.2089
3.76		0.0666667		24.5154
3.76		0.133333		33.2926
3.76		0.2		37.1648
3.76		0.266667		20.7884
3.76		0.333333		19.5125
3.76		0.4		29.8915
3.76		0.466667		31.9806
3.76		0.533333		29.7956
3.76		0.6		30.4863
3.76		0.666667		22.4402
3.76		0.733333		19.1635
3.76		0.8		32.8696
3.76		0.866667		37.1391
3.76		0.933333		27.8405
3.78		0		42.2124
3.78		0.0666667		24.5223
3.78		0.133333		33.8612
3.78		0.2		37.3855
3.78		0.266667		20.7801
3.78		0.333333		20.2391
3.78		0.4		29.8883
3.78		0.466667		31.5449
3.78		0.533333		29.261
3.78		0.6		30.4876
3.78		0.666667		22.485
3.78		0.733333		19.1531
3.78		0.8		33.5073
3.78		0.866667		36.6252
3.78		0.933333		27.8488
3.8		0		42.2158
3.8		0.0666667		24.5292
3.8		0.133333		32.0037
3.8		0.2		36.6546
3.8		0.266667		20.772
3.8		0.333333		18.4045
3.8		0.4		29.8851
3.8		0.466667		31.6972
3.8		0.533333		30.7006
3.8		0.6		30.4888
3.8		0.666667		21.5745
3.8		0.733333		19.1427
3.8		0.8		32.833
3.8		0.866667		34.8566
3.8		0.933333		27.8571
3.82		0		42.2192
3.82		0.0666667		24.536
3.82		0.133333		32.213
3.82		0.2		36.5453
3.82		0.266667		20.764
3.82		0.333333		19.6953
3.82		0.4		29.882
3.82		0.466667		32.2357
3.82		0.533333		31.1032
3.82		0.6		30.4901
3.82		0.666667		21.735
3.82		0.733333		19.1324
3.82		0.8		32.9913
3.82		0.866667		35.6271
3.82		0.933333		27.8652
3.84		0		42.2226
3.84		0.0666667		24.5428
3.84		0.133333		31.8604
3.84		0.2		36.7461
3.84		0.266667		20.756
3.84		0.333333		19.6902
3.84		0.4		29.8789
3.84		0.466667		30.9735
3.84		0.533333		30.1658
3.84		0.6		30.4913
3.84		0.666667		22.022
3.84		0.733333		19.1223
3.84		0.8		32.9699
3.84		0.866667		35.2387
3.84		0.933333		27.8733
3.86		0		42.2258
3.86		0.0666667		24.5494
3.86		0.133333		31.9484
3.86		0.2		36.9204
3.86		0.266667		20.7482
3.86		0.333333		18.9923
3.86		0.4		29.8758
3.86		0.466667		31.7435
3.86		0.533333		30.4349
3.86		0.6		30.4925
3.86		0.666667		22.4362
3.86		0.733333		19.1122
3.86		0.8		33.4432
3.86		0.866667		35.6817
3.86		0.933333		27.8813
3.88		0		42.2291
3.88		0.0666667		24.556
3.88		0.133333		33.2034
3.88		0.2		36.7621
3.88		0.266667		20.7404
3.88		0.333333		18.5946
3.88		0.4		29.8728
3.88		0.466667		30.8754
3.88		0.533333		29.0074
3.88		0.6		30.4937
3.88		0.666667		22.1635
3.88		0.733333		19.1023
3.88		0.8		33.2885
3.88		0.866667		35.0552
3.88		0.933333		27.8892
3.9		0		42.2323
3.9		0.0666667		24.5626
3.9		0.133333		31.5778
3.9		0.2		37.1436
3.9		0.266667		20.7327
3.9		0.333333		19.0772
3.9		0.4		29.8698
3.9		0.466667		31.1983
3.9		0.533333		28.3838
3.9		0.6		30.4949
3.9		0.666667		21.8151
3.9		0.733333		19.0924
3.9		0.8		33.0276
3.9		0.866667		35.8872
3.9		0.933333		27.897
3.92		0		42.2354
3.92		0.0666667		24.5691
3.92		0.133333		33.0982
3.92		0.2		36.6572
3.92		0.266667		20.7252
3.92		0.333333		18.871
3.92		0.4		29.8668
3.92		0.466667		31.6096
3.92		0.533333		29.083
3.92		0.6		30.4961
3.92		0.666667		21.511
3.92		0.733333		19.0826
3.92		0.8		32.991
3.92		0.866667		35.577
3.92		0.933333		27.9048
3.94		0		42.2385
3.94		0.0666667		24.5755
3.94		0.133333		33.8654
3.94		0.2		37.1431
3.94		0.266667		20.7177
3.94		0.333333		18.9763
3.94		0.4		29.8639
3.94		0.466667		31.6993
3.94		0.533333		30.4483
3.94		0.6		30.4973
3.94		0.666667		21.5947
3.94		0.733333		19.073
3.94		0.8		32.8629
3.94		0.866667		36.6573
3.94		0.933333		27.9125
3.96		0		42.2416
3.96		0.0666667		24.5819
3.96		0.133333		31.8365
3.96		0.2		37.2821
3.96		0.266667		20.7103
3.96		0.333333		18.8465
3.96		0.4		29.861
3.96		0.466667		31.3188
3.96		0.533333		29.971
3.96		0.6		30.4984
3.96		0.666667		21.886
3.96		0.733333		19.0634
3.96		0.8		32.8941
3.96		0.866667		36.4042
3.96		0.933333		27.9201
3.98		0		42.2446
3.98		0.0666667		24.5882
3.98		0.133333		31.4394
3.98		0.2		36.54
3.98		0.266667		20.703
3.98		0.333333		18.6071
3.98		0.4		29.8581
3.98		0.466667		31.8897
3.98		0.533333		29.075
3.98		0.6		30.4996
3.98		0.666667		21.277
3.98		0.733333		19.0539
3.98		0.8		32.6265
3.98		0.866667		36.925
3.98		0.933333		27.9276
4		0		42.2475
4		0.0666667		24.5944
4		0.133333		33.9562
4		0.2		36.6879
4		0.266667		20.6957
4		0.333333		18.7701
4		0.4		29.8553
4		0.466667		31.8137
4		0.533333		30.5648
4		0.6		30.5007
4		0.666667		22.7608
4		0.733333		19.0445
4		0.8		32.6533
4		0.866667		36.6286
4		0.933333		27.9351
4.02		0		42.2505
4.02		0.0666667		24.6006
4.02		0.133333		34.1655
4.02		0.2		36.7519
4.02		0.266667		20.6886
4.02		0.333333		18.5208
4.02		0.4		29.8524
4.02		0.466667		31.1958
4.02		0.533333		29.7722
4.02		0.6		30.5018
4.02		0.666667		21.018
4.02		0.733333		19.0352
4.02		0.8		33.0158
4.02		0.866667		37.5371
4.02		0.933333		27.9424
4.04		0		42.2533
4.04		0.0666667		24.6067
4.04		0.133333		32.8687
4.04		0.2		36.8588
4.04		0.266667		20.6815
4.04		0.333333		19.1856
4.04		0.4		29.8497
4.04		0.466667		31.6884
4.04		0.533333		30.7273
4.04		0.6		30.5029
4.04		0.666667		22.445
4.04		0.733333		19.0259
4.04		0.8		32.6939
4.04		0.866667		37.1321
4.04		0.933333		27.9498
4.06		0		42.2562
4.06		0.0666667		24.6128
4.06		0.133333		32.2836
4.06		0.2		36.502
4.06		0.266667		20.6745
4.06		0.333333		19.3897
4.06		0.4		29.8469
4.06		0.466667		32.5822
4.06		0.533333		29.1147
4.06		0.6		30.504
4.06		0.666667		22.6174
4.06		0.733333		19.0168
4.06		0.8		32.7505
4.06		0.866667		37.1251
4.06		0.933333		27.957
4.08		0		42.259
4.08		0.0666667		24.6188
4.08		0.133333		32.1591
4.08		0.2		36.4654
4.08		0.266667		20.6676
4.08		0.333333		19.5631
4.08		0.4		29.8442
4.08		0.466667		32.2185
4.08		0.533333		30.4114
4.08		0.6		30.5051
4.08		0.666667		22.2703
4.08		0.733333		19.0077
4.08		0.8		32.6166
4.08		0.866667		35.8673
4.08		0.933333		27.9642
4.1		0		42.2617
4.1		0.0666667		24.6247
4.1		0.133333		32.2228
4.1		0.2		36.6913
4.1		0.266667		20.6608
4.1		0.333333		18.8584
4.1		0.4		29.8415
4.1		0.466667		31.6736
4.1		0.533333		29.0863
4.1		0.6		30.5061
4.1		0.666667		22.212
4.1		0.733333		18.9987
4.1		0.8		32.797
4.1		0.866667		35.2283
4.1		0.933333		27.9713
4.12		0		42.2644
4.12		0.0666667		24.6306
4.12		0.133333		33.2441
4.12		0.2		37.2479
4.12		0.266667		20.654
4.12		0.333333		20.2008
4.12		0.4		29.8388
4.12		0.466667		32.2876
4.12		0.533333		30.36
4.12		0.6		30.5072
4.12		0.666667		21.761
4.12		0.733333		18.9898
4.12		0.8		33.4448
4.12		0.866667		36.3409
4.12		0.933333		27.9783
4.14		0		42.2671
4.14		0.0666667		24.6365
4.14		0.133333		33.5737
4.14		0.2		36.8193
4.14		0.266667		20.6473
4.14		0.333333		18.5645
4.14		0.4		29.8361
4.14		0.466667		31.88
4.14		0.533333		29.9137
4.14		0.6		30.5082
4.14		0.666667		22.784
4.14		0.733333		18.981
4.14		0.8		32.7615
4.14		0.866667		36.3672
4.14		0.933333		27.9853
4.16		0		42.2697
4.16		0.0666667		24.6423
4.16		0.133333		32.8581
4.16		0.2		37.2294
4.16		0.266667		20.6407
4.16		0.333333		18.7394
4.16		0.4		29.8335
4.16		0.466667		30.5105
4.16		0.533333		30.4588
4.16		0.6		30.5092
4.16		0.666667		22.1009
4.16		0.733333		18.9723
4.16		0.8		32.6821
4.16		0.866667		36.4359
4.16		0.933333		27.9922
4.18		0		42.2724
4.18		0.0666667		24.648
4.18		0.133333		31.5253
4.18		0.2		36.4668
4.18		0.266667		20.6342
4.18		0.333333		19.6921
4.18		0.4		29.8309
4.18		0.466667		31.8562
4.18		0.533333		28.9623
4.18		0.6		30.5102
4.18		0.666667		22.0754
4.18		0.733333		18.9636
4.18		0.8		33.0743
4.18		0.866667		37.0995
4.18		0.933333		27.999
4.2		0		42.2749
4.2		0.0666667		24.6537
4.2		0.133333		33.0673
4.2		0.2		36.7385
4.2		0.266667		20.6277
4.2		0.333333		19.9837
4.2		0.4		29.8283
4.2		0.466667		32.255
4.2		0.533333		28.4941
4.2		0.6		30.5112
4.2		0.666667		22.8875
4.2		0.733333		18.9551
4.2		0.8		32.8102
4.2		0.866667		37.3169
4.2		0.933333		28.0058
4.22		0		42.2774
4.22		0.0666667		24.6593
4.22		0.133333		32.015
4.22		0.2		37.3272
4.22		0.266667		20.6213
4.22		0.333333		20.0117
4.22		0.4		29.8258
4.22		0.466667		31.6886
4.22		0.533333		29.2895
4.22		0.6		30.5122
4.22		0.666667		21.8148
4.22		0.733333		18.9466
4.22		0.8		33.4204
4.22		0.866667		36.6653
4.22		0.933333		28.0125
4.24		0		42.2799
4.24		0.0666667		24.6649
4.24		0.133333		33.2253
4.24		0.2		36.4463
4.24		0.266667		20.615
4.24		0.333333		18.7101
4.24		0.4		29.8232
4.24		0.466667		31.9996
4.24		0.533333		29.7277
4.24		0.6		30.5132
4.24		0.666667		22.378
4.24		0.733333		18.9381
4.24		0.8		32.732
4.24		0.866667		37.196
4.24		0.933333		28.0191
4.26		0		42.2824
4.26		0.0666667		24.6704
4.26		0.133333		34.27
4.26		0.2		36.734
4.26		0.266667		20.6088
4.26		0.333333		19.136
4.26		0.4		29.8207
4.26		0.466667		31.371
4.26		0.533333		29.664
4.26		0.6		30.5142
4.26		0.666667		21.6757
4.26		0.733333		18.9298
4.26		0.8		32.7051
4.26		0.866667		35.8922
4.26		0.933333		28.0257
4.28		0		42.2848
4.28		0.0666667		24.6759
4.28		0.133333		32.9134
4.28		0.2		36.4565
4.28		0.266667		20.6026
4.28		0.333333		20.2536
4.28		0.4		29.8182
4.28		0.466667		31.6148
4.28		0.533333		29.7534
4.28		0.6		30.5151
4.28		0.666667		21.9266
4.28		0.733333		18.9215
4.28		0.8		33.109
4.28		0.866667		37.4189
4.28		0.933333		28.0323
4.3		0		42.2872
4.3		0.0666667		24.6813
4.3		0.133333		33.1331
4.3		0.2		36.6053
4.3		0.266667		20.5964
4.3		0.333333		18.5532
4.3		0.4		29.8158
4.3		0.466667		30.3255
4.3		0.533333		29.9673
4.3		0.6		30.5161
4.3		0.666667		22.2211
4.3		0.733333		18.9133
4.3		0.8		33.4178
4.3		0.866667		35.306
4.3		0.933333		28.0387
4.32		0		42.2896
4.32		0.0666667		24.6867
4.32		0.133333		33.8652
4.32		0.2		36.4826
4.32		0.266667		20.5904
4.32		0.333333		19.9776
4.32		0.4		29.8134
4.32		0.466667		31.9714
4.32		0.533333		31.1325
4.32		0.6		30.517
4.32		0.666667		21.0935
4.32		0.733333		18.9052
4.32		0.8		33.401
4.32		0.866667		37.2473
4.32		0.933333		28.0451
4.34		0		42.2919
4.34		0.0666667		24.692
4.34		0.133333		32.6084
4.34		0.2		36.753
4.34		0.266667		20.5844
4.34		0.333333		18.9794
4.34		0.4		29.8109
4.34		0.466667		30.7553
4.34		0.533333		31.0168
4.34		0.6		30.5179
4.34		0.666667		21.4132
4.34		0.733333		18.8971
4.34		0.8		33.2575
4.34		0.866667		37.7919
4.34		0.933333		28.0515
4.36		0		42.2942
4.36		0.0666667		24.6973
4.36		0.133333		33.5097
4.36		0.2		37.0689
4.36		0.266667		20.5785
4.36		0.333333		18.8234
4.36		0.4		29.8086
4.36		0.466667		31.8538
4.36		0.533333		29.3696
4.36		0.6		30.5189
4.36		0.666667		21.181
4.36		0.733333		18.8891
4.36		0.8		33.4058
4.36		0.866667		35.1906
4.36		0.933333		28.0578
4.38		0		42.2965
4.38		0.0666667		24.7026
4.38		0.133333		33.1227
4.38		0.2		37.303
4.38		0.266667		20.5726
4.38		0.333333		19.157
4.38		0.4		29.8062
4.38		0.466667		31.4952
4.38		0.533333		29.1562
4.38		0.6		30.5198
4.38		0.666667		21.9364
4.38		0.733333		18.8812
4.38		0.8		32.5193
4.38		0.866667		37.297
4.38		0.933333		28.064
4.4		0		42.2987
4.4		0.0666667		24.7078
4.4		0.133333		32.7697
4.4		0.2		37.2972
4.4		0.266667		20.5668
4.4		0.333333		19.944
4.4		0.4		29.8038
4.4		0.466667		31.3024
4.4		0.533333		29.6172
4.4		0.6		30.5207
4.4		0.666667		22.6647
4.4		0.733333		18.8734
4.4		0.8		32.7145
4.4		0.866667		36.5265
4.4		0.933333		28.0702
4.42		0		42.301
4.42		0.0666667		24.7129
4.42		0.133333		33.4947
4.42		0.2		36.749
4.42		0.266667		20.561
4.42		0.333333		19.1522
4.42		0.4		29.8015
4.42		0.466667		31.9173
4.42		0.533333		29.2394
4.42		0.6		30.5215
4.42		0.666667		22.7509
4.42		0.733333		18.8656
4.42		0.8		32.6963
4.42		0.866667		36.4508
4.42		0.933333		28.0763
4.44		0		42.3031
4.44		0.0666667		24.718
4.44		0.133333		32.6587
4.44		0.2		36.4459
4.44		0.266667		20.5553
4.44		0.333333		18.7949
4.44		0.4		29.7992
4.44		0.466667		31.8765
4.44		0.533333		31.2275
4.44		0.6		30.5224
4.44		0.666667		20.9241
4.44		0.733333		18.8579
4.44		0.8		32.5046
4.44		0.866667		36.7275
4.44		0.933333		28.0824
4.46		0		42.3053
4.46		0.0666667		24.7231
4.46		0.133333		33.5773
4.46		0.2		37.0899
4.46		0.266667		20.5497
4.46		0.333333		20.0138
4.46		0.4		29.7969
4.46		0.466667		31.6098
4.46		0.533333		29.596
4.46		0.6		30.5233
4.46		0.666667		20.8424
4.46		0.733333		18.8502
4.46		0.8		32.7491
4.46		0.866667		35.5858
4.46		0.933333		28.0884
4.48		0		42.3074
4.48		0.0666667		24.7281
4.48		0.133333		32.7707
4.48		0.2		37.1179
4.48		0.266667		20.5441
4.48		0.333333		18.5977
4.48		0.4		29.7947
4.48		0.466667		31.6549
4.48		0.533333		30.2847
4.48		0.6		30.5241
4.48		0.666667		22.8258
4.48		0.733333		18.8426
4.48		0.8		32.7931
4.48		0.866667		36.391
4.48		0.933333		28.0944
4.5		0		42.3095
4.5		0.0666667		24.7331
4.5		0.133333		31.3724
4.5		0.2		36.7487
4.5		0.266667		20.5386
4.5		0.333333		19.2743
4.5		0.4		29.7924
4.5		0.466667		32.7652
4.5		0.533333		30.8491
4.5		0.6		30.525
4.5		0.666667		22.3693
4.5		0.733333		18.8351
4.5		0.8		32.4921
4.5		0.866667		34.979
4.5		0.933333		28.1003
4.52		0		42.3116
4.52		0.0666667		24.738
4.52		0.133333		32.4457
4.52		0.2		36.5025
4.52		0.266667		20.5331
4.52		0.333333		19.6913
4.52		0.4		29.7902
4.52		0.466667		31.6971
4.52		0.533333		30.9445
4.52		0.6		30.5258
4.52		0.666667		20.9014
4.52		0.733333		18.8276
4.52		0.8		33.3502
4.52		0.866667		35.9175
4.52		0.933333		28.1062
4.54		0		42.3136
4.54		0.0666667		24.7429
4.54		0.133333		32.8307
4.54		0.2		37.1397
4.54		0.266667		20.5277
4.54		0.333333		18.6695
4.54		0.4		29.788
4.54		0.466667		32.2184
4.54		0.533333		29.6835
4.54		0.6		30.5266
4.54		0.666667		20.9708
4.54		0.733333		18.8202
4.54		0.8		33.3471
4.54		0.866667		35.2502
4.54		0.933333		28.112
4.56		0		42.3157
4.56		0.0666667		24.7478
4.56		0.133333		32.2179
4.56		0.2		37.2066
4.56		0.266667		20.5223
4.56		0.333333		20.0269
4.56		0.4		29.7859
4.56		0.466667		32.3107
4.56		0.533333		30.3887
4.56		0.6		30.5274
4.56		0.666667		22.3111
4.56		0.733333		18.8129
4.56		0.8		32.8374
4.56		0.866667		35.443
4.56		0.933333		28.1178
4.58		0		42.3176
4.58		0.0666667		24.7526
4.58		0.133333		31.9
4.58		0.2		36.8927
4.58		0.266667		20.517
4.58		0.333333		20.2248
4.58		0.4		29.7837
4.58		0.466667		31.6548
4.58		0.533333		29.4261
4.58		0.6		30.5282
4.58		0.666667		21.2374
4.58		0.733333		18.8056
4.58		0.8		32.5174
4.58		0.866667		35.976
4.58		0.933333		28.1235
4.6		0		42.3196
4.6		0.0666667		24.7574
4.6		0.133333		33.0839
4.6		0.2		37.264
4.6		0.266667		20.5118
4.6		0.333333		19.6265
4.6		0.4		29.7816
4.6		0.466667		31.2949
4.6		0.533333		29.9167
4.6		0.6		30.529
4.6		0.666667		21.5776
4.6		0.733333		18.7984
4.6		0.8		33.1091
4.6		0.866667		36.4985
4.6		0.933333		28.1292
4.62		0		42.3216
4.62		0.0666667		24.7621
4.62		0.133333		34.3274
4.62		0.2		37.1805
4.62		0.266667		20.5066
4.62		0.333333		18.5193
4.62		0.4		29.7794
4.62		0.466667		31.2032
4.62		0.533333		30.3413
4.62		0.6		30.5298
4.62		0.666667		21.3439
4.62		0.733333		18.7913
4.62		0.8		32.7194
4.62		0.866667		36.6657
4.62		0.933333		28.1348
4.64		0		42.3235
4.64		0.0666667		24.7668
4.64		0.133333		32.3344
4.64		0.2		36.8676
4.64		0.266667		20.5014
4.64		0.333333		20.2329
4.64		0.4		29.7773
4.64		0.466667		30.9996
4.64		0.533333		28.365
4.64		0.6		30.5306
4.64		0.666667		22.6572
4.64		0.733333		18.7842
4.64		0.8		32.681
4.64		0.866667		36.3411
4.64		0.933333		28.1404
4.66		0		42.3254
4.66		0.0666667		24.7714
4.66		0.133333		33.9076
4.66		0.2		37.267
4.66		0.266667		20.4963
4.66		0.333333		19.3122
4.66		0.4		29.7752
4.66		0.466667		30.9791
4.66		0.533333		28.4721
4.66		0.6		30.5314
4.66		0.666667		21.1249
4.66		0.733333		18.7772
4.66		0.8		32.9384
4.66		0.866667		36.777
4.66		0.933333		28.1459
4.68		0		42.3272
4.68		0.0666667		24.7761
4.68		0.133333		31.8819
4.68		0.2		36.4724
4.68		0.266667		20.4913
4.68		0.333333		20.1325
4.68		0.4		29.7732
4.68		0.466667		31.5831
4.68		0.533333		30.348
4.68		0.6		30.5321
4.68		0.666667		21.0635
4.68		0.733333		18.7702
4.68		0.8		32.4617
4.68		0.866667		36.5812
4.68		0.933333		28.1514
4.7		0		42.3291
4.7		0.0666667		24.7806
4.7		0.133333		32.3909
4.7		0.2		37.1082
4.7		0.266667		20.4863
4.7		0.333333		19.2527
4.7		0.4		29.7711
4.7		0.466667		30.743
4.7		0.533333		29.7593
4.7		0.6		30.5329
4.7		0.666667		20.9251
4.7		0.733333		18.7633
4.7		0.8		32.4671
4.7		0.866667		36.9397
4.7		0.933333		28.1568
4.72		0		42.3309
4.72		0.0666667		24.7852
4.72		0.133333		33.2337
4.72		0.2		37.03
4.72		0.266667		20.4813
4.72		0.333333		19.6968
4.72		0.4		29.7691
4.72		0.466667		31.441
4.72		0.533333		29.5069
4.72		0.6		30.5336
4.72		0.666667		21.9236
4.72		0.733333		18.7564
4.72		0.8		32.9896
4.72		0.866667		37.6894
4.72		0.933333		28.1622
4.74		0		42.3327
4.74		0.0666667		24.7897
4.74		0.133333		31.9839
4.74		0.2		36.8043
4.74		0.266667		20.4764
4.74		0.333333		19.6645
4.74		0.4		29.7671
4.74		0.466667		32.8696
4.74		0.533333		30.1579
4.74		0.6		30.5344
4.74		0.666667		21.8443
4.74		0.733333		18.7496
4.74		0.8		32.5506
4.74		0.866667		36.577
4.74		0.933333		28.1675
4.76		0		42.3345
4.76		0.0666667		24.7941
4.76		0.133333		32.4174
4.76		0.2		36.413
4.76		0.266667		20.4716
4.76		0.333333		19.2378
4.76		0.4		29.7651
4.76		0.466667		30.1568
4.76		0.533333		28.983
4.76		0.6		30.5351
4.76		0.666667		21.4722
4.76		0.733333		18.7429
4.76		0.8		33.3123
4.76		0.866667		35.5187
4.76		0.933333		28.1728
4.78		0		42.3363
4.78		0.0666667		24.7986
4.78		0.133333		33.2055
4.78		0.2		36.5157
4.78		0.266667		20.4667
4.78		0.333333		20.0568
4.78		0.4		29.7631
4.78		0.466667		31.2071
4.78		0.533333		29.9459
4.78		0.6		30.5358
4.78		0.666667		21.6204
4.78		0.733333		18.7362
4.78		0.8		32.6597
4.78		0.866667		36.398
4.78		0.933333		28.1781
4.8		0		42.338
4.8		0.0666667		24.803
4.8		0.133333		33.3266
4.8		0.2		36.3854
4.8		0.266667		20.462
4.8		0.333333		19.0204
4.8		0.4		29.7611
4.8		0.466667		31.7164
4.8		0.533333		29.1937
4.8		0.6		30.5365
4.8		0.666667		22.2313
4.8		0.733333		18.7295
4.8		0.8		33.0505
4.8		0.866667		37.0363
4.8		0.933333		28.1833
4.82		0		42.3397
4.82		0.0666667		24.8073
4.82		0.133333		32.5759
4.82		0.2		36.8204
4.82		0.266667		20.4572
4.82		0.333333		18.8971
4.82		0.4		29.7592
4.82		0.466667		31.9171
4.82		0.533333		29.3072
4.82		0.6		30.5372
4.82		0.666667		21.0195
4.82		0.733333		18.7229
4.82		0.8		33.1137
4.82		0.866667		37.6251
4.82		0.933333		28.1885
4.84		0		42.3414
4.84		0.0666667		24.8117
4.84		0.133333		34.1681
4.84		0.2		36.8435
4.84		0.266667		20.4526
4.84		0.333333		20.2565
4.84		0.4		29.7573
4.84		0.466667		31.5572
4.84		0.533333		30.1804
4.84		0.6		30.5379
4.84		0.666667		20.9378
4.84		0.733333		18.7164
4.84		0.8		33.0853
4.84		0.866667		35.2678
4.84		0.933333		28.1936
4.86		0		42.3431
4.86		0.0666667		24.816
4.86		0.133333		32.1414
4.86		0.2		37.2638
4.86		0.266667		20.4479
4.86		0.333333		18.6908
4.86		0.4		29.7554
4.86		0.466667		32.5011
4.86		0.533333		29.9071
4.86		0.6		30.5386
4.86		0.666667		20.9591
4.86		0.733333		18.7099
4.86		0.8		32.6305
4.86		0.866667		36.9874
4.86		0.933333		28.1987
4.88		0		42.3448
4.88		0.0666667		24.8202
4.88		0.133333		32.2346
4.88		0.2		37.213
4.88		0.266667		20.4433
4.88		0.333333		19.4389
4.88		0.4		29.7535
4.88		0.466667		31.6951
4.88		0.533333		29.8416
4.88		0.6		30.5393
4.88		0.666667		21.5944
4.88		0.733333		18.7035
4.88		0.8		32.7473
4.88		0.866667		36.7579
4.88		0.933333		28.2037
4.9		0		42.3464
4.9		0.0666667		24.8244
4.9		0.133333		31.5013
4.9		0.2		37.2464
4.9		0.266667		20.4388
4.9		0.333333		19.4099
4.9		0.4		29.7516
4.9		0.466667		31.2771
4.9		0.533333		30.2746
4.9		0.6		30.5399
4.9		0.666667		20.8152
4.9		0.733333		18.6971
4.9		0.8		33.015
4.9		0.866667		36.9137
4.9		0.933333		28.2088
4.92		0		42.348
4.92		0.0666667		24.8286
4.92		0.133333		33.3539
4.92		0.2		36.7751
4.92		0.266667		20.4343
4.92		0.333333		18.9745
4.92		0.4		29.7497
4.92		0.466667		30.8143
4.92		0.533333		30.8074
4.92		0.6		30.5406
4.92		0.666667		22.3505
4.92		0.733333		18.6908
4.92		0.8		32.5934
4.92		0.866667		36.6094
4.92		0.933333		28.2137
4.94		0		42.3496
4.94		0.0666667		24.8328
4.94		0.133333		32.4878
4.94		0.2		37.1987
4.94		0.266667		20.4298
4.94		0.333333		18.8341
4.94		0.4		29.7479
4.94		0.466667		30.6987
4.94		0.533333		29.7908
4.94		0.6		30.5412
4.94		0.666667		21.7811
4.94		0.733333		18.6845
4.94		0.8		32.791
4.94		0.866667		37.2213
4.94		0.933333		28.2187
4.96		0		42.3512
4.96		0.0666667		24.8369
4.96		0.133333		33.0639
4.96		0.2		36.8008
4.96		0.266667		20.4254
4.96		0.333333		18.9623
4.96		0.4		29.746
4.96		0.466667		31.5407
4.96		0.533333		29.7515
4.96		0.6		30.5419
4.96		0.666667		20.8489
4.96		0.733333		18.6783
4.96		0.8		33.2875
4.96		0.866667		36.6177
4.96		0.933333		28.2235
4.98		0		42.3528
4.98		0.0666667		24.841
4.98		0.133333		32.5457
4.98		0.2		36.9284
4.98		0.266667		20.421
4.98		0.333333		19.4117
4.98		0.4		29.7442
4.98		0.466667		31.9096
4.98		0.533333		30.6807
4.98		0.6		30.5425
4.98		0.666667		22.5507
4.98		0.733333		18.6721
4.98		0.8		32.5921
4.98		0.866667		36.3367
4.98		0.933333		28.2284
5		0		42.3543
5		0.0666667		24.8451
5		0.133333		34.1235
5		0.2		36.4799
5		0.266667		20.4166
5		0.333333		19.1046
5		0.4		29.7424
5		0.466667		32.0317
5		0.533333		29.5416
5		0.6		30.5432
5		0.666667		21.0318
5		0.733333		18.666
5		0.8		33.2086
5		0.866667		35.2613
5		0.933333		28.2332
