0.02		0		0.014832
0.02		0.0666667		0.0140965
0.02		0.133333		0.0268465
0.02		0.2		0.0182081
0.02		0.266667		0.0151249
0.02		0.333333		0.0164952
0.02		0.4		0.0176384
0.02		0.466667		0.0134984
0.02		0.533333		0.0200353
0.02		0.6		0.0139782
0.02		0.666667		0.016523
0.02		0.733333		0.0115515
0.02		0.8		0.0115025
0.02		0.866667		0.0174502
0.02		0.933333		0.0121611
0.04		0		0.0151942
0.04		0.0666667		0.0143716
0.04		0.133333		0.0272543
0.04		0.2		0.0184692
0.04		0.266667		0.0153226
0.04		0.333333		0.0167243
0.04		0.4		0.0177818
0.04		0.466667		0.0136578
0.04		0.533333		0.0201808
0.04		0.6		0.0141372
0.04		0.666667		0.0166447
0.04		0.733333		0.011664
0.04		0.8		0.011592
0.04		0.866667		0.0175199
0.04		0.933333		0.0122232
0.06		0		0.015797
0.06		0.0666667		0.0148331
0.06		0.133333		0.0279089
0.06		0.2		0.0189062
0.06		0.266667		0.0156529
0.06		0.333333		0.0171058
0.06		0.4		0.0180202
0.06		0.466667		0.0139242
0.06		0.533333		0.0204213
0.06		0.6		0.0144033
0.06		0.666667		0.0168471
0.06		0.733333		0.0118518
0.06		0.8		0.0117412
0.06		0.866667		0.0176363
0.06		0.933333		0.0123267
0.08		0		0.0166357
0.08		0.0666667		0.015485
0.08		0.133333		0.0287995
0.08		0.2		0.0195214
0.08		0.266667		0.0161169
0.08		0.333333		0.017639
0.08		0.4		0.0183531
0.08		0.466667		0.0142982
0.08		0.533333		0.0207545
0.08		0.6		0.0147775
0.08		0.666667		0.0171298
0.08		0.733333		0.0121156
0.08		0.8		0.0119506
0.08		0.866667		0.0177996
0.08		0.933333		0.012472
0.1		0		0.0177029
0.1		0.0666667		0.0163309
0.1		0.133333		0.0299224
0.1		0.2		0.0203163
0.1		0.266667		0.0167151
0.1		0.333333		0.0183219
0.1		0.4		0.0187795
0.1		0.466667		0.0147809
0.1		0.533333		0.0211772
0.1		0.6		0.0152617
0.1		0.666667		0.0174919
0.1		0.733333		0.012456
0.1		0.8		0.0122202
0.1		0.866667		0.0180103
0.1		0.933333		0.0126595
0.12		0		0.0189958
0.12		0.0666667		0.0173734
0.12		0.133333		0.0312722
0.12		0.2		0.0212909
0.12		0.266667		0.0174477
0.12		0.333333		0.0191508
0.12		0.4		0.0192985
0.12		0.466667		0.0153733
0.12		0.533333		0.0216862
0.12		0.6		0.0158576
0.12		0.666667		0.0179324
0.12		0.733333		0.012874
0.12		0.8		0.0125504
0.12		0.866667		0.0182687
0.12		0.933333		0.0128895
0.14		0		0.0205237
0.14		0.0666667		0.0186104
0.14		0.133333		0.0328373
0.14		0.2		0.0224433
0.14		0.266667		0.0183131
0.14		0.333333		0.0201198
0.14		0.4		0.0199094
0.14		0.466667		0.0160762
0.14		0.533333		0.0222774
0.14		0.6		0.0165671
0.14		0.666667		0.0184499
0.14		0.733333		0.0133705
0.14		0.8		0.0129414
0.14		0.866667		0.0185757
0.14		0.933333		0.0131626
0.16		0		0.0223025
0.16		0.0666667		0.0200332
0.16		0.133333		0.0345975
0.16		0.2		0.0237705
0.16		0.266667		0.0193076
0.16		0.333333		0.0212202
0.16		0.4		0.0206114
0.16		0.466667		0.0168899
0.16		0.533333		0.0229462
0.16		0.6		0.0173924
0.16		0.666667		0.0190424
0.16		0.733333		0.0139462
0.16		0.8		0.0133931
0.16		0.866667		0.0189322
0.16		0.933333		0.0134794
0.18		0		0.0243334
0.18		0.0666667		0.0216236
0.18		0.133333		0.0365236
0.18		0.2		0.0252691
0.18		0.266667		0.0204244
0.18		0.333333		0.0224408
0.18		0.4		0.0214045
0.18		0.466667		0.0178143
0.18		0.533333		0.0236871
0.18		0.6		0.0183352
0.18		0.666667		0.0197078
0.18		0.733333		0.0146021
0.18		0.8		0.0139053
0.18		0.866667		0.0193392
0.18		0.933333		0.0138407
0.2		0		0.0265816
0.2		0.0666667		0.0233525
0.2		0.133333		0.038578
0.2		0.2		0.0269354
0.2		0.266667		0.0216542
0.2		0.333333		0.023768
0.2		0.4		0.0222893
0.2		0.466667		0.0188483
0.2		0.533333		0.0244945
0.2		0.6		0.0193978
0.2		0.666667		0.0204431
0.2		0.733333		0.0153387
0.2		0.8		0.0144777
0.2		0.866667		0.0197981
0.2		0.933333		0.0142473
0.22		0		0.0289745
0.22		0.0666667		0.0251821
0.22		0.133333		0.040718
0.22		0.2		0.0287654
0.22		0.266667		0.0229856
0.22		0.333333		0.025187
0.22		0.4		0.0232681
0.22		0.466667		0.0199903
0.22		0.533333		0.0253625
0.22		0.6		0.0205824
0.22		0.666667		0.0212452
0.22		0.733333		0.0161562
0.22		0.8		0.0151095
0.22		0.866667		0.0203104
0.22		0.933333		0.0146999
0.24		0		0.0314267
0.24		0.0666667		0.027071
0.24		0.133333		0.0429003
0.24		0.2		0.0307534
0.24		0.266667		0.0244072
0.24		0.333333		0.0266828
0.24		0.4		0.0243453
0.24		0.466667		0.0212377
0.24		0.533333		0.0262856
0.24		0.6		0.0218921
0.24		0.666667		0.0221104
0.24		0.733333		0.0170547
0.24		0.8		0.0157999
0.24		0.866667		0.0208779
0.24		0.933333		0.0151996
0.26		0		0.0338678
0.26		0.0666667		0.0289798
0.26		0.133333		0.0450874
0.26		0.2		0.0328917
0.26		0.266667		0.0259096
0.26		0.333333		0.0282423
0.26		0.4		0.0255317
0.26		0.466667		0.022588
0.26		0.533333		0.0272594
0.26		0.6		0.0233306
0.26		0.666667		0.0230349
0.26		0.733333		0.0180336
0.26		0.8		0.0165484
0.26		0.866667		0.0215025
0.26		0.933333		0.0157474
0.28		0		0.0362465
0.28		0.0666667		0.0308757
0.28		0.133333		0.0472521
0.28		0.2		0.0351703
0.28		0.266667		0.0274872
0.28		0.333333		0.0298546
0.28		0.4		0.0268579
0.28		0.466667		0.0240387
0.28		0.533333		0.0282807
0.28		0.6		0.0249029
0.28		0.666667		0.0240149
0.28		0.733333		0.0190923
0.28		0.8		0.0173547
0.28		0.866667		0.0221866
0.28		0.933333		0.0163444
0.3		0		0.0385203
0.3		0.0666667		0.0327351
0.3		0.133333		0.0493805
0.3		0.2		0.0375773
0.3		0.266667		0.0291388
0.3		0.333333		0.0315124
0.3		0.4		0.0284557
0.3		0.466667		0.0255885
0.3		0.533333		0.0293479
0.3		0.6		0.0266155
0.3		0.666667		0.025047
0.3		0.733333		0.0202298
0.3		0.8		0.0182197
0.3		0.866667		0.0229327
0.3		0.933333		0.0169921
0.32		0		0.0406538
0.32		0.0666667		0.0345438
0.32		0.133333		0.0514712
0.32		0.2		0.0400995
0.32		0.266667		0.0308672
0.32		0.333333		0.0332118
0.32		0.4		0.0308296
0.32		0.466667		0.0272378
0.32		0.533333		0.0304607
0.32		0.6		0.0284767
0.32		0.666667		0.026128
0.32		0.733333		0.0214454
0.32		0.8		0.0191468
0.32		0.866667		0.0237436
0.32		0.933333		0.0176924
0.34		0		0.0426275
0.34		0.0666667		0.036297
0.34		0.133333		0.0535335
0.34		0.2		0.0427236
0.34		0.266667		0.0326773
0.34		0.333333		0.0349527
0.34		0.4		0.0319963
0.34		0.466667		0.0289888
0.34		0.533333		0.0316199
0.34		0.6		0.030497
0.34		0.666667		0.0272558
0.34		0.733333		0.0227388
0.34		0.8		0.02013
0.34		0.866667		0.0246222
0.34		0.933333		0.0184481
0.36		0		0.044444
0.36		0.0666667		0.0384946
0.36		0.133333		0.0555845
0.36		0.2		0.045437
0.36		0.266667		0.0345755
0.36		0.333333		0.0367382
0.36		0.4		0.033058
0.36		0.466667		0.0308458
0.36		0.533333		0.0328266
0.36		0.6		0.0326897
0.36		0.666667		0.028429
0.36		0.733333		0.0241103
0.36		0.8		0.0212035
0.36		0.866667		0.025572
0.36		0.933333		0.0192637
0.38		0		0.0461672
0.38		0.0666667		0.0396549
0.38		0.133333		0.0576456
0.38		0.2		0.0482282
0.38		0.266667		0.036568
0.38		0.333333		0.0385742
0.38		0.4		0.0347568
0.38		0.466667		0.0328152
0.38		0.533333		0.0340803
0.38		0.6		0.035074
0.38		0.666667		0.0296468
0.38		0.733333		0.0255615
0.38		0.8		0.0223582
0.38		0.866667		0.0265964
0.38		0.933333		0.0201458
0.4		0		0.0443066
0.4		0.0666667		0.0453666
0.4		0.133333		0.0597437
0.4		0.2		0.0510867
0.4		0.266667		0.0386605
0.4		0.333333		0.0404692
0.4		0.4		0.0367112
0.4		0.466667		0.0349048
0.4		0.533333		0.0353747
0.4		0.6		0.0376816
0.4		0.666667		0.0309096
0.4		0.733333		0.0270952
0.4		0.8		0.0236152
0.4		0.866667		0.0276995
0.4		0.933333		0.0211044
0.42		0		0.045797
0.42		0.0666667		0.0496968
0.42		0.133333		0.0619055
0.42		0.2		0.047825
0.42		0.266667		0.0470827
0.42		0.333333		0.0424339
0.42		0.4		0.0388893
0.42		0.466667		0.0371243
0.42		0.533333		0.0366863
0.42		0.6		0.0405774
0.42		0.666667		0.0322185
0.42		0.733333		0.0287157
0.42		0.8		0.0249937
0.42		0.866667		0.0288851
0.42		0.933333		0.0221533
0.44		0		0.0477868
0.44		0.0666667		0.0484
0.44		0.133333		0.0568104
0.44		0.2		0.0579527
0.44		0.266667		0.0499403
0.44		0.333333		0.044479
0.44		0.4		0.0413566
0.44		0.466667		0.0394765
0.44		0.533333		0.0379409
0.44		0.6		0.0439094
0.44		0.666667		0.0335755
0.44		0.733333		0.0304285
0.44		0.8		0.0265143
0.44		0.866667		0.0301577
0.44		0.933333		0.0233099
0.46		0		0.0485815
0.46		0.0666667		0.0499916
0.46		0.133333		0.0585599
0.46		0.2		0.0605799
0.46		0.266667		0.0529652
0.46		0.333333		0.0466518
0.46		0.4		0.0442656
0.46		0.466667		0.0419913
0.46		0.533333		0.0390108
0.46		0.6		0.0473147
0.46		0.666667		0.0356164
0.46		0.733333		0.0322408
0.46		0.8		0.0281967
0.46		0.866667		0.0315218
0.46		0.933333		0.0245932
0.48		0		0.0499868
0.48		0.0666667		0.0516243
0.48		0.133333		0.0608787
0.48		0.2		0.0602581
0.48		0.266667		0.0581813
0.48		0.333333		0.0496877
0.48		0.4		0.0478058
0.48		0.466667		0.0452096
0.48		0.533333		0.0414533
0.48		0.6		0.0525038
0.48		0.666667		0.0373915
0.48		0.733333		0.0341587
0.48		0.8		0.030056
0.48		0.866667		0.0329824
0.48		0.933333		0.0260205
0.5		0		0.0513687
0.5		0.0666667		0.0534217
0.5		0.133333		0.0633403
0.5		0.2		0.0594307
0.5		0.266667		0.0645105
0.5		0.333333		0.0524251
0.5		0.4		0.0495342
0.5		0.466667		0.0543364
0.5		0.533333		0.0447958
0.5		0.6		0.0483892
0.5		0.666667		0.045625
0.5		0.733333		0.0361926
0.5		0.8		0.0320993
0.5		0.866667		0.0345483
0.5		0.933333		0.027602
0.52		0		0.0559368
0.52		0.0666667		0.0575089
0.52		0.133333		0.0660292
0.52		0.2		0.0617328
0.52		0.266667		0.067849
0.52		0.333333		0.0551755
0.52		0.4		0.0480046
0.52		0.466667		0.0562929
0.52		0.533333		0.0471808
0.52		0.6		0.0517422
0.52		0.666667		0.0481428
0.52		0.733333		0.0383499
0.52		0.8		0.034324
0.52		0.866667		0.0362096
0.52		0.933333		0.0293347
0.54		0		0.0544255
0.54		0.0666667		0.0628663
0.54		0.133333		0.0688865
0.54		0.2		0.0592202
0.54		0.266667		0.0771002
0.54		0.333333		0.0578534
0.54		0.4		0.0441619
0.54		0.466667		0.0642862
0.54		0.533333		0.0495685
0.54		0.6		0.0549253
0.54		0.666667		0.0508525
0.54		0.733333		0.0406394
0.54		0.8		0.0367577
0.54		0.866667		0.0380597
0.54		0.933333		0.0312002
0.56		0		0.0554939
0.56		0.0666667		0.0648804
0.56		0.133333		0.0711854
0.56		0.2		0.0583204
0.56		0.266667		0.0761977
0.56		0.333333		0.0661168
0.56		0.4		0.0462582
0.56		0.466667		0.0676527
0.56		0.533333		0.0514816
0.56		0.6		0.0531306
0.56		0.666667		0.0567558
0.56		0.733333		0.0430838
0.56		0.8		0.0393314
0.56		0.866667		0.039883
0.56		0.933333		0.0331697
0.58		0		0.0571197
0.58		0.0666667		0.0670345
0.58		0.133333		0.074523
0.58		0.2		0.0613895
0.58		0.266667		0.079365
0.58		0.333333		0.066538
0.58		0.4		0.0532541
0.58		0.466667		0.0702209
0.58		0.533333		0.0532535
0.58		0.6		0.0569803
0.58		0.666667		0.0601612
0.58		0.733333		0.0456453
0.58		0.8		0.045158
0.58		0.866667		0.0418987
0.58		0.933333		0.0354074
0.6		0		0.057926
0.6		0.0666667		0.0693209
0.6		0.133333		0.0762029
0.6		0.2		0.0691623
0.6		0.266667		0.0841771
0.6		0.333333		0.0709938
0.6		0.4		0.0558929
0.6		0.466667		0.073082
0.6		0.533333		0.0561015
0.6		0.6		0.051785
0.6		0.666667		0.0701549
0.6		0.733333		0.0483557
0.6		0.8		0.0484717
0.6		0.866667		0.0440401
0.6		0.933333		0.0305285
0.62		0		0.0636325
0.62		0.0666667		0.0724195
0.62		0.133333		0.078803
0.62		0.2		0.0748566
0.62		0.266667		0.0869247
0.62		0.333333		0.0756362
0.62		0.4		0.0535477
0.62		0.466667		0.081495
0.62		0.533333		0.0539345
0.62		0.6		0.050695
0.62		0.666667		0.0772826
0.62		0.733333		0.0529312
0.62		0.8		0.0474727
0.62		0.866667		0.0464259
0.62		0.933333		0.0307914
0.64		0		0.0603665
0.64		0.0666667		0.0737549
0.64		0.133333		0.0814545
0.64		0.2		0.0734568
0.64		0.266667		0.087962
0.64		0.333333		0.0818474
0.64		0.4		0.0543702
0.64		0.466667		0.0868216
0.64		0.533333		0.0563732
0.64		0.6		0.0539561
0.64		0.666667		0.0812919
0.64		0.733333		0.0542233
0.64		0.8		0.0501534
0.64		0.866667		0.0491359
0.64		0.933333		0.032561
0.66		0		0.0614533
0.66		0.0666667		0.0797771
0.66		0.133333		0.0841194
0.66		0.2		0.0741901
0.66		0.266667		0.0919538
0.66		0.333333		0.0860428
0.66		0.4		0.0564769
0.66		0.466667		0.086712
0.66		0.533333		0.0614857
0.66		0.6		0.05941
0.66		0.666667		0.0825131
0.66		0.733333		0.0605935
0.66		0.8		0.0529737
0.66		0.866667		0.0513125
0.66		0.933333		0.033708
0.68		0		0.0625802
0.68		0.0666667		0.0784073
0.68		0.133333		0.0863198
0.68		0.2		0.0780006
0.68		0.266667		0.0953663
0.68		0.333333		0.0892682
0.68		0.4		0.0595946
0.68		0.466667		0.0910797
0.68		0.533333		0.0637934
0.68		0.6		0.0623832
0.68		0.666667		0.090371
0.68		0.733333		0.0639482
0.68		0.8		0.0562058
0.68		0.866667		0.0538775
0.68		0.933333		0.0352728
0.7		0		0.0637049
0.7		0.0666667		0.0807616
0.7		0.133333		0.0887348
0.7		0.2		0.0817613
0.7		0.266667		0.0986216
0.7		0.333333		0.0981919
0.7		0.4		0.0624022
0.7		0.466667		0.0958287
0.7		0.533333		0.0698021
0.7		0.6		0.0649455
0.7		0.666667		0.09505
0.7		0.733333		0.0674858
0.7		0.8		0.0591348
0.7		0.866667		0.0567772
0.7		0.933333		0.0369041
0.72		0		0.0648238
0.72		0.0666667		0.0832538
0.72		0.133333		0.0911537
0.72		0.2		0.08542
0.72		0.266667		0.101735
0.72		0.333333		0.0936832
0.72		0.4		0.0663742
0.72		0.466667		0.106333
0.72		0.533333		0.0722373
0.72		0.6		0.0633968
0.72		0.666667		0.0999862
0.72		0.733333		0.0712131
0.72		0.8		0.063304
0.72		0.866667		0.0595651
0.72		0.933333		0.0386288
0.74		0		0.0659358
0.74		0.0666667		0.0829061
0.74		0.133333		0.0992723
0.74		0.2		0.0908001
0.74		0.266667		0.105223
0.74		0.333333		0.096419
0.74		0.4		0.0666007
0.74		0.466667		0.109588
0.74		0.533333		0.07572
0.74		0.6		0.0667343
0.74		0.666667		0.105206
0.74		0.733333		0.0751326
0.74		0.8		0.0665228
0.74		0.866667		0.0626128
0.74		0.933333		0.0404329
0.76		0		0.0670399
0.76		0.0666667		0.084792
0.76		0.133333		0.0998091
0.76		0.2		0.0969299
0.76		0.266667		0.109389
0.76		0.333333		0.0998006
0.76		0.4		0.0694569
0.76		0.466667		0.114633
0.76		0.533333		0.08155
0.76		0.6		0.0697362
0.76		0.666667		0.110214
0.76		0.733333		0.0792398
0.76		0.8		0.0690693
0.76		0.866667		0.0657059
0.76		0.933333		0.0423686
0.78		0		0.0681351
0.78		0.0666667		0.0873688
0.78		0.133333		0.101377
0.78		0.2		0.105603
0.78		0.266667		0.113257
0.78		0.333333		0.106557
0.78		0.4		0.0734197
0.78		0.466667		0.120206
0.78		0.533333		0.0883919
0.78		0.6		0.0733984
0.78		0.666667		0.115464
0.78		0.733333		0.0835214
0.78		0.8		0.0715979
0.78		0.866667		0.0689479
0.78		0.933333		0.0445291
0.8		0		0.0692197
0.8		0.0666667		0.0901316
0.8		0.133333		0.10449
0.8		0.2		0.105438
0.8		0.266667		0.117089
0.8		0.333333		0.110387
0.8		0.4		0.0781612
0.8		0.466667		0.126307
0.8		0.533333		0.0860617
0.8		0.6		0.0772363
0.8		0.666667		0.12114
0.8		0.733333		0.0879564
0.8		0.8		0.0791999
0.8		0.866667		0.0722874
0.8		0.933333		0.0453262
0.82		0		0.0702921
0.82		0.0666667		0.0924522
0.82		0.133333		0.104337
0.82		0.2		0.108818
0.82		0.266667		0.11982
0.82		0.333333		0.112795
0.82		0.4		0.0821895
0.82		0.466667		0.132925
0.82		0.533333		0.0891137
0.82		0.6		0.081289
0.82		0.666667		0.126698
0.82		0.733333		0.0925178
0.82		0.8		0.0775997
0.82		0.866667		0.0757148
0.82		0.933333		0.0478835
0.84		0		0.0713505
0.84		0.0666667		0.0949318
0.84		0.133333		0.107178
0.84		0.2		0.112631
0.84		0.266667		0.12227
0.84		0.333333		0.120539
0.84		0.4		0.0870672
0.84		0.466667		0.140201
0.84		0.533333		0.0932558
0.84		0.6		0.0855231
0.84		0.666667		0.132412
0.84		0.733333		0.0971763
0.84		0.8		0.081022
0.84		0.866667		0.0792204
0.84		0.933333		0.0505106
0.86		0		0.0723933
0.86		0.0666667		0.0977203
0.86		0.133333		0.109887
0.86		0.2		0.116765
0.86		0.266667		0.124968
0.86		0.333333		0.114193
0.86		0.4		0.102107
0.86		0.466667		0.147615
0.86		0.533333		0.0979693
0.86		0.6		0.0970856
0.86		0.666667		0.137462
0.86		0.733333		0.101907
0.86		0.8		0.0846184
0.86		0.866667		0.0827927
0.86		0.933333		0.0528758
0.88		0		0.0734193
0.88		0.0666667		0.100206
0.88		0.133333		0.113981
0.88		0.2		0.12085
0.88		0.266667		0.12796
0.88		0.333333		0.115472
0.88		0.4		0.10737
0.88		0.466667		0.154196
0.88		0.533333		0.104723
0.88		0.6		0.0951301
0.88		0.666667		0.142925
0.88		0.733333		0.106707
0.88		0.8		0.0880965
0.88		0.866667		0.086417
0.88		0.933333		0.0552548
0.9		0		0.0744271
0.9		0.0666667		0.102894
0.9		0.133333		0.112695
0.9		0.2		0.124739
0.9		0.266667		0.131147
0.9		0.333333		0.119439
0.9		0.4		0.112357
0.9		0.466667		0.160867
0.9		0.533333		0.105227
0.9		0.6		0.0999867
0.9		0.666667		0.148222
0.9		0.733333		0.111785
0.9		0.8		0.0915919
0.9		0.866667		0.0900726
0.9		0.933333		0.0576191
0.92		0		0.0754161
0.92		0.0666667		0.104768
0.92		0.133333		0.114795
0.92		0.2		0.129636
0.92		0.266667		0.134406
0.92		0.333333		0.124238
0.92		0.4		0.117337
0.92		0.466667		0.164492
0.92		0.533333		0.119731
0.92		0.6		0.0930987
0.92		0.666667		0.153288
0.92		0.733333		0.120933
0.92		0.8		0.0950297
0.92		0.866667		0.0937272
0.92		0.933333		0.0598944
0.94		0		0.0763855
0.94		0.0666667		0.10689
0.94		0.133333		0.117148
0.94		0.2		0.133716
0.94		0.266667		0.138029
0.94		0.333333		0.129948
0.94		0.4		0.121736
0.94		0.466667		0.168513
0.94		0.533333		0.122554
0.94		0.6		0.0974444
0.94		0.666667		0.158149
0.94		0.733333		0.120813
0.94		0.8		0.0986615
0.94		0.866667		0.0973238
0.94		0.933333		0.0620346
0.96		0		0.0773352
0.96		0.0666667		0.110607
0.96		0.133333		0.123267
0.96		0.2		0.137979
0.96		0.266667		0.141471
0.96		0.333333		0.136551
0.96		0.4		0.126228
0.96		0.466667		0.173898
0.96		0.533333		0.124846
0.96		0.6		0.101811
0.96		0.666667		0.16272
0.96		0.733333		0.125526
0.96		0.8		0.10171
0.96		0.866667		0.100758
0.96		0.933333		0.0640515
0.98		0		0.078265
0.98		0.0666667		0.111468
0.98		0.133333		0.119831
0.98		0.2		0.142105
0.98		0.266667		0.144991
0.98		0.333333		0.141824
0.98		0.4		0.130751
0.98		0.466667		0.178887
0.98		0.533333		0.127397
0.98		0.6		0.106151
0.98		0.666667		0.16703
0.98		0.733333		0.130459
0.98		0.8		0.104905
0.98		0.866667		0.104392
0.98		0.933333		0.0659638
1		0		0.079175
1		0.0666667		0.113972
1		0.133333		0.122124
1		0.2		0.146219
1		0.266667		0.148888
1		0.333333		0.143883
1		0.4		0.135154
1		0.466667		0.183954
1		0.533333		0.13055
1		0.6		0.110426
1		0.666667		0.171062
1		0.733333		0.135742
1		0.8		0.108015
1		0.866667		0.111185
1		0.933333		0.0677874
1.02		0		0.0800655
1.02		0.0666667		0.117245
1.02		0.133333		0.124521
1.02		0.2		0.150398
1.02		0.266667		0.153013
1.02		0.333333		0.145697
1.02		0.4		0.139605
1.02		0.466667		0.189156
1.02		0.533333		0.134311
1.02		0.6		0.114614
1.02		0.666667		0.174834
1.02		0.733333		0.141704
1.02		0.8		0.0961171
1.02		0.866667		0.129023
1.02		0.933333		0.0695791
1.04		0		0.080937
1.04		0.0666667		0.118625
1.04		0.133333		0.126343
1.04		0.2		0.154178
1.04		0.266667		0.155998
1.04		0.333333		0.148103
1.04		0.4		0.143962
1.04		0.466667		0.193908
1.04		0.533333		0.138559
1.04		0.6		0.118677
1.04		0.666667		0.178343
1.04		0.733333		0.149016
1.04		0.8		0.0990493
1.04		0.866667		0.132068
1.04		0.933333		0.0714121
1.06		0		0.08179
1.06		0.0666667		0.121367
1.06		0.133333		0.128438
1.06		0.2		0.158249
1.06		0.266667		0.159507
1.06		0.333333		0.147037
1.06		0.4		0.151959
1.06		0.466667		0.198792
1.06		0.533333		0.143098
1.06		0.6		0.122664
1.06		0.666667		0.181628
1.06		0.733333		0.159172
1.06		0.8		0.101919
1.06		0.866667		0.13517
1.06		0.933333		0.0733306
1.08		0		0.082625
1.08		0.0666667		0.12531
1.08		0.133333		0.130515
1.08		0.2		0.162135
1.08		0.266667		0.163051
1.08		0.333333		0.150789
1.08		0.4		0.155892
1.08		0.466667		0.203566
1.08		0.533333		0.147684
1.08		0.6		0.126577
1.08		0.666667		0.184721
1.08		0.733333		0.166847
1.08		0.8		0.10473
1.08		0.866667		0.138198
1.08		0.933333		0.0753454
1.1		0		0.0834426
1.1		0.0666667		0.12287
1.1		0.133333		0.131423
1.1		0.2		0.170963
1.1		0.266667		0.174958
1.1		0.333333		0.146005
1.1		0.4		0.159856
1.1		0.466667		0.208383
1.1		0.533333		0.152085
1.1		0.6		0.130661
1.1		0.666667		0.187631
1.1		0.733333		0.166628
1.1		0.8		0.107485
1.1		0.866667		0.14111
1.1		0.933333		0.0774493
1.12		0		0.0842427
1.12		0.0666667		0.124364
1.12		0.133333		0.131597
1.12		0.2		0.173105
1.12		0.266667		0.181437
1.12		0.333333		0.149007
1.12		0.4		0.160865
1.12		0.466667		0.21722
1.12		0.533333		0.156189
1.12		0.6		0.13449
1.12		0.666667		0.190487
1.12		0.733333		0.167678
1.12		0.8		0.110234
1.12		0.866667		0.143899
1.12		0.933333		0.0796288
1.14		0		0.0850241
1.14		0.0666667		0.125926
1.14		0.133333		0.134349
1.14		0.2		0.176334
1.14		0.266667		0.187641
1.14		0.333333		0.151897
1.14		0.4		0.164008
1.14		0.466667		0.219882
1.14		0.533333		0.160041
1.14		0.6		0.138679
1.14		0.666667		0.193292
1.14		0.733333		0.169919
1.14		0.8		0.112843
1.14		0.866667		0.146572
1.14		0.933333		0.081869
1.16		0		0.0857867
1.16		0.0666667		0.127167
1.16		0.133333		0.137891
1.16		0.2		0.178352
1.16		0.266667		0.186424
1.16		0.333333		0.15485
1.16		0.4		0.16674
1.16		0.466667		0.224277
1.16		0.533333		0.163793
1.16		0.6		0.142639
1.16		0.666667		0.196062
1.16		0.733333		0.172816
1.16		0.8		0.115463
1.16		0.866667		0.149144
1.16		0.933333		0.0841559
1.18		0		0.0866185
1.18		0.0666667		0.128078
1.18		0.133333		0.137797
1.18		0.2		0.179884
1.18		0.266667		0.190109
1.18		0.333333		0.157602
1.18		0.4		0.16735
1.18		0.466667		0.228101
1.18		0.533333		0.167669
1.18		0.6		0.146725
1.18		0.666667		0.198796
1.18		0.733333		0.176198
1.18		0.8		0.118068
1.18		0.866667		0.151632
1.18		0.933333		0.086476
1.2		0		0.0902859
1.2		0.0666667		0.13143
1.2		0.133333		0.139856
1.2		0.2		0.182089
1.2		0.266667		0.194704
1.2		0.333333		0.160052
1.2		0.4		0.172563
1.2		0.466667		0.2317
1.2		0.533333		0.172306
1.2		0.6		0.150156
1.2		0.666667		0.20146
1.2		0.733333		0.179645
1.2		0.8		0.120719
1.2		0.866667		0.154048
1.2		0.933333		0.088816
1.22		0		0.0909124
1.22		0.0666667		0.128098
1.22		0.133333		0.150945
1.22		0.2		0.175503
1.22		0.266667		0.197977
1.22		0.333333		0.162493
1.22		0.4		0.175364
1.22		0.466667		0.224489
1.22		0.533333		0.185585
1.22		0.6		0.155003
1.22		0.666667		0.203879
1.22		0.733333		0.183467
1.22		0.8		0.123506
1.22		0.866667		0.156404
1.22		0.933333		0.091163
1.24		0		0.0916797
1.24		0.0666667		0.128571
1.24		0.133333		0.145557
1.24		0.2		0.186277
1.24		0.266667		0.203445
1.24		0.333333		0.164804
1.24		0.4		0.178261
1.24		0.466667		0.224924
1.24		0.533333		0.189764
1.24		0.6		0.158468
1.24		0.666667		0.206249
1.24		0.733333		0.187372
1.24		0.8		0.126011
1.24		0.866667		0.158707
1.24		0.933333		0.0935041
1.26		0		0.0925911
1.26		0.0666667		0.12963
1.26		0.133333		0.148743
1.26		0.2		0.188559
1.26		0.266667		0.203356
1.26		0.333333		0.167231
1.26		0.4		0.181617
1.26		0.466667		0.225519
1.26		0.533333		0.193433
1.26		0.6		0.157947
1.26		0.666667		0.212312
1.26		0.733333		0.191314
1.26		0.8		0.128059
1.26		0.866667		0.160958
1.26		0.933333		0.0958267
1.28		0		0.093548
1.28		0.0666667		0.130726
1.28		0.133333		0.150642
1.28		0.2		0.187233
1.28		0.266667		0.200033
1.28		0.333333		0.174453
1.28		0.4		0.184287
1.28		0.466667		0.230944
1.28		0.533333		0.180716
1.28		0.6		0.176175
1.28		0.666667		0.214046
1.28		0.733333		0.195237
1.28		0.8		0.1302
1.28		0.866667		0.163154
1.28		0.933333		0.0981189
1.3		0		0.0945277
1.3		0.0666667		0.132917
1.3		0.133333		0.15087
1.3		0.2		0.186938
1.3		0.266667		0.202584
1.3		0.333333		0.177495
1.3		0.4		0.185131
1.3		0.466667		0.23123
1.3		0.533333		0.184546
1.3		0.6		0.179411
1.3		0.666667		0.215532
1.3		0.733333		0.199093
1.3		0.8		0.132417
1.3		0.866667		0.165289
1.3		0.933333		0.100369
1.32		0		0.0955231
1.32		0.0666667		0.13193
1.32		0.133333		0.15001
1.32		0.2		0.187168
1.32		0.266667		0.211865
1.32		0.333333		0.18939
1.32		0.4		0.18631
1.32		0.466667		0.231936
1.32		0.533333		0.194237
1.32		0.6		0.182303
1.32		0.666667		0.216775
1.32		0.733333		0.202822
1.32		0.8		0.13468
1.32		0.866667		0.167348
1.32		0.933333		0.102568
1.34		0		0.0965312
1.34		0.0666667		0.13198
1.34		0.133333		0.151899
1.34		0.2		0.187669
1.34		0.266667		0.20999
1.34		0.333333		0.1825
1.34		0.4		0.187825
1.34		0.466667		0.233985
1.34		0.533333		0.204838
1.34		0.6		0.186085
1.34		0.666667		0.217705
1.34		0.733333		0.205314
1.34		0.8		0.137406
1.34		0.866667		0.169348
1.34		0.933333		0.104707
1.36		0		0.0975503
1.36		0.0666667		0.131721
1.36		0.133333		0.153174
1.36		0.2		0.188408
1.36		0.266667		0.212199
1.36		0.333333		0.183673
1.36		0.4		0.189265
1.36		0.466667		0.236142
1.36		0.533333		0.201089
1.36		0.6		0.186528
1.36		0.666667		0.218883
1.36		0.733333		0.196573
1.36		0.8		0.153827
1.36		0.866667		0.172064
1.36		0.933333		0.106778
1.38		0		0.0985792
1.38		0.0666667		0.130804
1.38		0.133333		0.15164
1.38		0.2		0.190147
1.38		0.266667		0.214474
1.38		0.333333		0.191272
1.38		0.4		0.182782
1.38		0.466667		0.236921
1.38		0.533333		0.20662
1.38		0.6		0.188846
1.38		0.666667		0.219451
1.38		0.733333		0.20018
1.38		0.8		0.155733
1.38		0.866667		0.173045
1.38		0.933333		0.108778
1.4		0		0.0996162
1.4		0.0666667		0.129689
1.4		0.133333		0.151497
1.4		0.2		0.190541
1.4		0.266667		0.216477
1.4		0.333333		0.194278
1.4		0.4		0.183059
1.4		0.466667		0.23908
1.4		0.533333		0.209666
1.4		0.6		0.190993
1.4		0.666667		0.221526
1.4		0.733333		0.202956
1.4		0.8		0.157721
1.4		0.866667		0.174691
1.4		0.933333		0.110701
1.42		0		0.10066
1.42		0.0666667		0.128725
1.42		0.133333		0.151503
1.42		0.2		0.192655
1.42		0.266667		0.218262
1.42		0.333333		0.195946
1.42		0.4		0.183229
1.42		0.466667		0.239561
1.42		0.533333		0.21458
1.42		0.6		0.192849
1.42		0.666667		0.22079
1.42		0.733333		0.205061
1.42		0.8		0.159597
1.42		0.866667		0.176221
1.42		0.933333		0.112524
1.44		0		0.101707
1.44		0.0666667		0.127912
1.44		0.133333		0.151625
1.44		0.2		0.194974
1.44		0.266667		0.220173
1.44		0.333333		0.194909
1.44		0.4		0.181387
1.44		0.466667		0.234072
1.44		0.533333		0.218644
1.44		0.6		0.194519
1.44		0.666667		0.221257
1.44		0.733333		0.206853
1.44		0.8		0.161325
1.44		0.866667		0.169187
1.44		0.933333		0.122856
1.46		0		0.102757
1.46		0.0666667		0.127202
1.46		0.133333		0.151954
1.46		0.2		0.195958
1.46		0.266667		0.222415
1.46		0.333333		0.194795
1.46		0.4		0.181397
1.46		0.466667		0.236303
1.46		0.533333		0.219855
1.46		0.6		0.195985
1.46		0.666667		0.221992
1.46		0.733333		0.208493
1.46		0.8		0.162899
1.46		0.866667		0.170628
1.46		0.933333		0.124304
1.48		0		0.103807
1.48		0.0666667		0.126577
1.48		0.133333		0.152377
1.48		0.2		0.197093
1.48		0.266667		0.225743
1.48		0.333333		0.197454
1.48		0.4		0.181758
1.48		0.466667		0.234431
1.48		0.533333		0.224498
1.48		0.6		0.197253
1.48		0.666667		0.226451
1.48		0.733333		0.214969
1.48		0.8		0.164321
1.48		0.866667		0.171825
1.48		0.933333		0.1257
1.5		0		0.104855
1.5		0.0666667		0.126031
1.5		0.133333		0.152957
1.5		0.2		0.195734
1.5		0.266667		0.228925
1.5		0.333333		0.194934
1.5		0.4		0.181495
1.5		0.466667		0.238226
1.5		0.533333		0.231842
1.5		0.6		0.19837
1.5		0.666667		0.221061
1.5		0.733333		0.21691
1.5		0.8		0.165603
1.5		0.866667		0.172802
1.5		0.933333		0.127049
1.52		0		0.105898
1.52		0.0666667		0.125554
1.52		0.133333		0.153725
1.52		0.2		0.19313
1.52		0.266667		0.230654
1.52		0.333333		0.195316
1.52		0.4		0.181567
1.52		0.466667		0.244371
1.52		0.533333		0.230111
1.52		0.6		0.200292
1.52		0.666667		0.217449
1.52		0.733333		0.218031
1.52		0.8		0.166757
1.52		0.866667		0.173481
1.52		0.933333		0.128349
1.54		0		0.106936
1.54		0.0666667		0.125133
1.54		0.133333		0.155096
1.54		0.2		0.190365
1.54		0.266667		0.23117
1.54		0.333333		0.195516
1.54		0.4		0.181647
1.54		0.466667		0.243196
1.54		0.533333		0.218401
1.54		0.6		0.209475
1.54		0.666667		0.217849
1.54		0.733333		0.21901
1.54		0.8		0.167804
1.54		0.866667		0.17382
1.54		0.933333		0.1296
1.56		0		0.107968
1.56		0.0666667		0.124758
1.56		0.133333		0.161939
1.56		0.2		0.1929
1.56		0.266667		0.230597
1.56		0.333333		0.197126
1.56		0.4		0.181736
1.56		0.466667		0.241817
1.56		0.533333		0.216018
1.56		0.6		0.208188
1.56		0.666667		0.219278
1.56		0.733333		0.219344
1.56		0.8		0.168833
1.56		0.866667		0.173941
1.56		0.933333		0.130799
1.58		0		0.108995
1.58		0.0666667		0.12451
1.58		0.133333		0.159344
1.58		0.2		0.184753
1.58		0.266667		0.229139
1.58		0.333333		0.198251
1.58		0.4		0.18185
1.58		0.466667		0.23986
1.58		0.533333		0.216201
1.58		0.6		0.20443
1.58		0.666667		0.224354
1.58		0.733333		0.21666
1.58		0.8		0.171842
1.58		0.866667		0.173036
1.58		0.933333		0.13194
1.6		0		0.11002
1.6		0.0666667		0.124173
1.6		0.133333		0.157956
1.6		0.2		0.181852
1.6		0.266667		0.227018
1.6		0.333333		0.199679
1.6		0.4		0.182023
1.6		0.466667		0.238147
1.6		0.533333		0.216649
1.6		0.6		0.204989
1.6		0.666667		0.220197
1.6		0.733333		0.217211
1.6		0.8		0.170022
1.6		0.866667		0.173355
1.6		0.933333		0.133016
1.62		0		0.111051
1.62		0.0666667		0.123945
1.62		0.133333		0.157771
1.62		0.2		0.178881
1.62		0.266667		0.224172
1.62		0.333333		0.202045
1.62		0.4		0.182189
1.62		0.466667		0.236566
1.62		0.533333		0.213868
1.62		0.6		0.205695
1.62		0.666667		0.220552
1.62		0.733333		0.222747
1.62		0.8		0.17062
1.62		0.866667		0.174064
1.62		0.933333		0.134016
1.64		0		0.112094
1.64		0.0666667		0.123799
1.64		0.133333		0.157795
1.64		0.2		0.175771
1.64		0.266667		0.220509
1.64		0.333333		0.204377
1.64		0.4		0.18244
1.64		0.466667		0.234904
1.64		0.533333		0.216017
1.64		0.6		0.205977
1.64		0.666667		0.221691
1.64		0.733333		0.224879
1.64		0.8		0.171174
1.64		0.866667		0.174862
1.64		0.933333		0.134935
1.66		0		0.113165
1.66		0.0666667		0.12373
1.66		0.133333		0.16083
1.66		0.2		0.172548
1.66		0.266667		0.216562
1.66		0.333333		0.207041
1.66		0.4		0.182791
1.66		0.466667		0.233057
1.66		0.533333		0.217368
1.66		0.6		0.20724
1.66		0.666667		0.223872
1.66		0.733333		0.224411
1.66		0.8		0.17168
1.66		0.866667		0.175682
1.66		0.933333		0.135783
1.68		0		0.114279
1.68		0.0666667		0.123737
1.68		0.133333		0.156276
1.68		0.2		0.169579
1.68		0.266667		0.213058
1.68		0.333333		0.206326
1.68		0.4		0.183146
1.68		0.466667		0.231436
1.68		0.533333		0.219487
1.68		0.6		0.19936
1.68		0.666667		0.224337
1.68		0.733333		0.225095
1.68		0.8		0.172167
1.68		0.866667		0.176381
1.68		0.933333		0.136651
1.7		0		0.115453
1.7		0.0666667		0.123819
1.7		0.133333		0.158659
1.7		0.2		0.166413
1.7		0.266667		0.210174
1.7		0.333333		0.204312
1.7		0.4		0.183364
1.7		0.466667		0.230804
1.7		0.533333		0.217826
1.7		0.6		0.199331
1.7		0.666667		0.221154
1.7		0.733333		0.223953
1.7		0.8		0.172675
1.7		0.866667		0.17832
1.7		0.933333		0.138444
1.72		0		0.116706
1.72		0.0666667		0.123977
1.72		0.133333		0.160864
1.72		0.2		0.163784
1.72		0.266667		0.207759
1.72		0.333333		0.201591
1.72		0.4		0.183264
1.72		0.466667		0.231283
1.72		0.533333		0.221419
1.72		0.6		0.198039
1.72		0.666667		0.218786
1.72		0.733333		0.222149
1.72		0.8		0.173257
1.72		0.866667		0.180418
1.72		0.933333		0.141385
1.74		0		0.118048
1.74		0.0666667		0.124217
1.74		0.133333		0.158899
1.74		0.2		0.161615
1.74		0.266667		0.205763
1.74		0.333333		0.198513
1.74		0.4		0.182634
1.74		0.466667		0.232517
1.74		0.533333		0.217707
1.74		0.6		0.197649
1.74		0.666667		0.217614
1.74		0.733333		0.22705
1.74		0.8		0.174011
1.74		0.866667		0.179101
1.74		0.933333		0.137735
1.76		0		0.119479
1.76		0.0666667		0.124549
1.76		0.133333		0.157707
1.76		0.2		0.159892
1.76		0.266667		0.20439
1.76		0.333333		0.195376
1.76		0.4		0.181515
1.76		0.466667		0.233826
1.76		0.533333		0.217165
1.76		0.6		0.197461
1.76		0.666667		0.216932
1.76		0.733333		0.223799
1.76		0.8		0.175297
1.76		0.866667		0.178914
1.76		0.933333		0.13768
1.78		0		0.120987
1.78		0.0666667		0.124996
1.78		0.133333		0.16418
1.78		0.2		0.158562
1.78		0.266667		0.204019
1.78		0.333333		0.192821
1.78		0.4		0.179961
1.78		0.466667		0.23506
1.78		0.533333		0.217872
1.78		0.6		0.196768
1.78		0.666667		0.216376
1.78		0.733333		0.219345
1.78		0.8		0.178606
1.78		0.866667		0.178656
1.78		0.933333		0.136847
1.8		0		0.122548
1.8		0.0666667		0.125587
1.8		0.133333		0.159157
1.8		0.2		0.15757
1.8		0.266667		0.204986
1.8		0.333333		0.192168
1.8		0.4		0.178114
1.8		0.466667		0.237331
1.8		0.533333		0.217929
1.8		0.6		0.195076
1.8		0.666667		0.219342
1.8		0.733333		0.218538
1.8		0.8		0.180432
1.8		0.866667		0.17613
1.8		0.933333		0.138619
1.82		0		0.124133
1.82		0.0666667		0.12635
1.82		0.133333		0.156866
1.82		0.2		0.156876
1.82		0.266667		0.206931
1.82		0.333333		0.202523
1.82		0.4		0.164289
1.82		0.466667		0.242758
1.82		0.533333		0.217872
1.82		0.6		0.193965
1.82		0.666667		0.218531
1.82		0.733333		0.217689
1.82		0.8		0.181033
1.82		0.866667		0.175668
1.82		0.933333		0.138358
1.84		0		0.125719
1.84		0.0666667		0.12729
1.84		0.133333		0.156673
1.84		0.2		0.156473
1.84		0.266667		0.207502
1.84		0.333333		0.194797
1.84		0.4		0.162592
1.84		0.466667		0.251557
1.84		0.533333		0.217856
1.84		0.6		0.193436
1.84		0.666667		0.218156
1.84		0.733333		0.216724
1.84		0.8		0.181257
1.84		0.866667		0.178151
1.84		0.933333		0.138368
1.86		0		0.127289
1.86		0.0666667		0.128387
1.86		0.133333		0.157347
1.86		0.2		0.156431
1.86		0.266667		0.203951
1.86		0.333333		0.189461
1.86		0.4		0.160794
1.86		0.466667		0.241292
1.86		0.533333		0.219256
1.86		0.6		0.18916
1.86		0.666667		0.217788
1.86		0.733333		0.215894
1.86		0.8		0.181047
1.86		0.866667		0.176746
1.86		0.933333		0.138482
1.88		0		0.128831
1.88		0.0666667		0.129607
1.88		0.133333		0.158759
1.88		0.2		0.157354
1.88		0.266667		0.198138
1.88		0.333333		0.187049
1.88		0.4		0.15877
1.88		0.466667		0.235671
1.88		0.533333		0.221793
1.88		0.6		0.183958
1.88		0.666667		0.217405
1.88		0.733333		0.215878
1.88		0.8		0.180307
1.88		0.866667		0.180336
1.88		0.933333		0.138681
1.9		0		0.130339
1.9		0.0666667		0.130922
1.9		0.133333		0.160706
1.9		0.2		0.152437
1.9		0.266667		0.193244
1.9		0.333333		0.188776
1.9		0.4		0.156355
1.9		0.466667		0.231763
1.9		0.533333		0.217686
1.9		0.6		0.180228
1.9		0.666667		0.217021
1.9		0.733333		0.217776
1.9		0.8		0.179019
1.9		0.866667		0.183411
1.9		0.933333		0.13897
1.92		0		0.131807
1.92		0.0666667		0.132315
1.92		0.133333		0.162851
1.92		0.2		0.154955
1.92		0.266667		0.189992
1.92		0.333333		0.188652
1.92		0.4		0.153534
1.92		0.466667		0.229492
1.92		0.533333		0.217648
1.92		0.6		0.177125
1.92		0.666667		0.216658
1.92		0.733333		0.216495
1.92		0.8		0.177259
1.92		0.866667		0.185695
1.92		0.933333		0.139356
1.94		0		0.133231
1.94		0.0666667		0.133773
1.94		0.133333		0.164939
1.94		0.2		0.155769
1.94		0.266667		0.188033
1.94		0.333333		0.185676
1.94		0.4		0.150683
1.94		0.466667		0.228454
1.94		0.533333		0.221469
1.94		0.6		0.17414
1.94		0.666667		0.216343
1.94		0.733333		0.213933
1.94		0.8		0.175162
1.94		0.866667		0.183062
1.94		0.933333		0.139832
1.96		0		0.134607
1.96		0.0666667		0.135289
1.96		0.133333		0.166888
1.96		0.2		0.156509
1.96		0.266667		0.187099
1.96		0.333333		0.186111
1.96		0.4		0.148293
1.96		0.466667		0.227996
1.96		0.533333		0.222371
1.96		0.6		0.171151
1.96		0.666667		0.216101
1.96		0.733333		0.216923
1.96		0.8		0.172879
1.96		0.866667		0.179527
1.96		0.933333		0.140378
1.98		0		0.135936
1.98		0.0666667		0.136862
1.98		0.133333		0.168728
1.98		0.2		0.157327
1.98		0.266667		0.187984
1.98		0.333333		0.188481
1.98		0.4		0.146545
1.98		0.466667		0.227212
1.98		0.533333		0.226873
1.98		0.6		0.168215
1.98		0.666667		0.215964
1.98		0.733333		0.213595
1.98		0.8		0.170543
1.98		0.866667		0.176947
1.98		0.933333		0.140954
2		0		0.137217
2		0.0666667		0.138493
2		0.133333		0.170521
2		0.2		0.158252
2		0.266667		0.183651
2		0.333333		0.191885
2		0.4		0.14535
2		0.466667		0.225727
2		0.533333		0.227124
2		0.6		0.165438
2		0.666667		0.216002
2		0.733333		0.210829
2		0.8		0.168265
2		0.866667		0.175314
2		0.933333		0.141505
2.02		0		0.138454
2.02		0.0666667		0.140185
2.02		0.133333		0.172323
2.02		0.2		0.159289
2.02		0.266667		0.184192
2.02		0.333333		0.195805
2.02		0.4		0.144605
2.02		0.466667		0.224366
2.02		0.533333		0.225789
2.02		0.6		0.162894
2.02		0.666667		0.216503
2.02		0.733333		0.209776
2.02		0.8		0.166129
2.02		0.866667		0.175501
2.02		0.933333		0.141971
2.04		0		0.139651
2.04		0.0666667		0.141944
2.04		0.133333		0.174172
2.04		0.2		0.160431
2.04		0.266667		0.184823
2.04		0.333333		0.200214
2.04		0.4		0.144196
2.04		0.466667		0.223425
2.04		0.533333		0.231679
2.04		0.6		0.160611
2.04		0.666667		0.219347
2.04		0.733333		0.20963
2.04		0.8		0.164202
2.04		0.866667		0.177229
2.04		0.933333		0.142301
2.06		0		0.140812
2.06		0.0666667		0.143772
2.06		0.133333		0.176084
2.06		0.2		0.16167
2.06		0.266667		0.185703
2.06		0.333333		0.20528
2.06		0.4		0.144049
2.06		0.466667		0.222771
2.06		0.533333		0.226379
2.06		0.6		0.158583
2.06		0.666667		0.228193
2.06		0.733333		0.21007
2.06		0.8		0.162531
2.06		0.866667		0.178996
2.06		0.933333		0.142459
2.08		0		0.141942
2.08		0.0666667		0.14567
2.08		0.133333		0.178055
2.08		0.2		0.162997
2.08		0.266667		0.187279
2.08		0.333333		0.21064
2.08		0.4		0.144108
2.08		0.466667		0.222455
2.08		0.533333		0.222808
2.08		0.6		0.156794
2.08		0.666667		0.220658
2.08		0.733333		0.210925
2.08		0.8		0.161141
2.08		0.866667		0.18059
2.08		0.933333		0.142444
2.1		0		0.143045
2.1		0.0666667		0.147631
2.1		0.133333		0.18006
2.1		0.2		0.1644
2.1		0.266667		0.19083
2.1		0.333333		0.214189
2.1		0.4		0.144333
2.1		0.466667		0.222719
2.1		0.533333		0.221764
2.1		0.6		0.155236
2.1		0.666667		0.218066
2.1		0.733333		0.212044
2.1		0.8		0.160041
2.1		0.866667		0.181504
2.1		0.933333		0.142312
2.12		0		0.144128
2.12		0.0666667		0.149642
2.12		0.133333		0.182061
2.12		0.2		0.165868
2.12		0.266667		0.196519
2.12		0.333333		0.210897
2.12		0.4		0.144697
2.12		0.466667		0.224503
2.12		0.533333		0.221325
2.12		0.6		0.153907
2.12		0.666667		0.217236
2.12		0.733333		0.213256
2.12		0.8		0.159227
2.12		0.866667		0.182295
2.12		0.933333		0.142235
2.14		0		0.145192
2.14		0.0666667		0.151676
2.14		0.133333		0.184013
2.14		0.2		0.167389
2.14		0.266667		0.198702
2.14		0.333333		0.205186
2.14		0.4		0.145163
2.14		0.466667		0.227616
2.14		0.533333		0.22174
2.14		0.6		0.152815
2.14		0.666667		0.216827
2.14		0.733333		0.214369
2.14		0.8		0.158687
2.14		0.866667		0.183547
2.14		0.933333		0.142663
2.16		0		0.146242
2.16		0.0666667		0.153693
2.16		0.133333		0.185877
2.16		0.2		0.168951
2.16		0.266667		0.200422
2.16		0.333333		0.201379
2.16		0.4		0.145722
2.16		0.466667		0.225156
2.16		0.533333		0.223105
2.16		0.6		0.151969
2.16		0.666667		0.216537
2.16		0.733333		0.215188
2.16		0.8		0.158413
2.16		0.866667		0.184595
2.16		0.933333		0.144852
2.18		0		0.14728
2.18		0.0666667		0.155648
2.18		0.133333		0.187624
2.18		0.2		0.17054
2.18		0.266667		0.202937
2.18		0.333333		0.19896
2.18		0.4		0.146355
2.18		0.466667		0.225214
2.18		0.533333		0.225319
2.18		0.6		0.151375
2.18		0.666667		0.216307
2.18		0.733333		0.215577
2.18		0.8		0.158411
2.18		0.866667		0.182037
2.18		0.933333		0.148742
2.2		0		0.148309
2.2		0.0666667		0.157491
2.2		0.133333		0.189233
2.2		0.2		0.172139
2.2		0.266667		0.20476
2.2		0.333333		0.197554
2.2		0.4		0.147047
2.2		0.466667		0.224827
2.2		0.533333		0.228318
2.2		0.6		0.151045
2.2		0.666667		0.216241
2.2		0.733333		0.215538
2.2		0.8		0.158709
2.2		0.866667		0.181476
2.2		0.933333		0.143108
2.22		0		0.14933
2.22		0.0666667		0.159188
2.22		0.133333		0.190694
2.22		0.2		0.173727
2.22		0.266667		0.204058
2.22		0.333333		0.196948
2.22		0.4		0.147785
2.22		0.466667		0.224452
2.22		0.533333		0.232085
2.22		0.6		0.151003
2.22		0.666667		0.216694
2.22		0.733333		0.215268
2.22		0.8		0.159377
2.22		0.866667		0.180835
2.22		0.933333		0.138704
2.24		0		0.150344
2.24		0.0666667		0.160718
2.24		0.133333		0.192004
2.24		0.2		0.175279
2.24		0.266667		0.198072
2.24		0.333333		0.197107
2.24		0.4		0.148558
2.24		0.466667		0.224378
2.24		0.533333		0.236696
2.24		0.6		0.151298
2.24		0.666667		0.218505
2.24		0.733333		0.215118
2.24		0.8		0.160552
2.24		0.866667		0.18026
2.24		0.933333		0.13723
2.26		0		0.151354
2.26		0.0666667		0.162087
2.26		0.133333		0.193175
2.26		0.2		0.176762
2.26		0.266667		0.196553
2.26		0.333333		0.199439
2.26		0.4		0.149357
2.26		0.466667		0.224618
2.26		0.533333		0.241744
2.26		0.6		0.152027
2.26		0.666667		0.223153
2.26		0.733333		0.215533
2.26		0.8		0.162416
2.26		0.866667		0.180066
2.26		0.933333		0.136841
2.28		0		0.152359
2.28		0.0666667		0.163314
2.28		0.133333		0.194272
2.28		0.2		0.178133
2.28		0.266667		0.19597
2.28		0.333333		0.203796
2.28		0.4		0.150172
2.28		0.466667		0.225177
2.28		0.533333		0.246316
2.28		0.6		0.153371
2.28		0.666667		0.230118
2.28		0.733333		0.217029
2.28		0.8		0.164917
2.28		0.866667		0.180848
2.28		0.933333		0.136993
2.3		0		0.153359
2.3		0.0666667		0.164432
2.3		0.133333		0.195639
2.3		0.2		0.179344
2.3		0.266667		0.195788
2.3		0.333333		0.20424
2.3		0.4		0.150997
2.3		0.466667		0.226926
2.3		0.533333		0.244234
2.3		0.6		0.155657
2.3		0.666667		0.229618
2.3		0.733333		0.219485
2.3		0.8		0.166858
2.3		0.866667		0.183844
2.3		0.933333		0.137523
2.32		0		0.154356
2.32		0.0666667		0.165475
2.32		0.133333		0.201997
2.32		0.2		0.180348
2.32		0.266667		0.195682
2.32		0.333333		0.207788
2.32		0.4		0.151824
2.32		0.466667		0.239788
2.32		0.533333		0.237959
2.32		0.6		0.15947
2.32		0.666667		0.220772
2.32		0.733333		0.219616
2.32		0.8		0.166109
2.32		0.866667		0.188786
2.32		0.933333		0.138391
2.34		0		0.15535
2.34		0.0666667		0.166478
2.34		0.133333		0.197692
2.34		0.2		0.181119
2.34		0.266667		0.195541
2.34		0.333333		0.210344
2.34		0.4		0.152647
2.34		0.466667		0.23612
2.34		0.533333		0.235488
2.34		0.6		0.164808
2.34		0.666667		0.213421
2.34		0.733333		0.216492
2.34		0.8		0.16325
2.34		0.866667		0.187113
2.34		0.933333		0.139631
2.36		0		0.15634
2.36		0.0666667		0.167485
2.36		0.133333		0.197136
2.36		0.2		0.181676
2.36		0.266667		0.19537
2.36		0.333333		0.209136
2.36		0.4		0.153451
2.36		0.466667		0.228537
2.36		0.533333		0.235711
2.36		0.6		0.1657
2.36		0.666667		0.209105
2.36		0.733333		0.213682
2.36		0.8		0.160914
2.36		0.866667		0.18359
2.36		0.933333		0.141361
2.38		0		0.157326
2.38		0.0666667		0.168607
2.38		0.133333		0.198109
2.38		0.2		0.182094
2.38		0.266667		0.195218
2.38		0.333333		0.206512
2.38		0.4		0.154239
2.38		0.466667		0.227845
2.38		0.533333		0.238932
2.38		0.6		0.162082
2.38		0.666667		0.206789
2.38		0.733333		0.211879
2.38		0.8		0.15968
2.38		0.866667		0.179809
2.38		0.933333		0.143758
2.4		0		0.158309
2.4		0.0666667		0.168619
2.4		0.133333		0.206141
2.4		0.2		0.182479
2.4		0.266667		0.195126
2.4		0.333333		0.204674
2.4		0.4		0.154999
2.4		0.466667		0.229002
2.4		0.533333		0.24176
2.4		0.6		0.159828
2.4		0.666667		0.205762
2.4		0.733333		0.210832
2.4		0.8		0.159165
2.4		0.866667		0.176742
2.4		0.933333		0.146789
2.42		0		0.159289
2.42		0.0666667		0.170259
2.42		0.133333		0.199358
2.42		0.2		0.182925
2.42		0.266667		0.195118
2.42		0.333333		0.203778
2.42		0.4		0.155724
2.42		0.466667		0.226498
2.42		0.533333		0.240187
2.42		0.6		0.158671
2.42		0.666667		0.205658
2.42		0.733333		0.210431
2.42		0.8		0.159051
2.42		0.866667		0.175062
2.42		0.933333		0.149711
2.44		0		0.160265
2.44		0.0666667		0.171492
2.44		0.133333		0.199963
2.44		0.2		0.183478
2.44		0.266667		0.195199
2.44		0.333333		0.203517
2.44		0.4		0.156405
2.44		0.466667		0.223281
2.44		0.533333		0.238502
2.44		0.6		0.158018
2.44		0.666667		0.20624
2.44		0.733333		0.21064
2.44		0.8		0.159169
2.44		0.866667		0.175039
2.44		0.933333		0.151682
2.46		0		0.161237
2.46		0.0666667		0.17281
2.46		0.133333		0.200854
2.46		0.2		0.184135
2.46		0.266667		0.195366
2.46		0.333333		0.203659
2.46		0.4		0.157035
2.46		0.466667		0.221823
2.46		0.533333		0.239236
2.46		0.6		0.157635
2.46		0.666667		0.207208
2.46		0.733333		0.211372
2.46		0.8		0.15943
2.46		0.866667		0.176346
2.46		0.933333		0.15287
2.48		0		0.162204
2.48		0.0666667		0.174274
2.48		0.133333		0.201736
2.48		0.2		0.184869
2.48		0.266667		0.195611
2.48		0.333333		0.204074
2.48		0.4		0.157608
2.48		0.466667		0.221396
2.48		0.533333		0.24159
2.48		0.6		0.157422
2.48		0.666667		0.208038
2.48		0.733333		0.212375
2.48		0.8		0.15979
2.48		0.866667		0.178148
2.48		0.933333		0.153801
2.5		0		0.163168
2.5		0.0666667		0.175876
2.5		0.133333		0.202397
2.5		0.2		0.185644
2.5		0.266667		0.195929
2.5		0.333333		0.204697
2.5		0.4		0.158121
2.5		0.466667		0.221623
2.5		0.533333		0.244676
2.5		0.6		0.157324
2.5		0.666667		0.207966
2.5		0.733333		0.213191
2.5		0.8		0.160223
2.5		0.866667		0.179615
2.5		0.933333		0.15474
2.52		0		0.164127
2.52		0.0666667		0.17752
2.52		0.133333		0.202646
2.52		0.2		0.18643
2.52		0.266667		0.196314
2.52		0.333333		0.205495
2.52		0.4		0.158578
2.52		0.466667		0.222547
2.52		0.533333		0.247614
2.52		0.6		0.15731
2.52		0.666667		0.206434
2.52		0.733333		0.213414
2.52		0.8		0.160716
2.52		0.866667		0.180544
2.52		0.933333		0.155755
2.54		0		0.165081
2.54		0.0666667		0.179012
2.54		0.133333		0.202479
2.54		0.2		0.187204
2.54		0.266667		0.196762
2.54		0.333333		0.206435
2.54		0.4		0.158992
2.54		0.466667		0.22561
2.54		0.533333		0.249801
2.54		0.6		0.157356
2.54		0.666667		0.203683
2.54		0.733333		0.213122
2.54		0.8		0.161262
2.54		0.866667		0.181314
2.54		0.933333		0.156841
2.56		0		0.16603
2.56		0.0666667		0.180172
2.56		0.133333		0.202159
2.56		0.2		0.187953
2.56		0.266667		0.197272
2.56		0.333333		0.207418
2.56		0.4		0.159382
2.56		0.466667		0.236964
2.56		0.533333		0.251039
2.56		0.6		0.157448
2.56		0.666667		0.200618
2.56		0.733333		0.212814
2.56		0.8		0.161855
2.56		0.866667		0.182377
2.56		0.933333		0.157982
2.58		0		0.166975
2.58		0.0666667		0.180983
2.58		0.133333		0.202025
2.58		0.2		0.188667
2.58		0.266667		0.197845
2.58		0.333333		0.208231
2.58		0.4		0.159768
2.58		0.466667		0.225472
2.58		0.533333		0.251054
2.58		0.6		0.157575
2.58		0.666667		0.198072
2.58		0.733333		0.213019
2.58		0.8		0.162492
2.58		0.866667		0.183975
2.58		0.933333		0.159159
2.6		0		0.167914
2.6		0.0666667		0.181565
2.6		0.133333		0.202282
2.6		0.2		0.189344
2.6		0.266667		0.198484
2.6		0.333333		0.208688
2.6		0.4		0.160167
2.6		0.466667		0.223897
2.6		0.533333		0.249869
2.6		0.6		0.157726
2.6		0.666667		0.196511
2.6		0.733333		0.214212
2.6		0.8		0.163171
2.6		0.866667		0.185994
2.6		0.933333		0.160358
2.62		0		0.168848
2.62		0.0666667		0.182054
2.62		0.133333		0.202911
2.62		0.2		0.189981
2.62		0.266667		0.199197
2.62		0.333333		0.208911
2.62		0.4		0.160587
2.62		0.466667		0.223781
2.62		0.533333		0.248633
2.62		0.6		0.157894
2.62		0.666667		0.196507
2.62		0.733333		0.21694
2.62		0.8		0.163888
2.62		0.866667		0.187708
2.62		0.933333		0.161567
2.64		0		0.169776
2.64		0.0666667		0.182531
2.64		0.133333		0.203671
2.64		0.2		0.190578
2.64		0.266667		0.199994
2.64		0.333333		0.20919
2.64		0.4		0.161033
2.64		0.466667		0.223882
2.64		0.533333		0.248216
2.64		0.6		0.158067
2.64		0.666667		0.201336
2.64		0.733333		0.221165
2.64		0.8		0.164638
2.64		0.866667		0.18803
2.64		0.933333		0.162777
2.66		0		0.170698
2.66		0.0666667		0.183031
2.66		0.133333		0.204358
2.66		0.2		0.191139
2.66		0.266667		0.200896
2.66		0.333333		0.209678
2.66		0.4		0.1615
2.66		0.466667		0.224033
2.66		0.533333		0.248558
2.66		0.6		0.158224
2.66		0.666667		0.204515
2.66		0.733333		0.223753
2.66		0.8		0.165416
2.66		0.866667		0.186915
2.66		0.933333		0.163981
2.68		0		0.171614
2.68		0.0666667		0.183562
2.68		0.133333		0.204953
2.68		0.2		0.191663
2.68		0.266667		0.201939
2.68		0.333333		0.210421
2.68		0.4		0.161983
2.68		0.466667		0.224215
2.68		0.533333		0.249272
2.68		0.6		0.158311
2.68		0.666667		0.195839
2.68		0.733333		0.222296
2.68		0.8		0.166214
2.68		0.866667		0.185485
2.68		0.933333		0.165176
2.7		0		0.172524
2.7		0.0666667		0.18412
2.7		0.133333		0.205469
2.7		0.2		0.192155
2.7		0.266667		0.203192
2.7		0.333333		0.212461
2.7		0.4		0.162475
2.7		0.466667		0.224432
2.7		0.533333		0.249994
2.7		0.6		0.158154
2.7		0.666667		0.194296
2.7		0.733333		0.220221
2.7		0.8		0.167021
2.7		0.866667		0.184476
2.7		0.933333		0.166355
2.72		0		0.173428
2.72		0.0666667		0.184698
2.72		0.133333		0.205937
2.72		0.2		0.192616
2.72		0.266667		0.204814
2.72		0.333333		0.214524
2.72		0.4		0.16297
2.72		0.466667		0.224693
2.72		0.533333		0.250559
2.72		0.6		0.157236
2.72		0.666667		0.194218
2.72		0.733333		0.219359
2.72		0.8		0.167827
2.72		0.866667		0.18394
2.72		0.933333		0.167517
2.74		0		0.174326
2.74		0.0666667		0.185292
2.74		0.133333		0.206392
2.74		0.2		0.193049
2.74		0.266667		0.207239
2.74		0.333333		0.216126
2.74		0.4		0.16346
2.74		0.466667		0.225003
2.74		0.533333		0.251088
2.74		0.6		0.156347
2.74		0.666667		0.194607
2.74		0.733333		0.219608
2.74		0.8		0.168619
2.74		0.866667		0.183713
2.74		0.933333		0.168658
2.76		0		0.175217
2.76		0.0666667		0.185895
2.76		0.133333		0.206852
2.76		0.2		0.193458
2.76		0.266667		0.211968
2.76		0.333333		0.218389
2.76		0.4		0.163939
2.76		0.466667		0.225364
2.76		0.533333		0.251905
2.76		0.6		0.157622
2.76		0.666667		0.195237
2.76		0.733333		0.220716
2.76		0.8		0.169385
2.76		0.866667		0.183644
2.76		0.933333		0.169778
2.78		0		0.176102
2.78		0.0666667		0.186503
2.78		0.133333		0.207316
2.78		0.2		0.193848
2.78		0.266667		0.221979
2.78		0.333333		0.219645
2.78		0.4		0.164405
2.78		0.466667		0.225777
2.78		0.533333		0.253552
2.78		0.6		0.158629
2.78		0.666667		0.196037
2.78		0.733333		0.222592
2.78		0.8		0.170112
2.78		0.866667		0.183637
2.78		0.933333		0.170874
2.8		0		0.176979
2.8		0.0666667		0.187113
2.8		0.133333		0.207781
2.8		0.2		0.194223
2.8		0.266667		0.219228
2.8		0.333333		0.219437
2.8		0.4		0.164852
2.8		0.466667		0.226236
2.8		0.533333		0.257224
2.8		0.6		0.159213
2.8		0.666667		0.196974
2.8		0.733333		0.225208
2.8		0.8		0.170791
2.8		0.866667		0.183638
2.8		0.933333		0.171947
2.82		0		0.17785
2.82		0.0666667		0.187723
2.82		0.133333		0.208241
2.82		0.2		0.194596
2.82		0.266667		0.214749
2.82		0.333333		0.218757
2.82		0.4		0.165278
2.82		0.466667		0.226736
2.82		0.533333		0.259231
2.82		0.6		0.159612
2.82		0.666667		0.198036
2.82		0.733333		0.228368
2.82		0.8		0.171415
2.82		0.866667		0.18363
2.82		0.933333		0.172993
2.84		0		0.178714
2.84		0.0666667		0.18833
2.84		0.133333		0.208694
2.84		0.2		0.194985
2.84		0.266667		0.215067
2.84		0.333333		0.218422
2.84		0.4		0.16568
2.84		0.466667		0.227267
2.84		0.533333		0.257621
2.84		0.6		0.159922
2.84		0.666667		0.199216
2.84		0.733333		0.231507
2.84		0.8		0.171981
2.84		0.866667		0.183617
2.84		0.933333		0.174014
2.86		0		0.179572
2.86		0.0666667		0.188933
2.86		0.133333		0.209138
2.86		0.2		0.195448
2.86		0.266667		0.216411
2.86		0.333333		0.218646
2.86		0.4		0.166057
2.86		0.466667		0.227821
2.86		0.533333		0.257394
2.86		0.6		0.160179
2.86		0.666667		0.200507
2.86		0.733333		0.23406
2.86		0.8		0.172488
2.86		0.866667		0.183617
2.86		0.933333		0.175007
2.88		0		0.180422
2.88		0.0666667		0.189531
2.88		0.133333		0.209575
2.88		0.2		0.196174
2.88		0.266667		0.2174
2.88		0.333333		0.21938
2.88		0.4		0.166408
2.88		0.466667		0.228389
2.88		0.533333		0.257486
2.88		0.6		0.1604
2.88		0.666667		0.201901
2.88		0.733333		0.236651
2.88		0.8		0.17294
2.88		0.866667		0.183654
2.88		0.933333		0.175969
2.9		0		0.181264
2.9		0.0666667		0.190122
2.9		0.133333		0.210006
2.9		0.2		0.198029
2.9		0.266667		0.218503
2.9		0.333333		0.220533
2.9		0.4		0.166732
2.9		0.466667		0.228973
2.9		0.533333		0.257257
2.9		0.6		0.160598
2.9		0.666667		0.203382
2.9		0.733333		0.242833
2.9		0.8		0.173342
2.9		0.866667		0.18375
2.9		0.933333		0.176896
2.92		0		0.1821
2.92		0.0666667		0.190707
2.92		0.133333		0.210435
2.92		0.2		0.196424
2.92		0.266667		0.224086
2.92		0.333333		0.221995
2.92		0.4		0.167028
2.92		0.466667		0.229588
2.92		0.533333		0.256881
2.92		0.6		0.160797
2.92		0.666667		0.204925
2.92		0.733333		0.23389
2.92		0.8		0.173699
2.92		0.866667		0.18392
2.92		0.933333		0.177775
2.94		0		0.182929
2.94		0.0666667		0.191284
2.94		0.133333		0.210867
2.94		0.2		0.190991
2.94		0.266667		0.222962
2.94		0.333333		0.223559
2.94		0.4		0.167297
2.94		0.466667		0.230275
2.94		0.533333		0.258688
2.94		0.6		0.161084
2.94		0.666667		0.206491
2.94		0.733333		0.232028
2.94		0.8		0.174017
2.94		0.866667		0.184174
2.94		0.933333		0.178578
2.96		0		0.18375
2.96		0.0666667		0.191854
2.96		0.133333		0.211305
2.96		0.2		0.190237
2.96		0.266667		0.222253
2.96		0.333333		0.224848
2.96		0.4		0.167539
2.96		0.466667		0.231124
2.96		0.533333		0.259413
2.96		0.6		0.16178
2.96		0.666667		0.20803
2.96		0.733333		0.231262
2.96		0.8		0.174305
2.96		0.866667		0.184513
2.96		0.933333		0.179212
2.98		0		0.184564
2.98		0.0666667		0.192415
2.98		0.133333		0.211754
2.98		0.2		0.190133
2.98		0.266667		0.222378
2.98		0.333333		0.225434
2.98		0.4		0.167753
2.98		0.466667		0.232332
2.98		0.533333		0.256647
2.98		0.6		0.163414
2.98		0.666667		0.209486
2.98		0.733333		0.231433
2.98		0.8		0.174567
2.98		0.866667		0.184936
2.98		0.933333		0.179231
3		0		0.185371
3		0.0666667		0.192968
3		0.133333		0.212222
3		0.2		0.190164
3		0.266667		0.222883
3		0.333333		0.225413
3		0.4		0.167941
3		0.466667		0.234334
3		0.533333		0.253649
3		0.6		0.164517
3		0.666667		0.21081
3		0.733333		0.231745
3		0.8		0.174809
3		0.866667		0.185437
3		0.933333		0.180275
3.02		0		0.18617
3.02		0.0666667		0.193512
3.02		0.133333		0.212722
3.02		0.2		0.190234
3.02		0.266667		0.223611
3.02		0.333333		0.225691
3.02		0.4		0.168102
3.02		0.466667		0.238018
3.02		0.533333		0.249105
3.02		0.6		0.164213
3.02		0.666667		0.211977
3.02		0.733333		0.231061
3.02		0.8		0.175035
3.02		0.866667		0.186011
3.02		0.933333		0.182982
3.04		0		0.186962
3.04		0.0666667		0.194048
3.04		0.133333		0.213285
3.04		0.2		0.190314
3.04		0.266667		0.224488
3.04		0.333333		0.226617
3.04		0.4		0.168238
3.04		0.466667		0.24332
3.04		0.533333		0.246464
3.04		0.6		0.163954
3.04		0.666667		0.212988
3.04		0.733333		0.229638
3.04		0.8		0.175248
3.04		0.866667		0.186651
3.04		0.933333		0.183772
3.06		0		0.187747
3.06		0.0666667		0.194574
3.06		0.133333		0.214028
3.06		0.2		0.190396
3.06		0.266667		0.225477
3.06		0.333333		0.22769
3.06		0.4		0.168349
3.06		0.466667		0.243423
3.06		0.533333		0.244674
3.06		0.6		0.163923
3.06		0.666667		0.213871
3.06		0.733333		0.232697
3.06		0.8		0.17545
3.06		0.866667		0.187351
3.06		0.933333		0.184518
3.08		0		0.188525
3.08		0.0666667		0.195092
3.08		0.133333		0.215643
3.08		0.2		0.190475
3.08		0.266667		0.226568
3.08		0.333333		0.22857
3.08		0.4		0.168436
3.08		0.466667		0.245108
3.08		0.533333		0.243508
3.08		0.6		0.164058
3.08		0.666667		0.214665
3.08		0.733333		0.236372
3.08		0.8		0.175644
3.08		0.866667		0.188108
3.08		0.933333		0.185273
3.1		0		0.189295
3.1		0.0666667		0.1956
3.1		0.133333		0.217984
3.1		0.2		0.19055
3.1		0.266667		0.227785
3.1		0.333333		0.229307
3.1		0.4		0.1685
3.1		0.466667		0.241211
3.1		0.533333		0.242833
3.1		0.6		0.164437
3.1		0.666667		0.215398
3.1		0.733333		0.238519
3.1		0.8		0.175831
3.1		0.866667		0.18892
3.1		0.933333		0.186028
3.12		0		0.190058
3.12		0.0666667		0.196099
3.12		0.133333		0.215077
3.12		0.2		0.190618
3.12		0.266667		0.229187
3.12		0.333333		0.230369
3.12		0.4		0.168542
3.12		0.466667		0.234584
3.12		0.533333		0.242503
3.12		0.6		0.167188
3.12		0.666667		0.216072
3.12		0.733333		0.239883
3.12		0.8		0.17601
3.12		0.866667		0.189788
3.12		0.933333		0.186778
3.14		0		0.190814
3.14		0.0666667		0.19659
3.14		0.133333		0.215384
3.14		0.2		0.190681
3.14		0.266667		0.229878
3.14		0.333333		0.232269
3.14		0.4		0.168562
3.14		0.466667		0.233927
3.14		0.533333		0.242409
3.14		0.6		0.165626
3.14		0.666667		0.216664
3.14		0.733333		0.240873
3.14		0.8		0.176183
3.14		0.866667		0.190723
3.14		0.933333		0.187519
3.16		0		0.191562
3.16		0.0666667		0.197071
3.16		0.133333		0.216669
3.16		0.2		0.190738
3.16		0.266667		0.228983
3.16		0.333333		0.2347
3.16		0.4		0.168562
3.16		0.466667		0.238725
3.16		0.533333		0.242476
3.16		0.6		0.165899
3.16		0.666667		0.217132
3.16		0.733333		0.241554
3.16		0.8		0.17635
3.16		0.866667		0.191774
3.16		0.933333		0.18825
3.18		0		0.192304
3.18		0.0666667		0.197543
3.18		0.133333		0.218119
3.18		0.2		0.190789
3.18		0.266667		0.229899
3.18		0.333333		0.236874
3.18		0.4		0.168542
3.18		0.466667		0.236812
3.18		0.533333		0.242654
3.18		0.6		0.166413
3.18		0.666667		0.217448
3.18		0.733333		0.241715
3.18		0.8		0.17651
3.18		0.866667		0.193205
3.18		0.933333		0.18897
3.2		0		0.193038
3.2		0.0666667		0.198006
3.2		0.133333		0.217076
3.2		0.2		0.190835
3.2		0.266667		0.230794
3.2		0.333333		0.238259
3.2		0.4		0.168503
3.2		0.466667		0.232776
3.2		0.533333		0.242911
3.2		0.6		0.167018
3.2		0.666667		0.217617
3.2		0.733333		0.241029
3.2		0.8		0.176663
3.2		0.866667		0.198472
3.2		0.933333		0.189677
3.22		0		0.193765
3.22		0.0666667		0.198461
3.22		0.133333		0.217276
3.22		0.2		0.190875
3.22		0.266667		0.231376
3.22		0.333333		0.23865
3.22		0.4		0.168446
3.22		0.466667		0.232255
3.22		0.533333		0.243229
3.22		0.6		0.167675
3.22		0.666667		0.21768
3.22		0.733333		0.239506
3.22		0.8		0.176808
3.22		0.866667		0.194834
3.22		0.933333		0.190371
3.24		0		0.194486
3.24		0.0666667		0.198906
3.24		0.133333		0.217657
3.24		0.2		0.190909
3.24		0.266667		0.231311
3.24		0.333333		0.238159
3.24		0.4		0.168372
3.24		0.466667		0.232166
3.24		0.533333		0.243594
3.24		0.6		0.168363
3.24		0.666667		0.21771
3.24		0.733333		0.237834
3.24		0.8		0.176945
3.24		0.866667		0.195406
3.24		0.933333		0.191051
3.26		0		0.195199
3.26		0.0666667		0.199343
3.26		0.133333		0.218081
3.26		0.2		0.190939
3.26		0.266667		0.23327
3.26		0.333333		0.237142
3.26		0.4		0.168283
3.26		0.466667		0.232361
3.26		0.533333		0.244002
3.26		0.6		0.169067
3.26		0.666667		0.217799
3.26		0.733333		0.236909
3.26		0.8		0.177072
3.26		0.866667		0.196442
3.26		0.933333		0.191717
3.28		0		0.195905
3.28		0.0666667		0.199771
3.28		0.133333		0.218517
3.28		0.2		0.190964
3.28		0.266667		0.237225
3.28		0.333333		0.235974
3.28		0.4		0.168178
3.28		0.466667		0.232991
3.28		0.533333		0.244451
3.28		0.6		0.169775
3.28		0.666667		0.218067
3.28		0.733333		0.237465
3.28		0.8		0.177189
3.28		0.866667		0.197552
3.28		0.933333		0.192369
3.3		0		0.196605
3.3		0.0666667		0.20019
3.3		0.133333		0.218955
3.3		0.2		0.190985
3.3		0.266667		0.237155
3.3		0.333333		0.23489
3.3		0.4		0.168058
3.3		0.466667		0.234216
3.3		0.533333		0.244949
3.3		0.6		0.170477
3.3		0.666667		0.218719
3.3		0.733333		0.240406
3.3		0.8		0.177295
3.3		0.866667		0.198699
3.3		0.933333		0.193006
3.32		0		0.197298
3.32		0.0666667		0.200601
3.32		0.133333		0.219391
3.32		0.2		0.191001
3.32		0.266667		0.23762
3.32		0.333333		0.233984
3.32		0.4		0.167925
3.32		0.466667		0.23557
3.32		0.533333		0.245517
3.32		0.6		0.171166
3.32		0.666667		0.220165
3.32		0.733333		0.244569
3.32		0.8		0.177389
3.32		0.866667		0.199878
3.32		0.933333		0.193628
3.34		0		0.197984
3.34		0.0666667		0.201003
3.34		0.133333		0.219823
3.34		0.2		0.191013
3.34		0.266667		0.238378
3.34		0.333333		0.233275
3.34		0.4		0.167779
3.34		0.466667		0.235497
3.34		0.533333		0.246204
3.34		0.6		0.171838
3.34		0.666667		0.223188
3.34		0.733333		0.243835
3.34		0.8		0.177473
3.34		0.866667		0.201084
3.34		0.933333		0.194235
3.36		0		0.198663
3.36		0.0666667		0.201397
3.36		0.133333		0.220251
3.36		0.2		0.191021
3.36		0.266667		0.239401
3.36		0.333333		0.232756
3.36		0.4		0.167621
3.36		0.466667		0.233885
3.36		0.533333		0.247131
3.36		0.6		0.172488
3.36		0.666667		0.227802
3.36		0.733333		0.240078
3.36		0.8		0.17755
3.36		0.866667		0.202317
3.36		0.933333		0.194825
3.38		0		0.199336
3.38		0.0666667		0.201783
3.38		0.133333		0.220676
3.38		0.2		0.191026
3.38		0.266667		0.240759
3.38		0.333333		0.232417
3.38		0.4		0.167452
3.38		0.466667		0.232228
3.38		0.533333		0.248674
3.38		0.6		0.173115
3.38		0.666667		0.229055
3.38		0.733333		0.237067
3.38		0.8		0.177634
3.38		0.866667		0.203572
3.38		0.933333		0.195399
3.4		0		0.200002
3.4		0.0666667		0.202161
3.4		0.133333		0.2211
3.4		0.2		0.191027
3.4		0.266667		0.242603
3.4		0.333333		0.232258
3.4		0.4		0.167272
3.4		0.466667		0.231061
3.4		0.533333		0.252212
3.4		0.6		0.173717
3.4		0.666667		0.225803
3.4		0.733333		0.235585
3.4		0.8		0.177763
3.4		0.866667		0.204847
3.4		0.933333		0.195957
3.42		0		0.200662
3.42		0.0666667		0.202531
3.42		0.133333		0.221525
3.42		0.2		0.191024
3.42		0.266667		0.24526
3.42		0.333333		0.232293
3.42		0.4		0.167082
3.42		0.466667		0.230299
3.42		0.533333		0.256521
3.42		0.6		0.174295
3.42		0.666667		0.223126
3.42		0.733333		0.235291
3.42		0.8		0.178036
3.42		0.866667		0.206137
3.42		0.933333		0.196498
3.44		0		0.201316
3.44		0.0666667		0.202893
3.44		0.133333		0.221955
3.44		0.2		0.191019
3.44		0.266667		0.250082
3.44		0.333333		0.232558
3.44		0.4		0.166883
3.44		0.466667		0.229797
3.44		0.533333		0.249418
3.44		0.6		0.174847
3.44		0.666667		0.222034
3.44		0.733333		0.235645
3.44		0.8		0.178664
3.44		0.866667		0.207437
3.44		0.933333		0.197022
3.46		0		0.201963
3.46		0.0666667		0.203248
3.46		0.133333		0.222396
3.46		0.2		0.19101
3.46		0.266667		0.263502
3.46		0.333333		0.233114
3.46		0.4		0.166676
3.46		0.466667		0.22946
3.46		0.533333		0.247782
3.46		0.6		0.175376
3.46		0.666667		0.222806
3.46		0.733333		0.235973
3.46		0.8		0.179824
3.46		0.866667		0.20874
3.46		0.933333		0.19753
3.48		0		0.202604
3.48		0.0666667		0.203594
3.48		0.133333		0.222852
3.48		0.2		0.190999
3.48		0.266667		0.255253
3.48		0.333333		0.234066
3.48		0.4		0.166461
3.48		0.466667		0.229231
3.48		0.533333		0.247922
3.48		0.6		0.17588
3.48		0.666667		0.226632
3.48		0.733333		0.235581
3.48		0.8		0.181147
3.48		0.866667		0.210039
3.48		0.933333		0.19802
3.5		0		0.203239
3.5		0.0666667		0.203934
3.5		0.133333		0.22333
3.5		0.2		0.190985
3.5		0.266667		0.253804
3.5		0.333333		0.235592
3.5		0.4		0.166238
3.5		0.466667		0.229075
3.5		0.533333		0.248459
3.5		0.6		0.176362
3.5		0.666667		0.22127
3.5		0.733333		0.234836
3.5		0.8		0.18207
3.5		0.866667		0.211327
3.5		0.933333		0.198494
3.52		0		0.203868
3.52		0.0666667		0.204266
3.52		0.133333		0.223837
3.52		0.2		0.190968
3.52		0.266667		0.252025
3.52		0.333333		0.238018
3.52		0.4		0.16601
3.52		0.466667		0.22897
3.52		0.533333		0.249223
3.52		0.6		0.176822
3.52		0.666667		0.220301
3.52		0.733333		0.234308
3.52		0.8		0.182589
3.52		0.866667		0.212597
3.52		0.933333		0.198952
3.54		0		0.204491
3.54		0.0666667		0.204591
3.54		0.133333		0.224378
3.54		0.2		0.190949
3.54		0.266667		0.249623
3.54		0.333333		0.241851
3.54		0.4		0.165775
3.54		0.466667		0.228903
3.54		0.533333		0.250329
3.54		0.6		0.177261
3.54		0.666667		0.220472
3.54		0.733333		0.234076
3.54		0.8		0.182891
3.54		0.866667		0.213842
3.54		0.933333		0.199394
3.56		0		0.205108
3.56		0.0666667		0.204908
3.56		0.133333		0.224958
3.56		0.2		0.190927
3.56		0.266667		0.247412
3.56		0.333333		0.24667
3.56		0.4		0.165535
3.56		0.466667		0.228865
3.56		0.533333		0.252191
3.56		0.6		0.177679
3.56		0.666667		0.220968
3.56		0.733333		0.234057
3.56		0.8		0.183088
3.56		0.866667		0.215058
3.56		0.933333		0.199821
3.58		0		0.205719
3.58		0.0666667		0.205219
3.58		0.133333		0.225579
3.58		0.2		0.190904
3.58		0.266667		0.245741
3.58		0.333333		0.248243
3.58		0.4		0.16529
3.58		0.466667		0.228849
3.58		0.533333		0.254935
3.58		0.6		0.178078
3.58		0.666667		0.221687
3.58		0.733333		0.234176
3.58		0.8		0.183232
3.58		0.866667		0.216242
3.58		0.933333		0.200234
3.6		0		0.206324
3.6		0.0666667		0.205523
3.6		0.133333		0.226239
3.6		0.2		0.190878
3.6		0.266667		0.244606
3.6		0.333333		0.245896
3.6		0.4		0.165041
3.6		0.466667		0.228851
3.6		0.533333		0.25233
3.6		0.6		0.178458
3.6		0.666667		0.222635
3.6		0.733333		0.234388
3.6		0.8		0.183345
3.6		0.866667		0.217393
3.6		0.933333		0.200635
3.62		0		0.206924
3.62		0.0666667		0.20582
3.62		0.133333		0.226934
3.62		0.2		0.19085
3.62		0.266667		0.243889
3.62		0.333333		0.24321
3.62		0.4		0.164788
3.62		0.466667		0.228868
3.62		0.533333		0.249295
3.62		0.6		0.17882
3.62		0.666667		0.223846
3.62		0.733333		0.234663
3.62		0.8		0.183437
3.62		0.866667		0.218514
3.62		0.933333		0.201023
3.64		0		0.207518
3.64		0.0666667		0.206111
3.64		0.133333		0.227659
3.64		0.2		0.190821
3.64		0.266667		0.243478
3.64		0.333333		0.241196
3.64		0.4		0.164532
3.64		0.466667		0.228897
3.64		0.533333		0.249088
3.64		0.6		0.179165
3.64		0.666667		0.225341
3.64		0.733333		0.234982
3.64		0.8		0.183514
3.64		0.866667		0.219611
3.64		0.933333		0.201401
3.66		0		0.208107
3.66		0.0666667		0.206395
3.66		0.133333		0.228404
3.66		0.2		0.19079
3.66		0.266667		0.243286
3.66		0.333333		0.239814
3.66		0.4		0.164274
3.66		0.466667		0.228938
3.66		0.533333		0.249472
3.66		0.6		0.179494
3.66		0.666667		0.22706
3.66		0.733333		0.235334
3.66		0.8		0.18358
3.66		0.866667		0.220688
3.66		0.933333		0.201771
3.68		0		0.208691
3.68		0.0666667		0.206673
3.68		0.133333		0.229161
3.68		0.2		0.190757
3.68		0.266667		0.243252
3.68		0.333333		0.239102
3.68		0.4		0.164014
3.68		0.466667		0.228988
3.68		0.533333		0.249984
3.68		0.6		0.179806
3.68		0.666667		0.228748
3.68		0.733333		0.23571
3.68		0.8		0.183636
3.68		0.866667		0.221752
3.68		0.933333		0.202133
3.7		0		0.209268
3.7		0.0666667		0.206945
3.7		0.133333		0.229923
3.7		0.2		0.190722
3.7		0.266667		0.243334
3.7		0.333333		0.239513
3.7		0.4		0.163753
3.7		0.466667		0.229048
3.7		0.533333		0.250557
3.7		0.6		0.180102
3.7		0.666667		0.229924
3.7		0.733333		0.236106
3.7		0.8		0.183682
3.7		0.866667		0.222821
3.7		0.933333		0.202489
3.72		0		0.209841
3.72		0.0666667		0.207211
3.72		0.133333		0.230683
3.72		0.2		0.190686
3.72		0.266667		0.243507
3.72		0.333333		0.241691
3.72		0.4		0.163491
3.72		0.466667		0.229117
3.72		0.533333		0.251199
3.72		0.6		0.180384
3.72		0.666667		0.230162
3.72		0.733333		0.236516
3.72		0.8		0.183721
3.72		0.866667		0.224194
3.72		0.933333		0.202841
3.74		0		0.210409
3.74		0.0666667		0.207471
3.74		0.133333		0.23144
3.74		0.2		0.190649
3.74		0.266667		0.243753
3.74		0.333333		0.24103
3.74		0.4		0.16323
3.74		0.466667		0.229194
3.74		0.533333		0.251953
3.74		0.6		0.18065
3.74		0.666667		0.229502
3.74		0.733333		0.236936
3.74		0.8		0.183753
3.74		0.866667		0.232111
3.74		0.933333		0.203189
3.76		0		0.210971
3.76		0.0666667		0.207725
3.76		0.133333		0.232191
3.76		0.2		0.19061
3.76		0.266667		0.244061
3.76		0.333333		0.238021
3.76		0.4		0.162969
3.76		0.466667		0.22928
3.76		0.533333		0.252884
3.76		0.6		0.180903
3.76		0.666667		0.228397
3.76		0.733333		0.237364
3.76		0.8		0.183778
3.76		0.866667		0.226712
3.76		0.933333		0.203536
3.78		0		0.211529
3.78		0.0666667		0.207973
3.78		0.133333		0.23294
3.78		0.2		0.19057
3.78		0.266667		0.244429
3.78		0.333333		0.236443
3.78		0.4		0.16271
3.78		0.466667		0.229375
3.78		0.533333		0.254093
3.78		0.6		0.181142
3.78		0.666667		0.22728
3.78		0.733333		0.237798
3.78		0.8		0.183797
3.78		0.866667		0.224663
3.78		0.933333		0.203882
3.8		0		0.212081
3.8		0.0666667		0.208216
3.8		0.133333		0.233692
3.8		0.2		0.190529
3.8		0.266667		0.244862
3.8		0.333333		0.235663
3.8		0.4		0.162454
3.8		0.466667		0.229479
3.8		0.533333		0.255706
3.8		0.6		0.181367
3.8		0.666667		0.226359
3.8		0.733333		0.238234
3.8		0.8		0.183809
3.8		0.866667		0.224734
3.8		0.933333		0.204229
3.82		0		0.212628
3.82		0.0666667		0.208453
3.82		0.133333		0.234454
3.82		0.2		0.190487
3.82		0.266667		0.24538
3.82		0.333333		0.235236
3.82		0.4		0.162203
3.82		0.466667		0.229594
3.82		0.533333		0.257778
3.82		0.6		0.181579
3.82		0.666667		0.225675
3.82		0.733333		0.238672
3.82		0.8		0.183816
3.82		0.866667		0.225448
3.82		0.933333		0.204576
3.84		0		0.213171
3.84		0.0666667		0.208685
3.84		0.133333		0.235238
3.84		0.2		0.190444
3.84		0.266667		0.246032
3.84		0.333333		0.234992
3.84		0.4		0.161958
3.84		0.466667		0.22972
3.84		0.533333		0.259923
3.84		0.6		0.181778
3.84		0.666667		0.225198
3.84		0.733333		0.23911
3.84		0.8		0.183818
3.84		0.866667		0.226391
3.84		0.933333		0.204925
3.86		0		0.213709
3.86		0.0666667		0.208912
3.86		0.133333		0.236057
3.86		0.2		0.1904
3.86		0.266667		0.24693
3.86		0.333333		0.234859
3.86		0.4		0.161721
3.86		0.466667		0.229858
3.86		0.533333		0.260873
3.86		0.6		0.181965
3.86		0.666667		0.224883
3.86		0.733333		0.239546
3.86		0.8		0.183814
3.86		0.866667		0.227413
3.86		0.933333		0.205276
3.88		0		0.214242
3.88		0.0666667		0.209133
3.88		0.133333		0.236927
3.88		0.2		0.190354
3.88		0.266667		0.24831
3.88		0.333333		0.234799
3.88		0.4		0.161496
3.88		0.466667		0.230009
3.88		0.533333		0.259648
3.88		0.6		0.182139
3.88		0.666667		0.224688
3.88		0.733333		0.23998
3.88		0.8		0.183806
3.88		0.866667		0.228465
3.88		0.933333		0.205629
3.9		0		0.214771
3.9		0.0666667		0.20935
3.9		0.133333		0.237867
3.9		0.2		0.190308
3.9		0.266667		0.250297
3.9		0.333333		0.234793
3.9		0.4		0.161288
3.9		0.466667		0.230175
3.9		0.533333		0.257321
3.9		0.6		0.182301
3.9		0.666667		0.22458
3.9		0.733333		0.24041
3.9		0.8		0.183792
3.9		0.866667		0.229532
3.9		0.933333		0.205984
3.92		0		0.215295
3.92		0.0666667		0.209562
3.92		0.133333		0.238899
3.92		0.2		0.190262
3.92		0.266667		0.251254
3.92		0.333333		0.234826
3.92		0.4		0.161104
3.92		0.466667		0.230358
3.92		0.533333		0.255293
3.92		0.6		0.182452
3.92		0.666667		0.224536
3.92		0.733333		0.240836
3.92		0.8		0.183774
3.92		0.866667		0.230612
3.92		0.933333		0.20634
3.94		0		0.215815
3.94		0.0666667		0.209769
3.94		0.133333		0.240044
3.94		0.2		0.190214
3.94		0.266667		0.250264
3.94		0.333333		0.234891
3.94		0.4		0.160956
3.94		0.466667		0.230558
3.94		0.533333		0.253922
3.94		0.6		0.182591
3.94		0.666667		0.224537
3.94		0.733333		0.241257
3.94		0.8		0.183752
3.94		0.866667		0.231713
3.94		0.933333		0.206698
3.96		0		0.21633
3.96		0.0666667		0.209971
3.96		0.133333		0.241317
3.96		0.2		0.190166
3.96		0.266667		0.249526
3.96		0.333333		0.234981
3.96		0.4		0.160864
3.96		0.466667		0.230777
3.96		0.533333		0.25307
3.96		0.6		0.182719
3.96		0.666667		0.224572
3.96		0.733333		0.241674
3.96		0.8		0.183726
3.96		0.866667		0.232859
3.96		0.933333		0.207057
3.98		0		0.216841
3.98		0.0666667		0.210169
3.98		0.133333		0.242723
3.98		0.2		0.190117
3.98		0.266667		0.249375
3.98		0.333333		0.235091
3.98		0.4		0.160865
3.98		0.466667		0.231017
3.98		0.533333		0.252559
3.98		0.6		0.182836
3.98		0.666667		0.22463
3.98		0.733333		0.242088
3.98		0.8		0.183696
3.98		0.866667		0.234099
3.98		0.933333		0.207415
4		0		0.217347
4		0.0666667		0.210363
4		0.133333		0.244244
4		0.2		0.190068
4		0.266667		0.249527
4		0.333333		0.235218
4		0.4		0.16103
4		0.466667		0.231279
4		0.533333		0.25227
4		0.6		0.182942
4		0.666667		0.224704
4		0.733333		0.242497
4		0.8		0.183663
4		0.866667		0.235554
4		0.933333		0.207773
4.02		0		0.21785
4.02		0.0666667		0.210552
4.02		0.133333		0.245829
4.02		0.2		0.190018
4.02		0.266667		0.249815
4.02		0.333333		0.235359
4.02		0.4		0.16151
4.02		0.466667		0.231563
4.02		0.533333		0.252142
4.02		0.6		0.183035
4.02		0.666667		0.224791
4.02		0.733333		0.242905
4.02		0.8		0.183625
4.02		0.866667		0.237529
4.02		0.933333		0.208129
4.04		0		0.218348
4.04		0.0666667		0.210737
4.04		0.133333		0.247392
4.04		0.2		0.189967
4.04		0.266667		0.250158
4.04		0.333333		0.235511
4.04		0.4		0.162624
4.04		0.466667		0.23187
4.04		0.533333		0.25216
4.04		0.6		0.183115
4.04		0.666667		0.224885
4.04		0.733333		0.243311
4.04		0.8		0.183585
4.04		0.866667		0.240791
4.04		0.933333		0.208483
4.06		0		0.218842
4.06		0.0666667		0.210918
4.06		0.133333		0.248817
4.06		0.2		0.189916
4.06		0.266667		0.250506
4.06		0.333333		0.235672
4.06		0.4		0.164774
4.06		0.466667		0.232196
4.06		0.533333		0.252354
4.06		0.6		0.183178
4.06		0.666667		0.224985
4.06		0.733333		0.243719
4.06		0.8		0.183541
4.06		0.866667		0.245969
4.06		0.933333		0.208833
4.08		0		0.219332
4.08		0.0666667		0.211095
4.08		0.133333		0.249993
4.08		0.2		0.189865
4.08		0.266667		0.250823
4.08		0.333333		0.235841
4.08		0.4		0.166035
4.08		0.466667		0.232539
4.08		0.533333		0.252826
4.08		0.6		0.183213
4.08		0.666667		0.225086
4.08		0.733333		0.24413
4.08		0.8		0.183494
4.08		0.866667		0.246579
4.08		0.933333		0.209179
4.1		0		0.219818
4.1		0.0666667		0.211268
4.1		0.133333		0.250846
4.1		0.2		0.189813
4.1		0.266667		0.251074
4.1		0.333333		0.236017
4.1		0.4		0.16265
4.1		0.466667		0.232893
4.1		0.533333		0.253813
4.1		0.6		0.183186
4.1		0.666667		0.225189
4.1		0.733333		0.244549
4.1		0.8		0.183445
4.1		0.866667		0.242094
4.1		0.933333		0.20952
4.12		0		0.220301
4.12		0.0666667		0.211437
4.12		0.133333		0.251363
4.12		0.2		0.189761
4.12		0.266667		0.251228
4.12		0.333333		0.236198
4.12		0.4		0.159554
4.12		0.466667		0.233249
4.12		0.533333		0.255994
4.12		0.6		0.182973
4.12		0.666667		0.225292
4.12		0.733333		0.244979
4.12		0.8		0.183393
4.12		0.866667		0.239927
4.12		0.933333		0.209854
4.14		0		0.220779
4.14		0.0666667		0.211602
4.14		0.133333		0.251584
4.14		0.2		0.189708
4.14		0.266667		0.251261
4.14		0.333333		0.236383
4.14		0.4		0.158069
4.14		0.466667		0.233596
4.14		0.533333		0.262676
4.14		0.6		0.182038
4.14		0.666667		0.225392
4.14		0.733333		0.245426
4.14		0.8		0.183338
4.14		0.866667		0.239239
4.14		0.933333		0.210182
4.16		0		0.221253
4.16		0.0666667		0.211764
4.16		0.133333		0.251585
4.16		0.2		0.189655
4.16		0.266667		0.251162
4.16		0.333333		0.236572
4.16		0.4		0.157294
4.16		0.466667		0.233921
4.16		0.533333		0.264077
4.16		0.6		0.179179
4.16		0.666667		0.225491
4.16		0.733333		0.245887
4.16		0.8		0.183281
4.16		0.866667		0.239104
4.16		0.933333		0.210502
4.18		0		0.221724
4.18		0.0666667		0.211922
4.18		0.133333		0.251444
4.18		0.2		0.189602
4.18		0.266667		0.250945
4.18		0.333333		0.236764
4.18		0.4		0.156796
4.18		0.466667		0.234207
4.18		0.533333		0.261434
4.18		0.6		0.176723
4.18		0.666667		0.225586
4.18		0.733333		0.246433
4.18		0.8		0.183222
4.18		0.866667		0.239193
4.18		0.933333		0.210813
4.2		0		0.222191
4.2		0.0666667		0.212077
4.2		0.133333		0.25123
4.2		0.2		0.189549
4.2		0.266667		0.250643
4.2		0.333333		0.236958
4.2		0.4		0.156418
4.2		0.466667		0.234439
4.2		0.533333		0.25992
4.2		0.6		0.175975
4.2		0.666667		0.225677
4.2		0.733333		0.246986
4.2		0.8		0.183161
4.2		0.866667		0.239394
4.2		0.933333		0.211115
4.22		0		0.222655
4.22		0.0666667		0.212228
4.22		0.133333		0.250992
4.22		0.2		0.189495
4.22		0.266667		0.250297
4.22		0.333333		0.237153
4.22		0.4		0.156096
4.22		0.466667		0.234605
4.22		0.533333		0.258489
4.22		0.6		0.175749
4.22		0.666667		0.225763
4.22		0.733333		0.247615
4.22		0.8		0.183098
4.22		0.866667		0.239677
4.22		0.933333		0.211408
4.24		0		0.223114
4.24		0.0666667		0.212376
4.24		0.133333		0.250762
4.24		0.2		0.189441
4.24		0.266667		0.24995
4.24		0.333333		0.23735
4.24		0.4		0.155804
4.24		0.466667		0.234693
4.24		0.533333		0.258172
4.24		0.6		0.175657
4.24		0.666667		0.225844
4.24		0.733333		0.24834
4.24		0.8		0.183032
4.24		0.866667		0.240047
4.24		0.933333		0.21169
4.26		0		0.223571
4.26		0.0666667		0.212521
4.26		0.133333		0.250559
4.26		0.2		0.189387
4.26		0.266667		0.249632
4.26		0.333333		0.237547
4.26		0.4		0.155529
4.26		0.466667		0.234701
4.26		0.533333		0.263943
4.26		0.6		0.175606
4.26		0.666667		0.22592
4.26		0.733333		0.249193
4.26		0.8		0.182966
4.26		0.866667		0.24053
4.26		0.933333		0.211962
4.28		0		0.224023
4.28		0.0666667		0.212663
4.28		0.133333		0.250392
4.28		0.2		0.189333
4.28		0.266667		0.24936
4.28		0.333333		0.237745
4.28		0.4		0.155264
4.28		0.466667		0.234632
4.28		0.533333		0.263254
4.28		0.6		0.175568
4.28		0.666667		0.225988
4.28		0.733333		0.250211
4.28		0.8		0.182897
4.28		0.866667		0.241172
4.28		0.933333		0.212223
4.3		0		0.224472
4.3		0.0666667		0.212802
4.3		0.133333		0.250264
4.3		0.2		0.189279
4.3		0.266667		0.249143
4.3		0.333333		0.237943
4.3		0.4		0.155005
4.3		0.466667		0.2345
4.3		0.533333		0.261906
4.3		0.6		0.175534
4.3		0.666667		0.226049
4.3		0.733333		0.251427
4.3		0.8		0.182828
4.3		0.866667		0.242035
4.3		0.933333		0.212472
4.32		0		0.224918
4.32		0.0666667		0.212937
4.32		0.133333		0.250174
4.32		0.2		0.189225
4.32		0.266667		0.248983
4.32		0.333333		0.238141
4.32		0.4		0.154752
4.32		0.466667		0.234328
4.32		0.533333		0.26105
4.32		0.6		0.1755
4.32		0.666667		0.226101
4.32		0.733333		0.252841
4.32		0.8		0.182757
4.32		0.866667		0.243188
4.32		0.933333		0.212711
4.34		0		0.225361
4.34		0.0666667		0.21307
4.34		0.133333		0.250121
4.34		0.2		0.18917
4.34		0.266667		0.248879
4.34		0.333333		0.238339
4.34		0.4		0.154502
4.34		0.466667		0.234164
4.34		0.533333		0.260455
4.34		0.6		0.175463
4.34		0.666667		0.226143
4.34		0.733333		0.254356
4.34		0.8		0.182684
4.34		0.866667		0.244681
4.34		0.933333		0.212939
4.36		0		0.2258
4.36		0.0666667		0.2132
4.36		0.133333		0.250102
4.36		0.2		0.189116
4.36		0.266667		0.248831
4.36		0.333333		0.238536
4.36		0.4		0.154256
4.36		0.466667		0.234104
4.36		0.533333		0.259996
4.36		0.6		0.175424
4.36		0.666667		0.226172
4.36		0.733333		0.255703
4.36		0.8		0.182611
4.36		0.866667		0.24647
4.36		0.933333		0.213155
4.38		0		0.226236
4.38		0.0666667		0.213328
4.38		0.133333		0.250113
4.38		0.2		0.189061
4.38		0.266667		0.248841
4.38		0.333333		0.238733
4.38		0.4		0.154012
4.38		0.466667		0.234429
4.38		0.533333		0.259615
4.38		0.6		0.175382
4.38		0.666667		0.226185
4.38		0.733333		0.256473
4.38		0.8		0.182536
4.38		0.866667		0.24834
4.38		0.933333		0.213361
4.4		0		0.226668
4.4		0.0666667		0.213453
4.4		0.133333		0.250151
4.4		0.2		0.189007
4.4		0.266667		0.248911
4.4		0.333333		0.238929
4.4		0.4		0.153771
4.4		0.466667		0.236234
4.4		0.533333		0.25928
4.4		0.6		0.175336
4.4		0.666667		0.226178
4.4		0.733333		0.256411
4.4		0.8		0.182461
4.4		0.866667		0.249947
4.4		0.933333		0.213556
4.42		0		0.227098
4.42		0.0666667		0.213575
4.42		0.133333		0.250213
4.42		0.2		0.188952
4.42		0.266667		0.24905
4.42		0.333333		0.239125
4.42		0.4		0.153532
4.42		0.466667		0.243234
4.42		0.533333		0.258974
4.42		0.6		0.175288
4.42		0.666667		0.226145
4.42		0.733333		0.25568
4.42		0.8		0.182384
4.42		0.866667		0.251032
4.42		0.933333		0.21374
4.44		0		0.227524
4.44		0.0666667		0.213694
4.44		0.133333		0.250297
4.44		0.2		0.188898
4.44		0.266667		0.249271
4.44		0.333333		0.23932
4.44		0.4		0.153295
4.44		0.466667		0.241463
4.44		0.533333		0.258687
4.44		0.6		0.175236
4.44		0.666667		0.226077
4.44		0.733333		0.254685
4.44		0.8		0.182307
4.44		0.866667		0.251627
4.44		0.933333		0.213915
4.46		0		0.227947
4.46		0.0666667		0.213811
4.46		0.133333		0.2504
4.46		0.2		0.188843
4.46		0.266667		0.249595
4.46		0.333333		0.239515
4.46		0.4		0.15306
4.46		0.466667		0.234955
4.46		0.533333		0.258412
4.46		0.6		0.175182
4.46		0.666667		0.22596
4.46		0.733333		0.253727
4.46		0.8		0.182229
4.46		0.866667		0.251988
4.46		0.933333		0.21408
4.48		0		0.228367
4.48		0.0666667		0.213926
4.48		0.133333		0.250521
4.48		0.2		0.188789
4.48		0.266667		0.250047
4.48		0.333333		0.23971
4.48		0.4		0.152827
4.48		0.466667		0.232712
4.48		0.533333		0.258144
4.48		0.6		0.175126
4.48		0.666667		0.225781
4.48		0.733333		0.252926
4.48		0.8		0.182151
4.48		0.866667		0.25236
4.48		0.933333		0.214236
4.5		0		0.228784
4.5		0.0666667		0.214039
4.5		0.133333		0.250658
4.5		0.2		0.188735
4.5		0.266667		0.25063
4.5		0.333333		0.239904
4.5		0.4		0.152597
4.5		0.466667		0.231648
4.5		0.533333		0.257881
4.5		0.6		0.175068
4.5		0.666667		0.225534
4.5		0.733333		0.252301
4.5		0.8		0.182072
4.5		0.866667		0.252821
4.5		0.933333		0.214383
4.52		0		0.229198
4.52		0.0666667		0.214149
4.52		0.133333		0.250809
4.52		0.2		0.18868
4.52		0.266667		0.251222
4.52		0.333333		0.240099
4.52		0.4		0.152368
4.52		0.466667		0.230965
4.52		0.533333		0.25762
4.52		0.6		0.175008
4.52		0.666667		0.225263
4.52		0.733333		0.251829
4.52		0.8		0.181992
4.52		0.866667		0.253256
4.52		0.933333		0.214522
4.54		0		0.229609
4.54		0.0666667		0.214257
4.54		0.133333		0.250975
4.54		0.2		0.188626
4.54		0.266667		0.251434
4.54		0.333333		0.240294
4.54		0.4		0.152142
4.54		0.466667		0.230445
4.54		0.533333		0.25736
4.54		0.6		0.17495
4.54		0.666667		0.225147
4.54		0.733333		0.251479
4.54		0.8		0.181912
4.54		0.866667		0.25341
4.54		0.933333		0.214653
4.56		0		0.230017
4.56		0.0666667		0.214362
4.56		0.133333		0.251153
4.56		0.2		0.188572
4.56		0.266667		0.251131
4.56		0.333333		0.240489
4.56		0.4		0.151918
4.56		0.466667		0.230009
4.56		0.533333		0.2571
4.56		0.6		0.174893
4.56		0.666667		0.225453
4.56		0.733333		0.251224
4.56		0.8		0.181832
4.56		0.866667		0.253032
4.56		0.933333		0.214777
4.58		0		0.230423
4.58		0.0666667		0.214466
4.58		0.133333		0.251345
4.58		0.2		0.188518
4.58		0.266667		0.250287
4.58		0.333333		0.240686
4.58		0.4		0.151695
4.58		0.466667		0.229626
4.58		0.533333		0.25684
4.58		0.6		0.17484
4.58		0.666667		0.226118
4.58		0.733333		0.251037
4.58		0.8		0.181751
4.58		0.866667		0.252087
4.58		0.933333		0.214895
4.6		0		0.230825
4.6		0.0666667		0.214568
4.6		0.133333		0.25155
4.6		0.2		0.188464
4.6		0.266667		0.248508
4.6		0.333333		0.240885
4.6		0.4		0.151475
4.6		0.466667		0.229278
4.6		0.533333		0.256578
4.6		0.6		0.174796
4.6		0.666667		0.226757
4.6		0.733333		0.250902
4.6		0.8		0.18167
4.6		0.866667		0.250814
4.6		0.933333		0.215006
4.62		0		0.231225
4.62		0.0666667		0.214668
4.62		0.133333		0.251768
4.62		0.2		0.18841
4.62		0.266667		0.247603
4.62		0.333333		0.241086
4.62		0.4		0.151257
4.62		0.466667		0.228957
4.62		0.533333		0.256315
4.62		0.6		0.174767
4.62		0.666667		0.227193
4.62		0.733333		0.250804
4.62		0.8		0.181589
4.62		0.866667		0.249511
4.62		0.933333		0.215111
4.64		0		0.231621
4.64		0.0666667		0.214765
4.64		0.133333		0.252001
4.64		0.2		0.188357
4.64		0.266667		0.247372
4.64		0.333333		0.24129
4.64		0.4		0.151041
4.64		0.466667		0.228657
4.64		0.533333		0.25605
4.64		0.6		0.174763
4.64		0.666667		0.227458
4.64		0.733333		0.250731
4.64		0.8		0.181508
4.64		0.866667		0.24833
4.64		0.933333		0.215212
4.66		0		0.232015
4.66		0.0666667		0.214861
4.66		0.133333		0.25225
4.66		0.2		0.188303
4.66		0.266667		0.247389
4.66		0.333333		0.241498
4.66		0.4		0.150826
4.66		0.466667		0.228375
4.66		0.533333		0.255784
4.66		0.6		0.174801
4.66		0.666667		0.22762
4.66		0.733333		0.250676
4.66		0.8		0.181427
4.66		0.866667		0.247277
4.66		0.933333		0.215307
4.68		0		0.232407
4.68		0.0666667		0.214955
4.68		0.133333		0.252517
4.68		0.2		0.18825
4.68		0.266667		0.247493
4.68		0.333333		0.241711
4.68		0.4		0.150614
4.68		0.466667		0.228106
4.68		0.533333		0.255516
4.68		0.6		0.174914
4.68		0.666667		0.227723
4.68		0.733333		0.250633
4.68		0.8		0.181345
4.68		0.866667		0.246311
4.68		0.933333		0.215399
4.7		0		0.232795
4.7		0.0666667		0.215048
4.7		0.133333		0.252804
4.7		0.2		0.188196
4.7		0.266667		0.24763
4.7		0.333333		0.24193
4.7		0.4		0.150404
4.7		0.466667		0.22785
4.7		0.533333		0.255246
4.7		0.6		0.175156
4.7		0.666667		0.227794
4.7		0.733333		0.250597
4.7		0.8		0.181264
4.7		0.866667		0.24542
4.7		0.933333		0.215486
4.72		0		0.233181
4.72		0.0666667		0.215138
4.72		0.133333		0.253116
4.72		0.2		0.188143
4.72		0.266667		0.247779
4.72		0.333333		0.242158
4.72		0.4		0.150195
4.72		0.466667		0.227604
4.72		0.533333		0.254975
4.72		0.6		0.175629
4.72		0.666667		0.227846
4.72		0.733333		0.250567
4.72		0.8		0.181182
4.72		0.866667		0.244619
4.72		0.933333		0.21557
4.74		0		0.233564
4.74		0.0666667		0.215227
4.74		0.133333		0.253459
4.74		0.2		0.188091
4.74		0.266667		0.247932
4.74		0.333333		0.242395
4.74		0.4		0.149989
4.74		0.466667		0.227367
4.74		0.533333		0.254701
4.74		0.6		0.176517
4.74		0.666667		0.227886
4.74		0.733333		0.250541
4.74		0.8		0.181101
4.74		0.866667		0.24393
4.74		0.933333		0.215651
4.76		0		0.233945
4.76		0.0666667		0.215314
4.76		0.133333		0.253839
4.76		0.2		0.188038
4.76		0.266667		0.248083
4.76		0.333333		0.242644
4.76		0.4		0.149784
4.76		0.466667		0.227139
4.76		0.533333		0.254427
4.76		0.6		0.178085
4.76		0.666667		0.227919
4.76		0.733333		0.250517
4.76		0.8		0.18102
4.76		0.866667		0.243364
4.76		0.933333		0.215729
4.78		0		0.234323
4.78		0.0666667		0.2154
4.78		0.133333		0.254267
4.78		0.2		0.187985
4.78		0.266667		0.248232
4.78		0.333333		0.242908
4.78		0.4		0.149581
4.78		0.466667		0.226917
4.78		0.533333		0.254151
4.78		0.6		0.180443
4.78		0.666667		0.227947
4.78		0.733333		0.250495
4.78		0.8		0.180939
4.78		0.866667		0.242923
4.78		0.933333		0.215805
4.8		0		0.234698
4.8		0.0666667		0.215484
4.8		0.133333		0.25476
4.8		0.2		0.187933
4.8		0.266667		0.248377
4.8		0.333333		0.243189
4.8		0.4		0.149381
4.8		0.466667		0.226702
4.8		0.533333		0.253874
4.8		0.6		0.182723
4.8		0.666667		0.227971
4.8		0.733333		0.250477
4.8		0.8		0.180858
4.8		0.866667		0.242597
4.8		0.933333		0.215878
4.82		0		0.235071
4.82		0.0666667		0.215567
4.82		0.133333		0.255339
4.82		0.2		0.187881
4.82		0.266667		0.24852
4.82		0.333333		0.243492
4.82		0.4		0.149181
4.82		0.466667		0.226492
4.82		0.533333		0.253595
4.82		0.6		0.183235
4.82		0.666667		0.227993
4.82		0.733333		0.250462
4.82		0.8		0.180777
4.82		0.866667		0.242372
4.82		0.933333		0.21595
4.84		0		0.235442
4.84		0.0666667		0.215648
4.84		0.133333		0.256037
4.84		0.2		0.187829
4.84		0.266667		0.248659
4.84		0.333333		0.24382
4.84		0.4		0.148984
4.84		0.466667		0.226287
4.84		0.533333		0.253316
4.84		0.6		0.181974
4.84		0.666667		0.228013
4.84		0.733333		0.250452
4.84		0.8		0.180697
4.84		0.866667		0.242232
4.84		0.933333		0.21602
4.86		0		0.23581
4.86		0.0666667		0.215727
4.86		0.133333		0.256901
4.86		0.2		0.187778
4.86		0.266667		0.248794
4.86		0.333333		0.244178
4.86		0.4		0.148789
4.86		0.466667		0.226087
4.86		0.533333		0.253036
4.86		0.6		0.180276
4.86		0.666667		0.228031
4.86		0.733333		0.250448
4.86		0.8		0.180617
4.86		0.866667		0.242163
4.86		0.933333		0.216089
4.88		0		0.236175
4.88		0.0666667		0.215806
4.88		0.133333		0.257992
4.88		0.2		0.187726
4.88		0.266667		0.248926
4.88		0.333333		0.244569
4.88		0.4		0.148595
4.88		0.466667		0.225891
4.88		0.533333		0.252755
4.88		0.6		0.178841
4.88		0.666667		0.228047
4.88		0.733333		0.250451
4.88		0.8		0.180537
4.88		0.866667		0.242153
4.88		0.933333		0.216157
4.9		0		0.236539
4.9		0.0666667		0.215883
4.9		0.133333		0.259362
4.9		0.2		0.187675
4.9		0.266667		0.249055
4.9		0.333333		0.244995
4.9		0.4		0.148403
4.9		0.466667		0.225698
4.9		0.533333		0.252474
4.9		0.6		0.177759
4.9		0.666667		0.228062
4.9		0.733333		0.250463
4.9		0.8		0.180457
4.9		0.866667		0.242192
4.9		0.933333		0.216223
4.92		0		0.236899
4.92		0.0666667		0.215958
4.92		0.133333		0.260931
4.92		0.2		0.187624
4.92		0.266667		0.249181
4.92		0.333333		0.245453
4.92		0.4		0.148212
4.92		0.466667		0.225509
4.92		0.533333		0.252192
4.92		0.6		0.176951
4.92		0.666667		0.228076
4.92		0.733333		0.250483
4.92		0.8		0.180378
4.92		0.866667		0.242269
4.92		0.933333		0.216289
4.94		0		0.237258
4.94		0.0666667		0.216033
4.94		0.133333		0.262089
4.94		0.2		0.187573
4.94		0.266667		0.249303
4.94		0.333333		0.245927
4.94		0.4		0.148023
4.94		0.466667		0.225322
4.94		0.533333		0.25191
4.94		0.6		0.176335
4.94		0.666667		0.228089
4.94		0.733333		0.250514
4.94		0.8		0.180299
4.94		0.866667		0.24238
4.94		0.933333		0.216354
4.96		0		0.237614
4.96		0.0666667		0.216106
4.96		0.133333		0.261385
4.96		0.2		0.187523
4.96		0.266667		0.249422
4.96		0.333333		0.246381
4.96		0.4		0.147836
4.96		0.466667		0.225139
4.96		0.533333		0.251628
4.96		0.6		0.17585
4.96		0.666667		0.228101
4.96		0.733333		0.250555
4.96		0.8		0.180221
4.96		0.866667		0.242518
4.96		0.933333		0.216419
4.98		0		0.237967
4.98		0.0666667		0.216178
4.98		0.133333		0.258469
4.98		0.2		0.187472
4.98		0.266667		0.249539
4.98		0.333333		0.246744
4.98		0.4		0.14765
4.98		0.466667		0.224957
4.98		0.533333		0.251346
4.98		0.6		0.175455
4.98		0.666667		0.228112
4.98		0.733333		0.250606
4.98		0.8		0.180142
4.98		0.866667		0.242679
4.98		0.933333		0.216483
5		0		0.238319
5		0.0666667		0.216248
5		0.133333		0.25556
5		0.2		0.187422
5		0.266667		0.249652
5		0.333333		0.246902
5		0.4		0.147466
5		0.466667		0.224779
5		0.533333		0.251064
5		0.6		0.175123
5		0.666667		0.228122
5		0.733333		0.250667
5		0.8		0.180065
5		0.866667		0.242859
5		0.933333		0.216546
