0.02		0		5.76476
0.02		0.0666667		19.0857
0.02		0.133333		24.6059
0.02		0.2		21.4902
0.02		0.266667		14.7136
0.02		0.333333		19.7424
0.02		0.4		20.265
0.02		0.466667		25.1483
0.02		0.533333		33.7313
0.02		0.6		40.8753
0.02		0.666667		36.3556
0.02		0.733333		38.5015
0.02		0.8		42.6504
0.02		0.866667		36.4011
0.02		0.933333		27.6157
0.04		0		5.76396
0.04		0.0666667		18.0298
0.04		0.133333		21.4044
0.04		0.2		22.7757
0.04		0.266667		18.3672
0.04		0.333333		19.7051
0.04		0.4		19.2469
0.04		0.466667		24.4442
0.04		0.533333		32.94
0.04		0.6		34.5729
0.04		0.666667		33.442
0.04		0.733333		38.8351
0.04		0.8		40.9441
0.04		0.866667		37.0327
0.04		0.933333		34.1782
0.06		0		5.84765
0.06		0.0666667		17.2315
0.06		0.133333		18.3782
0.06		0.2		21.172
0.06		0.266667		19.8599
0.06		0.333333		19.5194
0.06		0.4		20.2484
0.06		0.466667		21.1589
0.06		0.533333		28.5923
0.06		0.6		33.6369
0.06		0.666667		32.9752
0.06		0.733333		37.564
0.06		0.8		37.5224
0.06		0.866667		37.5618
0.06		0.933333		37.8555
0.08		0		5.90816
0.08		0.0666667		15.9559
0.08		0.133333		17.6412
0.08		0.2		20.8577
0.08		0.266667		21.1362
0.08		0.333333		21.4536
0.08		0.4		17.669
0.08		0.466667		19.6977
0.08		0.533333		24.3595
0.08		0.6		26.831
0.08		0.666667		34.1629
0.08		0.733333		35.6871
0.08		0.8		37.7934
0.08		0.866667		36.4014
0.08		0.933333		37.8934
0.1		0		5.89017
0.1		0.0666667		15.4394
0.1		0.133333		18.274
0.1		0.2		20.9357
0.1		0.266667		22.8503
0.1		0.333333		21.1297
0.1		0.4		17.2741
0.1		0.466667		18.3944
0.1		0.533333		23.4592
0.1		0.6		22.8162
0.1		0.666667		31.8062
0.1		0.733333		29.3326
0.1		0.8		36.8234
0.1		0.866667		36.1493
0.1		0.933333		36.4797
0.12		0		5.83737
0.12		0.0666667		13.2465
0.12		0.133333		18.2776
0.12		0.2		19.4718
0.12		0.266667		21.2139
0.12		0.333333		19.8291
0.12		0.4		20.3227
0.12		0.466667		16.7222
0.12		0.533333		18.997
0.12		0.6		20.7095
0.12		0.666667		24.4944
0.12		0.733333		29.784
0.12		0.8		32.9724
0.12		0.866667		33.425
0.12		0.933333		34.1484
0.14		0		5.78656
0.14		0.0666667		11.9308
0.14		0.133333		17.8687
0.14		0.2		20.3001
0.14		0.266667		18.6094
0.14		0.333333		17.5987
0.14		0.4		20.7224
0.14		0.466667		16.9303
0.14		0.533333		15.1067
0.14		0.6		21.2591
0.14		0.666667		22.3707
0.14		0.733333		28.2075
0.14		0.8		31.1956
0.14		0.866667		30.7954
0.14		0.933333		30.1597
0.16		0		5.73959
0.16		0.0666667		11.0827
0.16		0.133333		15.1721
0.16		0.2		21.878
0.16		0.266667		19.5469
0.16		0.333333		16.4434
0.16		0.4		21.3488
0.16		0.466667		14.9308
0.16		0.533333		16.7533
0.16		0.6		20.4981
0.16		0.666667		23.0321
0.16		0.733333		27.2251
0.16		0.8		27.0773
0.16		0.866667		28.7937
0.16		0.933333		28.3403
0.18		0		5.68693
0.18		0.0666667		10.3886
0.18		0.133333		14.4874
0.18		0.2		18.485
0.18		0.266667		19.0644
0.18		0.333333		17.9518
0.18		0.4		18.653
0.18		0.466667		16.1343
0.18		0.533333		11.7507
0.18		0.6		17.6139
0.18		0.666667		25.6762
0.18		0.733333		22.8499
0.18		0.8		24.7975
0.18		0.866667		25.9041
0.18		0.933333		28.6425
0.2		0		5.6225
0.2		0.0666667		9.79193
0.2		0.133333		14.021
0.2		0.2		17.7207
0.2		0.266667		18.6119
0.2		0.333333		15.9835
0.2		0.4		17.0897
0.2		0.466667		15.6016
0.2		0.533333		16.3273
0.2		0.6		14.7357
0.2		0.666667		20.3515
0.2		0.733333		25.2674
0.2		0.8		22.8362
0.2		0.866667		25.8329
0.2		0.933333		23.1331
0.22		0		5.54612
0.22		0.0666667		9.68732
0.22		0.133333		13.1813
0.22		0.2		16.9677
0.22		0.266667		18.1784
0.22		0.333333		15.0645
0.22		0.4		15.7793
0.22		0.466667		14.4741
0.22		0.533333		18.0589
0.22		0.6		15.5827
0.22		0.666667		16.6984
0.22		0.733333		23.7154
0.22		0.8		21.3134
0.22		0.866667		25.1933
0.22		0.933333		22.0281
0.24		0		5.46105
0.24		0.0666667		8.85445
0.24		0.133333		12.5856
0.24		0.2		16.1532
0.24		0.266667		18.8622
0.24		0.333333		14.5632
0.24		0.4		14.2469
0.24		0.466667		16.4665
0.24		0.533333		16.932
0.24		0.6		19.384
0.24		0.666667		16.4828
0.24		0.733333		21.6789
0.24		0.8		19.5274
0.24		0.866667		16.4495
0.24		0.933333		24.0847
0.26		0		5.37133
0.26		0.0666667		9.98808
0.26		0.133333		11.4635
0.26		0.2		15.3409
0.26		0.266667		15.8175
0.26		0.333333		14.8137
0.26		0.4		14.0158
0.26		0.466667		17.2081
0.26		0.533333		17.0299
0.26		0.6		15.7205
0.26		0.666667		17.7359
0.26		0.733333		17.1222
0.26		0.8		18.4136
0.26		0.866667		19.0992
0.26		0.933333		21.7343
0.28		0		5.28062
0.28		0.0666667		9.61434
0.28		0.133333		10.9441
0.28		0.2		14.5726
0.28		0.266667		16.045
0.28		0.333333		14.1436
0.28		0.4		12.1799
0.28		0.466667		18.8128
0.28		0.533333		18.8182
0.28		0.6		14.135
0.28		0.666667		15.7262
0.28		0.733333		19.6334
0.28		0.8		18.316
0.28		0.866667		15.6205
0.28		0.933333		15.3314
0.3		0		5.19211
0.3		0.0666667		9.0192
0.3		0.133333		10.6622
0.3		0.2		14.6469
0.3		0.266667		16.5167
0.3		0.333333		16.9512
0.3		0.4		14.002
0.3		0.466667		18.2176
0.3		0.533333		17.5568
0.3		0.6		16.2824
0.3		0.666667		17.6268
0.3		0.733333		20.4133
0.3		0.8		21.7078
0.3		0.866667		12.0058
0.3		0.933333		16.4762
0.32		0		5.10921
0.32		0.0666667		8.28253
0.32		0.133333		10.8884
0.32		0.2		13.7624
0.32		0.266667		17.6164
0.32		0.333333		14.0519
0.32		0.4		14.6381
0.32		0.466667		18.6512
0.32		0.533333		20.4621
0.32		0.6		19.1676
0.32		0.666667		20.1578
0.32		0.733333		15.8597
0.32		0.8		19.4978
0.32		0.866667		11.6964
0.32		0.933333		19.3643
0.34		0		5.03828
0.34		0.0666667		8.27763
0.34		0.133333		10.6263
0.34		0.2		13.0843
0.34		0.266667		21.1658
0.34		0.333333		18.9092
0.34		0.4		16.4637
0.34		0.466667		13.7948
0.34		0.533333		20.768
0.34		0.6		17.1277
0.34		0.666667		18.3674
0.34		0.733333		16.2986
0.34		0.8		15.8377
0.34		0.866667		13.2178
0.34		0.933333		19.1128
0.36		0		6.28204
0.36		0.0666667		7.37294
0.36		0.133333		10.6729
0.36		0.2		12.5984
0.36		0.266667		14.8152
0.36		0.333333		14.1548
0.36		0.4		16.125
0.36		0.466667		12.6545
0.36		0.533333		13.5507
0.36		0.6		12.2848
0.36		0.666667		19.1881
0.36		0.733333		15.674
0.36		0.8		13.4816
0.36		0.866667		10.9468
0.36		0.933333		15.1282
0.38		0		6.79613
0.38		0.0666667		7.06144
0.38		0.133333		9.44371
0.38		0.2		12.4319
0.38		0.266667		10.6969
0.38		0.333333		13.163
0.38		0.4		16.6608
0.38		0.466667		12.4865
0.38		0.533333		10.8327
0.38		0.6		10.2165
0.38		0.666667		13.9593
0.38		0.733333		14.6707
0.38		0.8		12.4538
0.38		0.866667		10.0345
0.38		0.933333		10.0805
0.4		0		7.90909
0.4		0.0666667		7.06109
0.4		0.133333		10.2546
0.4		0.2		14.4863
0.4		0.266667		10.1254
0.4		0.333333		12.9676
0.4		0.4		19.5797
0.4		0.466667		12.6279
0.4		0.533333		11.3244
0.4		0.6		9.962
0.4		0.666667		13.6621
0.4		0.733333		14.1137
0.4		0.8		13.802
0.4		0.866667		8.15621
0.4		0.933333		9.07966
0.42		0		6.398
0.42		0.0666667		7.57681
0.42		0.133333		11.3683
0.42		0.2		15.9305
0.42		0.266667		10.4101
0.42		0.333333		12.9486
0.42		0.4		17.6905
0.42		0.466667		13.2626
0.42		0.533333		10.938
0.42		0.6		14.5086
0.42		0.666667		16.0716
0.42		0.733333		14.4314
0.42		0.8		15.265
0.42		0.866667		8.12111
0.42		0.933333		8.49505
0.44		0		6.24525
0.44		0.0666667		7.54902
0.44		0.133333		12.21
0.44		0.2		14.2206
0.44		0.266667		11.4131
0.44		0.333333		14.925
0.44		0.4		16.3852
0.44		0.466667		17.7084
0.44		0.533333		13.942
0.44		0.6		11.5324
0.44		0.666667		16.6046
0.44		0.733333		15.6349
0.44		0.8		15.4866
0.44		0.866667		8.56378
0.44		0.933333		11.4575
0.46		0		7.06529
0.46		0.0666667		7.9127
0.46		0.133333		15.3818
0.46		0.2		15.4148
0.46		0.266667		14.7722
0.46		0.333333		18.2472
0.46		0.4		20.9666
0.46		0.466667		21.8747
0.46		0.533333		14.0473
0.46		0.6		15.7501
0.46		0.666667		18.1247
0.46		0.733333		20.7269
0.46		0.8		15.2115
0.46		0.866667		9.68284
0.46		0.933333		14.6266
0.48		0		7.41758
0.48		0.0666667		9.44422
0.48		0.133333		16.8936
0.48		0.2		13.7419
0.48		0.266667		18.888
0.48		0.333333		19.9717
0.48		0.4		18.9672
0.48		0.466667		20.6101
0.48		0.533333		17.9398
0.48		0.6		16.9407
0.48		0.666667		16.5315
0.48		0.733333		17.542
0.48		0.8		19.9175
0.48		0.866667		14.6478
0.48		0.933333		15.3954
0.5		0		7.20005
0.5		0.0666667		9.48474
0.5		0.133333		18.5585
0.5		0.2		14.1301
0.5		0.266667		18.5841
0.5		0.333333		19.8811
0.5		0.4		16.0851
0.5		0.466667		20.7027
0.5		0.533333		20.5503
0.5		0.6		17.9927
0.5		0.666667		18.8465
0.5		0.733333		17.3426
0.5		0.8		19.2831
0.5		0.866667		13.9205
0.5		0.933333		17.0337
0.52		0		6.99742
0.52		0.0666667		8.9335
0.52		0.133333		16.1053
0.52		0.2		13.1339
0.52		0.266667		15.3126
0.52		0.333333		22.3665
0.52		0.4		20.2894
0.52		0.466667		16.0131
0.52		0.533333		20.2586
0.52		0.6		17.8675
0.52		0.666667		15.9256
0.52		0.733333		16.9644
0.52		0.8		21.0422
0.52		0.866667		14.0494
0.52		0.933333		16.3151
0.54		0		6.98369
0.54		0.0666667		8.58135
0.54		0.133333		13.7146
0.54		0.2		13.7907
0.54		0.266667		10.6446
0.54		0.333333		19.9737
0.54		0.4		18.8465
0.54		0.466667		13.843
0.54		0.533333		21.1621
0.54		0.6		16.6342
0.54		0.666667		13.5739
0.54		0.733333		14.3903
0.54		0.8		19.3269
0.54		0.866667		9.83164
0.54		0.933333		14.987
0.56		0		7.04305
0.56		0.0666667		7.13455
0.56		0.133333		13.6031
0.56		0.2		11.7675
0.56		0.266667		8.78983
0.56		0.333333		17.4913
0.56		0.4		13.8738
0.56		0.466667		16.5574
0.56		0.533333		12.0406
0.56		0.6		14.5824
0.56		0.666667		10.244
0.56		0.733333		13.47
0.56		0.8		13.4209
0.56		0.866667		8.41545
0.56		0.933333		9.4493
0.58		0		7.13673
0.58		0.0666667		6.57423
0.58		0.133333		11.2305
0.58		0.2		10.8217
0.58		0.266667		6.95652
0.58		0.333333		14.3874
0.58		0.4		10.9691
0.58		0.466667		12.0739
0.58		0.533333		8.98501
0.58		0.6		12.4483
0.58		0.666667		9.20721
0.58		0.733333		12.2282
0.58		0.8		10.7022
0.58		0.866667		7.22844
0.58		0.933333		8.37172
0.6		0		7.25341
0.6		0.0666667		6.45265
0.6		0.133333		10.8269
0.6		0.2		10.6186
0.6		0.266667		6.36764
0.6		0.333333		14.6468
0.6		0.4		10.3997
0.6		0.466667		12.4526
0.6		0.533333		9.1244
0.6		0.6		10.6738
0.6		0.666667		10.5822
0.6		0.733333		13.4339
0.6		0.8		8.05366
0.6		0.866667		6.46444
0.6		0.933333		7.97607
0.62		0		7.38823
0.62		0.0666667		7.92897
0.62		0.133333		9.00107
0.62		0.2		10.882
0.62		0.266667		6.47402
0.62		0.333333		12.7579
0.62		0.4		10.2504
0.62		0.466667		10.7869
0.62		0.533333		7.23594
0.62		0.6		9.27331
0.62		0.666667		9.19362
0.62		0.733333		11.6721
0.62		0.8		7.76732
0.62		0.866667		6.16467
0.62		0.933333		8.19845
0.64		0		7.5377
0.64		0.0666667		8.09657
0.64		0.133333		9.09233
0.64		0.2		10.1069
0.64		0.266667		8.6994
0.64		0.333333		10.3097
0.64		0.4		11.6337
0.64		0.466667		9.8827
0.64		0.533333		7.20362
0.64		0.6		9.04971
0.64		0.666667		8.84937
0.64		0.733333		9.87794
0.64		0.8		7.49552
0.64		0.866667		6.7241
0.64		0.933333		7.49016
0.66		0		7.69829
0.66		0.0666667		9.02426
0.66		0.133333		8.43517
0.66		0.2		10.1331
0.66		0.266667		9.71306
0.66		0.333333		8.60329
0.66		0.4		12.9164
0.66		0.466667		8.16432
0.66		0.533333		8.50028
0.66		0.6		8.11849
0.66		0.666667		8.47243
0.66		0.733333		9.52264
0.66		0.8		7.62915
0.66		0.866667		6.54497
0.66		0.933333		6.7365
0.68		0		7.86623
0.68		0.0666667		11.4518
0.68		0.133333		8.63593
0.68		0.2		12.3363
0.68		0.266667		7.97706
0.68		0.333333		12.3645
0.68		0.4		11.1759
0.68		0.466667		8.07782
0.68		0.533333		7.64898
0.68		0.6		7.90732
0.68		0.666667		8.05193
0.68		0.733333		9.3447
0.68		0.8		8.9472
0.68		0.866667		4.66438
0.68		0.933333		6.49116
0.7		0		8.03804
0.7		0.0666667		9.40625
0.7		0.133333		8.91616
0.7		0.2		10.4718
0.7		0.266667		8.08179
0.7		0.333333		12.5825
0.7		0.4		10.4678
0.7		0.466667		7.84799
0.7		0.533333		8.47857
0.7		0.6		8.15419
0.7		0.666667		7.80894
0.7		0.733333		8.9925
0.7		0.8		9.86282
0.7		0.866667		4.37609
0.7		0.933333		6.78866
0.72		0		8.21226
0.72		0.0666667		9.46873
0.72		0.133333		11.0805
0.72		0.2		9.53706
0.72		0.266667		9.73573
0.72		0.333333		13.3641
0.72		0.4		11.2025
0.72		0.466667		8.90867
0.72		0.533333		6.56162
0.72		0.6		8.8683
0.72		0.666667		7.67738
0.72		0.733333		8.76063
0.72		0.8		8.53964
0.72		0.866667		4.80502
0.72		0.933333		5.49421
0.74		0		8.39367
0.74		0.0666667		9.39449
0.74		0.133333		9.97354
0.74		0.2		10.0241
0.74		0.266667		11.3833
0.74		0.333333		13.2407
0.74		0.4		10.2303
0.74		0.466667		8.95631
0.74		0.533333		6.88788
0.74		0.6		6.73623
0.74		0.666667		7.73931
0.74		0.733333		8.38172
0.74		0.8		7.78273
0.74		0.866667		6.31053
0.74		0.933333		4.57082
0.76		0		8.60568
0.76		0.0666667		9.49327
0.76		0.133333		12.2144
0.76		0.2		9.1475
0.76		0.266667		11.8709
0.76		0.333333		13.9906
0.76		0.4		9.9769
0.76		0.466667		8.12694
0.76		0.533333		9.15434
0.76		0.6		6.49155
0.76		0.666667		7.45004
0.76		0.733333		8.38282
0.76		0.8		7.81018
0.76		0.866667		6.23733
0.76		0.933333		3.95355
0.78		0		8.90342
0.78		0.0666667		9.53058
0.78		0.133333		10.9816
0.78		0.2		9.718
0.78		0.266667		11.7323
0.78		0.333333		14.262
0.78		0.4		10.48
0.78		0.466667		8.36327
0.78		0.533333		8.43369
0.78		0.6		6.35203
0.78		0.666667		7.17952
0.78		0.733333		8.4509
0.78		0.8		7.67323
0.78		0.866667		6.53583
0.78		0.933333		3.9636
0.8		0		8.83589
0.8		0.0666667		10.0821
0.8		0.133333		10.7444
0.8		0.2		10.5069
0.8		0.266667		12.1277
0.8		0.333333		14.2041
0.8		0.4		12.8257
0.8		0.466667		7.9351
0.8		0.533333		8.54327
0.8		0.6		5.49902
0.8		0.666667		8.46265
0.8		0.733333		8.54348
0.8		0.8		7.70421
0.8		0.866667		6.81458
0.8		0.933333		4.00126
0.82		0		9.47378
0.82		0.0666667		10.2207
0.82		0.133333		11.1629
0.82		0.2		10.3203
0.82		0.266667		11.2167
0.82		0.333333		13.8958
0.82		0.4		12.2588
0.82		0.466667		7.97699
0.82		0.533333		10.5671
0.82		0.6		5.57735
0.82		0.666667		7.97682
0.82		0.733333		8.80528
0.82		0.8		7.77271
0.82		0.866667		7.22255
0.82		0.933333		4.06369
0.84		0		10.3347
0.84		0.0666667		9.94416
0.84		0.133333		12.4597
0.84		0.2		10.7913
0.84		0.266667		11.3165
0.84		0.333333		13.8353
0.84		0.4		12.5529
0.84		0.466667		8.20501
0.84		0.533333		8.96839
0.84		0.6		6.38827
0.84		0.666667		6.81963
0.84		0.733333		8.76137
0.84		0.8		7.87859
0.84		0.866667		7.65556
0.84		0.933333		4.25281
0.86		0		10.9691
0.86		0.0666667		10.0516
0.86		0.133333		10.4763
0.86		0.2		13.4659
0.86		0.266667		11.4715
0.86		0.333333		14.5643
0.86		0.4		12.8668
0.86		0.466667		8.63942
0.86		0.533333		8.80078
0.86		0.6		6.38692
0.86		0.666667		6.7317
0.86		0.733333		8.76706
0.86		0.8		8.03117
0.86		0.866667		8.30815
0.86		0.933333		4.3822
0.88		0		11.1632
0.88		0.0666667		10.3946
0.88		0.133333		9.72908
0.88		0.2		15.3591
0.88		0.266667		10.7789
0.88		0.333333		14.072
0.88		0.4		13.2201
0.88		0.466667		9.4409
0.88		0.533333		9.27302
0.88		0.6		6.43017
0.88		0.666667		6.68828
0.88		0.733333		8.91847
0.88		0.8		8.29905
0.88		0.866667		9.07779
0.88		0.933333		4.54307
0.9		0		11.0784
0.9		0.0666667		9.67904
0.9		0.133333		10.0193
0.9		0.2		15.1607
0.9		0.266667		10.9438
0.9		0.333333		14.1085
0.9		0.4		14.0537
0.9		0.466667		11.5736
0.9		0.533333		9.74699
0.9		0.6		7.87369
0.9		0.666667		6.2014
0.9		0.733333		9.30666
0.9		0.8		10.2622
0.9		0.866667		9.94696
0.9		0.933333		4.73089
0.92		0		10.6838
0.92		0.0666667		9.38626
0.92		0.133333		10.7697
0.92		0.2		16.7424
0.92		0.266667		11.4789
0.92		0.333333		14.238
0.92		0.4		14.7183
0.92		0.466667		12.3193
0.92		0.533333		10.4442
0.92		0.6		9.61373
0.92		0.666667		5.23859
0.92		0.733333		10.005
0.92		0.8		9.62587
0.92		0.866667		10.8815
0.92		0.933333		5.21968
0.94		0		10.7923
0.94		0.0666667		9.40333
0.94		0.133333		11.3563
0.94		0.2		16.0828
0.94		0.266667		11.6747
0.94		0.333333		14.5101
0.94		0.4		14.7991
0.94		0.466667		12.4369
0.94		0.533333		10.9496
0.94		0.6		10.5682
0.94		0.666667		5.21987
0.94		0.733333		11.5853
0.94		0.8		11.4405
0.94		0.866667		11.8188
0.94		0.933333		5.53093
0.96		0		12.287
0.96		0.0666667		9.31378
0.96		0.133333		12.1373
0.96		0.2		15.759
0.96		0.266667		11.6981
0.96		0.333333		14.0103
0.96		0.4		14.5823
0.96		0.466667		12.9934
0.96		0.533333		10.688
0.96		0.6		11.0822
0.96		0.666667		6.24323
0.96		0.733333		10.2039
0.96		0.8		11.0201
0.96		0.866667		12.5842
0.96		0.933333		5.94844
0.98		0		12.0401
0.98		0.0666667		9.66831
0.98		0.133333		11.9839
0.98		0.2		15.7986
0.98		0.266667		11.8821
0.98		0.333333		14.0104
0.98		0.4		13.7274
0.98		0.466667		13.4758
0.98		0.533333		10.2217
0.98		0.6		10.6012
0.98		0.666667		5.48934
0.98		0.733333		10.6277
0.98		0.8		9.99046
0.98		0.866667		13.7658
0.98		0.933333		8.19879
1		0		10.7293
1		0.0666667		9.83133
1		0.133333		12.1275
1		0.2		15.6391
1		0.266667		12.762
1		0.333333		13.8819
1		0.4		13.4827
1		0.466667		13.7891
1		0.533333		10.0782
1		0.6		10.3592
1		0.666667		5.14957
1		0.733333		9.5273
1		0.8		9.42377
1		0.866667		12.5433
1		0.933333		6.58041
1.02		0		10.0701
1.02		0.0666667		10.0742
1.02		0.133333		11.5004
1.02		0.2		15.4635
1.02		0.266667		12.95
1.02		0.333333		13.74
1.02		0.4		12.6166
1.02		0.466667		13.8377
1.02		0.533333		9.39589
1.02		0.6		11.0823
1.02		0.666667		5.65354
1.02		0.733333		8.34572
1.02		0.8		9.10134
1.02		0.866667		15.4921
1.02		0.933333		5.97831
1.04		0		9.7709
1.04		0.0666667		10.4064
1.04		0.133333		10.892
1.04		0.2		14.6473
1.04		0.266667		13.2122
1.04		0.333333		12.9868
1.04		0.4		12.1565
1.04		0.466667		13.4911
1.04		0.533333		9.11459
1.04		0.6		11.0478
1.04		0.666667		5.17773
1.04		0.733333		7.51491
1.04		0.8		8.95549
1.04		0.866667		11.8641
1.04		0.933333		5.8568
1.06		0		9.69555
1.06		0.0666667		10.9132
1.06		0.133333		10.4824
1.06		0.2		13.8467
1.06		0.266667		13.8627
1.06		0.333333		12.2479
1.06		0.4		12.274
1.06		0.466667		12.6568
1.06		0.533333		9.08581
1.06		0.6		11.0145
1.06		0.666667		6.20905
1.06		0.733333		6.11784
1.06		0.8		10.1592
1.06		0.866667		10.7356
1.06		0.933333		5.75645
1.08		0		9.6361
1.08		0.0666667		11.4511
1.08		0.133333		10.0291
1.08		0.2		12.8639
1.08		0.266667		13.5034
1.08		0.333333		11.8595
1.08		0.4		12.7603
1.08		0.466667		11.4472
1.08		0.533333		9.10735
1.08		0.6		10.8565
1.08		0.666667		6.17699
1.08		0.733333		6.12944
1.08		0.8		9.15537
1.08		0.866667		9.63181
1.08		0.933333		5.65715
1.1		0		9.54813
1.1		0.0666667		11.422
1.1		0.133333		9.49409
1.1		0.2		11.8197
1.1		0.266667		12.9282
1.1		0.333333		11.7241
1.1		0.4		13.0177
1.1		0.466667		10.137
1.1		0.533333		9.11592
1.1		0.6		10.2101
1.1		0.666667		7.18324
1.1		0.733333		5.5414
1.1		0.8		8.41578
1.1		0.866667		8.72987
1.1		0.933333		5.58042
1.12		0		9.43172
1.12		0.0666667		11.9803
1.12		0.133333		8.89458
1.12		0.2		10.6989
1.12		0.266667		12.5924
1.12		0.333333		11.7215
1.12		0.4		12.8314
1.12		0.466667		8.99377
1.12		0.533333		9.25994
1.12		0.6		9.59073
1.12		0.666667		7.17487
1.12		0.733333		5.67152
1.12		0.8		8.25822
1.12		0.866667		8.03028
1.12		0.933333		5.54179
1.14		0		9.28628
1.14		0.0666667		12.0516
1.14		0.133333		9.79698
1.14		0.2		9.30072
1.14		0.266667		12.4034
1.14		0.333333		11.7765
1.14		0.4		12.443
1.14		0.466667		8.91458
1.14		0.533333		7.93007
1.14		0.6		9.40642
1.14		0.666667		7.19249
1.14		0.733333		5.99041
1.14		0.8		8.13487
1.14		0.866667		7.45854
1.14		0.933333		5.55339
1.16		0		9.10236
1.16		0.0666667		12.0362
1.16		0.133333		9.82027
1.16		0.2		8.44044
1.16		0.266667		12.2808
1.16		0.333333		11.8436
1.16		0.4		11.9975
1.16		0.466667		8.19967
1.16		0.533333		7.81709
1.16		0.6		8.88723
1.16		0.666667		7.19697
1.16		0.733333		6.38311
1.16		0.8		7.95261
1.16		0.866667		6.94808
1.16		0.933333		5.63388
1.18		0		8.86839
1.18		0.0666667		11.9566
1.18		0.133333		9.76264
1.18		0.2		7.7786
1.18		0.266667		12.1707
1.18		0.333333		11.8893
1.18		0.4		11.5353
1.18		0.466667		7.29425
1.18		0.533333		7.67788
1.18		0.6		8.82642
1.18		0.666667		7.18144
1.18		0.733333		6.33311
1.18		0.8		7.80622
1.18		0.866667		6.46761
1.18		0.933333		5.79558
1.2		0		8.58153
1.2		0.0666667		11.8416
1.2		0.133333		9.67191
1.2		0.2		7.2034
1.2		0.266667		12.0538
1.2		0.333333		11.8888
1.2		0.4		11.0726
1.2		0.466667		6.70022
1.2		0.533333		7.53224
1.2		0.6		9.09691
1.2		0.666667		7.13845
1.2		0.733333		6.02585
1.2		0.8		7.60603
1.2		0.866667		6.01552
1.2		0.933333		5.9107
1.22		0		8.25269
1.22		0.0666667		11.7041
1.22		0.133333		9.54827
1.22		0.2		6.73433
1.22		0.266667		11.9319
1.22		0.333333		11.8319
1.22		0.4		10.6215
1.22		0.466667		6.22073
1.22		0.533333		7.3962
1.22		0.6		8.58373
1.22		0.666667		7.0679
1.22		0.733333		5.75245
1.22		0.8		7.36814
1.22		0.866667		5.6006
1.22		0.933333		5.73871
1.24		0		7.90224
1.24		0.0666667		11.5214
1.24		0.133333		9.38964
1.24		0.2		6.98469
1.24		0.266667		11.1614
1.24		0.333333		11.7297
1.24		0.4		10.1912
1.24		0.466667		5.82974
1.24		0.533333		7.27624
1.24		0.6		8.01348
1.24		0.666667		6.97327
1.24		0.733333		5.5525
1.24		0.8		7.06028
1.24		0.866667		5.22926
1.24		0.933333		5.52171
1.26		0		7.55166
1.26		0.0666667		11.2526
1.26		0.133333		9.19325
1.26		0.2		6.6835
1.26		0.266667		10.943
1.26		0.333333		11.6326
1.26		0.4		9.78746
1.26		0.466667		5.5026
1.26		0.533333		7.16312
1.26		0.6		7.70254
1.26		0.666667		6.85978
1.26		0.733333		5.40739
1.26		0.8		6.77323
1.26		0.866667		4.90297
1.26		0.933333		5.41264
1.28		0		7.21749
1.28		0.0666667		10.8681
1.28		0.133333		8.95756
1.28		0.2		6.41506
1.28		0.266667		10.3155
1.28		0.333333		11.6477
1.28		0.4		9.41305
1.28		0.466667		5.21646
1.28		0.533333		7.03744
1.28		0.6		7.43787
1.28		0.666667		6.7331
1.28		0.733333		5.29921
1.28		0.8		6.49941
1.28		0.866667		4.6197
1.28		0.933333		5.33978
1.3		0		6.90944
1.3		0.0666667		10.3833
1.3		0.133333		8.68607
1.3		0.2		6.16929
1.3		0.266667		9.54353
1.3		0.333333		11.7013
1.3		0.4		9.06875
1.3		0.466667		4.95928
1.3		0.533333		6.89026
1.3		0.6		7.19945
1.3		0.666667		6.59848
1.3		0.733333		5.21618
1.3		0.8		6.2488
1.3		0.866667		4.37565
1.3		0.933333		5.26775
1.32		0		6.63104
1.32		0.0666667		9.85579
1.32		0.133333		8.38856
1.32		0.2		5.93954
1.32		0.266667		9.08879
1.32		0.333333		11.6422
1.32		0.4		8.75422
1.32		0.466667		4.72893
1.32		0.533333		6.84503
1.32		0.6		7.20225
1.32		0.666667		6.46038
1.32		0.733333		5.15094
1.32		0.8		6.02712
1.32		0.866667		4.16642
1.32		0.933333		5.19359
1.34		0		6.38115
1.34		0.0666667		9.34444
1.34		0.133333		6.66365
1.34		0.2		6.98162
1.34		0.266667		8.77345
1.34		0.333333		11.5054
1.34		0.4		8.46844
1.34		0.466667		4.52555
1.34		0.533333		7.37626
1.34		0.6		6.07068
1.34		0.666667		6.32238
1.34		0.733333		5.09882
1.34		0.8		5.83553
1.34		0.866667		3.98758
1.34		0.933333		5.1204
1.36		0		6.15562
1.36		0.0666667		8.88151
1.36		0.133333		6.41554
1.36		0.2		6.69934
1.36		0.266667		8.51577
1.36		0.333333		11.3305
1.36		0.4		8.20996
1.36		0.466667		4.34791
1.36		0.533333		7.1923
1.36		0.6		5.90392
1.36		0.666667		6.18718
1.36		0.733333		5.05674
1.36		0.8		5.67203
1.36		0.866667		3.83502
1.36		0.933333		5.05065
1.38		0		5.9489
1.38		0.0666667		8.47406
1.38		0.133333		6.18724
1.38		0.2		6.44383
1.38		0.266667		8.29166
1.38		0.333333		11.1384
1.38		0.4		6.74765
1.38		0.466667		5.42281
1.38		0.533333		7.02257
1.38		0.6		5.75396
1.38		0.666667		6.05674
1.38		0.733333		5.02264
1.38		0.8		5.53318
1.38		0.866667		3.70507
1.38		0.933333		4.98569
1.4		0		5.75566
1.4		0.0666667		8.11675
1.4		0.133333		5.96155
1.4		0.2		6.20127
1.4		0.266667		8.0921
1.4		0.333333		10.9403
1.4		0.4		6.58031
1.4		0.466667		5.24653
1.4		0.533333		6.86547
1.4		0.6		5.61881
1.4		0.666667		5.93237
1.4		0.733333		4.99507
1.4		0.8		5.4154
1.4		0.866667		3.59452
1.4		0.933333		4.92608
1.42		0		5.57208
1.42		0.0666667		7.80118
1.42		0.133333		5.75577
1.42		0.2		5.97256
1.42		0.266667		7.91264
1.42		0.333333		10.7429
1.42		0.4		6.43118
1.42		0.466667		4.88289
1.42		0.533333		6.95866
1.42		0.6		5.49718
1.42		0.666667		5.81485
1.42		0.733333		4.97303
1.42		0.8		5.00856
1.42		0.866667		3.8513
1.42		0.933333		4.87191
1.44		0		5.39653
1.44		0.0666667		7.51977
1.44		0.133333		5.56697
1.44		0.2		5.75872
1.44		0.266667		9.22342
1.44		0.333333		8.01528
1.44		0.4		7.04324
1.44		0.466667		4.61984
1.44		0.533333		6.96971
1.44		0.6		5.38788
1.44		0.666667		5.70455
1.44		0.733333		4.21432
1.44		0.8		5.66259
1.44		0.866667		3.47793
1.44		0.933333		5.0825
1.46		0		5.2293
1.46		0.0666667		6.77124
1.46		0.133333		5.96023
1.46		0.2		5.55995
1.46		0.266667		9.05818
1.46		0.333333		7.8656
1.46		0.4		6.91145
1.46		0.466667		4.70992
1.46		0.533333		6.60678
1.46		0.6		5.28976
1.46		0.666667		5.60156
1.46		0.733333		4.21562
1.46		0.8		5.5743
1.46		0.866667		3.62342
1.46		0.933333		4.85417
1.48		0		5.07169
1.48		0.0666667		6.5424
1.48		0.133333		5.80191
1.48		0.2		5.3761
1.48		0.266667		8.90475
1.48		0.333333		7.72321
1.48		0.4		6.79519
1.48		0.466667		4.61583
1.48		0.533333		6.48093
1.48		0.6		5.20177
1.48		0.666667		5.50575
1.48		0.733333		4.2203
1.48		0.8		5.49809
1.48		0.866667		3.55291
1.48		0.933333		4.82807
1.5		0		4.9251
1.5		0.0666667		6.3349
1.5		0.133333		5.65679
1.5		0.2		5.20669
1.5		0.266667		8.76276
1.5		0.333333		7.58833
1.5		0.4		6.69234
1.5		0.466667		4.53325
1.5		0.533333		6.36578
1.5		0.6		5.12293
1.5		0.666667		5.41684
1.5		0.733333		4.22783
1.5		0.8		5.43292
1.5		0.866667		3.49017
1.5		0.933333		4.80673
1.52		0		4.79043
1.52		0.0666667		6.14619
1.52		0.133333		5.52379
1.52		0.2		5.05101
1.52		0.266667		8.63172
1.52		0.333333		7.46103
1.52		0.4		6.60105
1.52		0.466667		4.46078
1.52		0.533333		6.26042
1.52		0.6		5.05234
1.52		0.666667		5.33446
1.52		0.733333		4.23787
1.52		0.8		5.37833
1.52		0.866667		3.43427
1.52		0.933333		4.78943
1.54		0		4.66787
1.54		0.0666667		5.97424
1.54		0.133333		5.40183
1.54		0.2		4.90817
1.54		0.266667		8.51103
1.54		0.333333		7.34124
1.54		0.4		6.5197
1.54		0.466667		4.39722
1.54		0.533333		6.164
1.54		0.6		4.9892
1.54		0.666667		5.25817
1.54		0.733333		4.25023
1.54		0.8		5.33494
1.54		0.866667		3.38441
1.54		0.933333		4.77549
1.56		0		4.55701
1.56		0.0666667		5.81733
1.56		0.133333		5.28989
1.56		0.2		4.77726
1.56		0.266667		8.40005
1.56		0.333333		7.22875
1.56		0.4		6.44692
1.56		0.466667		4.34151
1.56		0.533333		6.0757
1.56		0.6		4.93276
1.56		0.666667		5.18749
1.56		0.733333		4.26508
1.56		0.8		5.30643
1.56		0.866667		3.3399
1.56		0.933333		4.76431
1.58		0		4.45703
1.58		0.0666667		5.67397
1.58		0.133333		5.18701
1.58		0.2		4.65731
1.58		0.266667		8.29814
1.58		0.333333		7.12333
1.58		0.4		6.38152
1.58		0.466667		4.29277
1.58		0.533333		5.99476
1.58		0.6		4.88237
1.58		0.666667		5.12193
1.58		0.733333		4.28344
1.58		0.8		5.31099
1.58		0.866667		3.30014
1.58		0.933333		4.75533
1.6		0		4.36689
1.6		0.0666667		5.54284
1.6		0.133333		5.09232
1.6		0.2		4.54739
1.6		0.266667		8.20465
1.6		0.333333		7.02466
1.6		0.4		6.32249
1.6		0.466667		4.25019
1.6		0.533333		5.92048
1.6		0.6		4.83743
1.6		0.666667		5.06101
1.6		0.733333		4.30991
1.6		0.8		5.61669
1.6		0.866667		3.26463
1.6		0.933333		4.74808
1.62		0		4.28547
1.62		0.0666667		5.42278
1.62		0.133333		5.00504
1.62		0.2		4.44661
1.62		0.266667		8.11897
1.62		0.333333		6.9324
1.62		0.4		6.26897
1.62		0.466667		4.21309
1.62		0.533333		5.85224
1.62		0.6		4.79742
1.62		0.666667		5.00427
1.62		0.733333		4.37288
1.62		0.8		5.51948
1.62		0.866667		3.23289
1.62		0.933333		4.74215
1.64		0		4.21172
1.64		0.0666667		5.31274
1.64		0.133333		4.92444
1.64		0.2		4.35413
1.64		0.266667		8.0405
1.64		0.333333		6.84619
1.64		0.4		6.2202
1.64		0.466667		4.18084
1.64		0.533333		5.78944
1.64		0.6		4.76185
1.64		0.666667		4.95127
1.64		0.733333		4.72406
1.64		0.8		4.98021
1.64		0.866667		3.20455
1.64		0.933333		4.73721
1.66		0		4.14465
1.66		0.0666667		5.21177
1.66		0.133333		4.84991
1.66		0.2		4.26918
1.66		0.266667		7.96866
1.66		0.333333		6.76568
1.66		0.4		6.17553
1.66		0.466667		4.15289
1.66		0.533333		5.73156
1.66		0.6		4.73031
1.66		0.666667		4.90159
1.66		0.733333		5.07201
1.66		0.8		4.62374
1.66		0.866667		3.17926
1.66		0.933333		4.73297
1.68		0		4.0834
1.68		0.0666667		5.11901
1.68		0.133333		4.78085
1.68		0.2		4.19105
1.68		0.266667		7.90292
1.68		0.333333		6.6905
1.68		0.4		6.13437
1.68		0.466667		4.12873
1.68		0.533333		5.67813
1.68		0.6		4.70241
1.68		0.666667		4.85485
1.68		0.733333		5.01572
1.68		0.8		4.5682
1.68		0.866667		3.15672
1.68		0.933333		4.72923
1.7		0		4.02721
1.7		0.0666667		5.0337
1.7		0.133333		4.71676
1.7		0.2		4.11909
1.7		0.266667		7.84274
1.7		0.333333		6.6203
1.7		0.4		6.09618
1.7		0.466667		4.1079
1.7		0.533333		5.62873
1.7		0.6		4.67784
1.7		0.666667		4.8107
1.7		0.733333		4.99469
1.7		0.8		4.55282
1.7		0.866667		3.13667
1.7		0.933333		4.72581
1.72		0		3.97543
1.72		0.0666667		4.95512
1.72		0.133333		4.65718
1.72		0.2		4.05272
1.72		0.266667		7.78765
1.72		0.333333		6.55475
1.72		0.4		6.06048
1.72		0.466667		4.08995
1.72		0.533333		5.58297
1.72		0.6		4.65635
1.72		0.666667		4.7688
1.72		0.733333		4.99397
1.72		0.8		4.54815
1.72		0.866667		3.11887
1.72		0.933333		4.72262
1.74		0		3.92753
1.74		0.0666667		4.88268
1.74		0.133333		4.6017
1.74		0.2		3.99143
1.74		0.266667		7.73718
1.74		0.333333		6.49354
1.74		0.4		6.0268
1.74		0.466667		4.07447
1.74		0.533333		5.54051
1.74		0.6		4.63777
1.74		0.666667		4.72887
1.74		0.733333		5.00203
1.74		0.8		4.54843
1.74		0.866667		3.10313
1.74		0.933333		4.71956
1.76		0		3.88303
1.76		0.0666667		4.81579
1.76		0.133333		4.54996
1.76		0.2		3.93473
1.76		0.266667		7.69089
1.76		0.333333		6.43635
1.76		0.4		5.99468
1.76		0.466667		4.06107
1.76		0.533333		5.50106
1.76		0.6		4.62217
1.76		0.666667		4.69065
1.76		0.733333		5.01474
1.76		0.8		4.55181
1.76		0.866667		3.08925
1.76		0.933333		4.71658
1.78		0		3.84156
1.78		0.0666667		4.75395
1.78		0.133333		4.50162
1.78		0.2		3.8822
1.78		0.266667		7.64836
1.78		0.333333		6.38292
1.78		0.4		5.96368
1.78		0.466667		4.04939
1.78		0.533333		5.46433
1.78		0.6		4.61027
1.78		0.666667		4.6539
1.78		0.733333		5.03039
1.78		0.8		4.5575
1.78		0.866667		3.07708
1.78		0.933333		4.71367
1.8		0		3.80278
1.8		0.0666667		4.69672
1.8		0.133333		4.45638
1.8		0.2		3.83347
1.8		0.266667		7.6092
1.8		0.333333		6.33298
1.8		0.4		5.93334
1.8		0.466667		4.03909
1.8		0.533333		5.43007
1.8		0.6		4.60539
1.8		0.666667		4.61842
1.8		0.733333		5.04815
1.8		0.8		4.56502
1.8		0.866667		3.06648
1.8		0.933333		4.7108
1.82		0		3.76641
1.82		0.0666667		4.64368
1.82		0.133333		4.41399
1.82		0.2		3.78819
1.82		0.266667		7.57305
1.82		0.333333		6.28629
1.82		0.4		5.90325
1.82		0.466667		4.02987
1.82		0.533333		5.39808
1.82		0.6		4.6296
1.82		0.666667		4.58403
1.82		0.733333		5.0675
1.82		0.8		4.57408
1.82		0.866667		3.05732
1.82		0.933333		4.70798
1.84		0		3.73223
1.84		0.0666667		4.59445
1.84		0.133333		4.37421
1.84		0.2		3.74606
1.84		0.266667		7.53954
1.84		0.333333		6.24263
1.84		0.4		5.87298
1.84		0.466667		4.02144
1.84		0.533333		5.36815
1.84		0.6		5.11439
1.84		0.666667		4.55059
1.84		0.733333		5.08809
1.84		0.8		4.58446
1.84		0.866667		3.04948
1.84		0.933333		4.70522
1.86		0		3.70003
1.86		0.0666667		4.54872
1.86		0.133333		4.33681
1.86		0.2		3.7068
1.86		0.266667		7.50836
1.86		0.333333		6.2018
1.86		0.4		5.84214
1.86		0.466667		4.01357
1.86		0.533333		5.3401
1.86		0.6		4.63169
1.86		0.666667		4.51799
1.86		0.733333		5.10965
1.86		0.8		4.59598
1.86		0.866667		3.04286
1.86		0.933333		4.70253
1.88		0		3.66964
1.88		0.0666667		4.50618
1.88		0.133333		4.30162
1.88		0.2		3.67016
1.88		0.266667		7.47918
1.88		0.333333		6.16361
1.88		0.4		5.81042
1.88		0.466667		4.00607
1.88		0.533333		5.31377
1.88		0.6		4.56129
1.88		0.666667		4.48616
1.88		0.733333		5.13193
1.88		0.8		4.6085
1.88		0.866667		3.03736
1.88		0.933333		4.69992
1.9		0		3.6409
1.9		0.0666667		4.46655
1.9		0.133333		4.26845
1.9		0.2		3.63593
1.9		0.266667		7.45172
1.9		0.333333		6.12788
1.9		0.4		5.77759
1.9		0.466667		3.99878
1.9		0.533333		5.28903
1.9		0.6		4.54283
1.9		0.666667		4.45505
1.9		0.733333		5.1547
1.9		0.8		4.62189
1.9		0.866667		3.03291
1.9		0.933333		4.69742
1.92		0		3.61369
1.92		0.0666667		4.44175
1.92		0.133333		4.23714
1.92		0.2		4.544
1.92		0.266667		6.48561
1.92		0.333333		6.09447
1.92		0.4		5.74357
1.92		0.466667		3.99158
1.92		0.533333		5.26573
1.92		0.6		4.53146
1.92		0.666667		4.42466
1.92		0.733333		5.17775
1.92		0.8		4.63605
1.92		0.866667		3.02943
1.92		0.933333		4.69503
1.94		0		3.5879
1.94		0.0666667		4.3954
1.94		0.133333		3.9289
1.94		0.2		4.75543
1.94		0.266667		6.46315
1.94		0.333333		6.06322
1.94		0.4		5.73602
1.94		0.466667		3.95681
1.94		0.533333		5.24378
1.94		0.6		4.52196
1.94		0.666667		3.7036
1.94		0.733333		5.80592
1.94		0.8		4.6509
1.94		0.866667		3.02684
1.94		0.933333		4.69278
1.96		0		3.56342
1.96		0.0666667		4.36308
1.96		0.133333		3.66806
1.96		0.2		5.30829
1.96		0.266667		6.49602
1.96		0.333333		6.1063
1.96		0.4		3.98558
1.96		0.466667		4.77215
1.96		0.533333		5.95364
1.96		0.6		4.02328
1.96		0.666667		3.96071
1.96		0.733333		5.47839
1.96		0.8		3.21818
1.96		0.866667		4.51609
1.96		0.933333		6.06672
1.98		0		3.54015
1.98		0.0666667		4.33294
1.98		0.133333		3.88599
1.98		0.2		4.87988
1.98		0.266667		6.66283
1.98		0.333333		5.44552
1.98		0.4		4.34383
1.98		0.466667		4.92078
1.98		0.533333		5.72316
1.98		0.6		4.47367
1.98		0.666667		4.02504
1.98		0.733333		3.06893
1.98		0.8		4.85143
1.98		0.866667		5.03502
1.98		0.933333		5.94753
2		0		3.51802
2		0.0666667		4.30474
2		0.133333		3.86563
2		0.2		4.85536
2		0.266667		7.33544
2		0.333333		4.62468
2		0.4		4.33425
2		0.466667		5.63124
2		0.533333		4.85939
2		0.6		4.46165
2		0.666667		3.99328
2		0.733333		2.97567
2		0.8		4.96468
2		0.866667		5.05053
2		0.933333		5.95398
2.02		0		3.49696
2.02		0.0666667		4.27833
2.02		0.133333		3.84643
2.02		0.2		4.83231
2.02		0.266667		7.30645
2.02		0.333333		4.60771
2.02		0.4		4.32467
2.02		0.466667		5.59158
2.02		0.533333		4.855
2.02		0.6		4.4489
2.02		0.666667		3.963
2.02		0.733333		2.97352
2.02		0.8		4.98682
2.02		0.866667		5.0668
2.02		0.933333		5.96054
2.04		0		3.4769
2.04		0.0666667		4.25355
2.04		0.133333		3.8283
2.04		0.2		4.81063
2.04		0.266667		7.27779
2.04		0.333333		4.59214
2.04		0.4		4.31508
2.04		0.466667		5.55422
2.04		0.533333		4.85093
2.04		0.6		4.4351
2.04		0.666667		3.93448
2.04		0.733333		2.97189
2.04		0.8		5.00827
2.04		0.866667		5.08394
2.04		0.933333		5.96719
2.06		0		3.45777
2.06		0.0666667		4.23028
2.06		0.133333		3.81117
2.06		0.2		4.79019
2.06		0.266667		7.24941
2.06		0.333333		4.57789
2.06		0.4		4.30551
2.06		0.466667		5.51986
2.06		0.533333		4.84713
2.06		0.6		4.41991
2.06		0.666667		3.90805
2.06		0.733333		2.97075
2.06		0.8		5.02891
2.06		0.866667		5.10233
2.06		0.933333		5.97392
2.08		0		3.43952
2.08		0.0666667		4.20843
2.08		0.133333		3.79496
2.08		0.2		4.77091
2.08		0.266667		7.22134
2.08		0.333333		4.56486
2.08		0.4		4.29597
2.08		0.466667		5.48903
2.08		0.533333		4.84356
2.08		0.6		4.40298
2.08		0.666667		3.88408
2.08		0.733333		2.97006
2.08		0.8		5.04869
2.08		0.866667		5.12318
2.08		0.933333		5.9807
2.1		0		3.42209
2.1		0.0666667		4.18788
2.1		0.133333		3.7796
2.1		0.2		4.75268
2.1		0.266667		7.19371
2.1		0.333333		4.55295
2.1		0.4		4.28648
2.1		0.466667		5.46203
2.1		0.533333		4.84021
2.1		0.6		4.384
2.1		0.666667		3.86293
2.1		0.733333		2.96979
2.1		0.8		5.06753
2.1		0.866667		5.15167
2.1		0.933333		5.98751
2.12		0		3.40545
2.12		0.0666667		4.16853
2.12		0.133333		3.76505
2.12		0.2		4.73544
2.12		0.266667		7.16679
2.12		0.333333		4.5421
2.12		0.4		4.27705
2.12		0.466667		5.43891
2.12		0.533333		4.83704
2.12		0.6		4.36271
2.12		0.666667		3.84495
2.12		0.733333		2.96992
2.12		0.8		5.08539
2.12		0.866667		5.23199
2.12		0.933333		5.99434
2.14		0		3.38954
2.14		0.0666667		4.15031
2.14		0.133333		3.75124
2.14		0.2		4.7191
2.14		0.266667		7.14101
2.14		0.333333		4.53222
2.14		0.4		4.26772
2.14		0.466667		5.41954
2.14		0.533333		4.83405
2.14		0.6		4.33894
2.14		0.666667		3.83042
2.14		0.733333		2.97041
2.14		0.8		5.10224
2.14		0.866667		6.14829
2.14		0.933333		6.00119
2.16		0		3.37433
2.16		0.0666667		4.13314
2.16		0.133333		3.73812
2.16		0.2		4.7036
2.16		0.266667		7.11696
2.16		0.333333		4.52324
2.16		0.4		4.25849
2.16		0.466667		5.40364
2.16		0.533333		4.83122
2.16		0.6		4.31267
2.16		0.666667		3.81957
2.16		0.733333		2.97123
2.16		0.8		5.11808
2.16		0.866667		5.23893
2.16		0.933333		6.00803
2.18		0		3.35977
2.18		0.0666667		4.11694
2.18		0.133333		3.72566
2.18		0.2		4.68887
2.18		0.266667		7.09539
2.18		0.333333		4.51508
2.18		0.4		4.24938
2.18		0.466667		5.39083
2.18		0.533333		4.82854
2.18		0.6		4.2841
2.18		0.666667		3.81252
2.18		0.733333		2.97237
2.18		0.8		5.1329
2.18		0.866667		5.21835
2.18		0.933333		6.01487
2.2		0		3.34583
2.2		0.0666667		4.10165
2.2		0.133333		3.7138
2.2		0.2		4.67487
2.2		0.266667		7.07711
2.2		0.333333		4.50769
2.2		0.4		4.2404
2.2		0.466667		5.38071
2.2		0.533333		4.826
2.2		0.6		4.25372
2.2		0.666667		3.80931
2.2		0.733333		2.97379
2.2		0.8		5.14672
2.2		0.866667		5.2285
2.2		0.933333		6.02169
2.22		0		3.33248
2.22		0.0666667		4.08721
2.22		0.133333		3.70251
2.22		0.2		4.66154
2.22		0.266667		7.06288
2.22		0.333333		4.50101
2.22		0.4		4.23158
2.22		0.466667		5.37285
2.22		0.533333		4.82359
2.22		0.6		4.22235
2.22		0.666667		3.8098
2.22		0.733333		2.97547
2.22		0.8		5.15955
2.22		0.866667		5.24394
2.22		0.933333		6.02849
2.24		0		3.31968
2.24		0.0666667		4.07356
2.24		0.133333		3.69176
2.24		0.2		4.64883
2.24		0.266667		7.0533
2.24		0.333333		4.49497
2.24		0.4		4.22292
2.24		0.466667		5.36689
2.24		0.533333		4.82132
2.24		0.6		4.19114
2.24		0.666667		3.81379
2.24		0.733333		2.9774
2.24		0.8		5.17142
2.24		0.866667		5.26101
2.24		0.933333		6.03525
2.26		0		3.30741
2.26		0.0666667		4.06065
2.26		0.133333		3.6815
2.26		0.2		4.63671
2.26		0.266667		7.0486
2.26		0.333333		4.48952
2.26		0.4		4.21442
2.26		0.466667		5.36248
2.26		0.533333		4.81917
2.26		0.6		4.16148
2.26		0.666667		3.82095
2.26		0.733333		2.97954
2.26		0.8		5.18239
2.26		0.866667		5.27873
2.26		0.933333		6.04198
2.28		0		3.29564
2.28		0.0666667		4.04843
2.28		0.133333		3.67172
2.28		0.2		4.62513
2.28		0.266667		7.04863
2.28		0.333333		4.48462
2.28		0.4		4.20612
2.28		0.466667		5.35932
2.28		0.533333		4.81714
2.28		0.6		4.13486
2.28		0.666667		3.83087
2.28		0.733333		2.98189
2.28		0.8		5.19254
2.28		0.866667		5.29672
2.28		0.933333		6.04867
2.3		0		3.28434
2.3		0.0666667		4.03686
2.3		0.133333		3.66238
2.3		0.2		4.61406
2.3		0.266667		7.05281
2.3		0.333333		4.48022
2.3		0.4		4.198
2.3		0.466667		5.35718
2.3		0.533333		4.81523
2.3		0.6		4.11269
2.3		0.666667		3.84309
2.3		0.733333		2.98441
2.3		0.8		5.20217
2.3		0.866667		5.31483
2.3		0.933333		6.05532
2.32		0		3.27349
2.32		0.0666667		4.0259
2.32		0.133333		3.65345
2.32		0.2		4.60346
2.32		0.266667		7.06028
2.32		0.333333		4.47627
2.32		0.4		4.19008
2.32		0.466667		5.35585
2.32		0.533333		4.81344
2.32		0.6		4.09602
2.32		0.666667		3.85712
2.32		0.733333		2.9871
2.32		0.8		5.2159
2.32		0.866667		5.33295
2.32		0.933333		6.06192
2.34		0		3.26307
2.34		0.0666667		4.01551
2.34		0.133333		3.64492
2.34		0.2		4.59331
2.34		0.266667		7.07001
2.34		0.333333		4.47274
2.34		0.4		4.18236
2.34		0.466667		5.35517
2.34		0.533333		4.81176
2.34		0.6		4.08545
2.34		0.666667		3.87249
2.34		0.733333		2.98994
2.34		0.8		5.22783
2.34		0.866667		5.35102
2.34		0.933333		6.06847
2.36		0		3.25305
2.36		0.0666667		4.00565
2.36		0.133333		3.63676
2.36		0.2		4.58359
2.36		0.266667		7.08099
2.36		0.333333		4.46958
2.36		0.4		4.17485
2.36		0.466667		5.355
2.36		0.533333		4.81019
2.36		0.6		4.08104
2.36		0.666667		3.88874
2.36		0.733333		2.9929
2.36		0.8		5.22511
2.36		0.866667		5.369
2.36		0.933333		6.07497
2.38		0		3.24341
2.38		0.0666667		3.9963
2.38		0.133333		3.62895
2.38		0.2		4.57425
2.38		0.266667		7.09234
2.38		0.333333		4.46677
2.38		0.4		4.16754
2.38		0.466667		5.35524
2.38		0.533333		4.80873
2.38		0.6		4.08237
2.38		0.666667		3.90546
2.38		0.733333		2.99597
2.38		0.8		5.23053
2.38		0.866667		5.38684
2.38		0.933333		6.08141
2.4		0		3.23415
2.4		0.0666667		3.98742
2.4		0.133333		3.62147
2.4		0.2		4.56529
2.4		0.266667		7.10338
2.4		0.333333		4.46426
2.4		0.4		4.16045
2.4		0.466667		5.3558
2.4		0.533333		4.80738
2.4		0.6		4.08866
2.4		0.666667		3.9223
2.4		0.733333		2.99915
2.4		0.8		5.23576
2.4		0.866667		5.40452
2.4		0.933333		6.08779
2.42		0		3.22523
2.42		0.0666667		3.97899
2.42		0.133333		3.6143
2.42		0.2		4.55667
2.42		0.266667		7.11367
2.42		0.333333		4.46204
2.42		0.4		4.15357
2.42		0.466667		5.35662
2.42		0.533333		4.80614
2.42		0.6		4.09895
2.42		0.666667		3.93895
2.42		0.733333		3.00241
2.42		0.8		5.24047
2.42		0.866667		5.42201
2.42		0.933333		6.09411
2.44		0		3.21664
2.44		0.0666667		3.97097
2.44		0.133333		3.60743
2.44		0.2		4.54839
2.44		0.266667		7.12292
2.44		0.333333		4.46008
2.44		0.4		4.1469
2.44		0.466667		5.35765
2.44		0.533333		4.80501
2.44		0.6		4.11223
2.44		0.666667		3.95518
2.44		0.733333		3.00574
2.44		0.8		5.24462
2.44		0.866667		5.4393
2.44		0.933333		6.10038
2.46		0		3.20836
2.46		0.0666667		3.96335
2.46		0.133333		3.60084
2.46		0.2		4.54042
2.46		0.266667		7.131
2.46		0.333333		4.45835
2.46		0.4		4.14044
2.46		0.466667		5.35885
2.46		0.533333		4.80398
2.46		0.6		4.12757
2.46		0.666667		3.97081
2.46		0.733333		3.00913
2.46		0.8		5.24824
2.46		0.866667		5.45634
2.46		0.933333		6.10658
2.48		0		3.20039
2.48		0.0666667		3.9561
2.48		0.133333		3.59451
2.48		0.2		4.53274
2.48		0.266667		7.1379
2.48		0.333333		4.45682
2.48		0.4		4.13418
2.48		0.466667		5.36018
2.48		0.533333		4.80306
2.48		0.6		4.14418
2.48		0.666667		3.9857
2.48		0.733333		3.01257
2.48		0.8		5.25134
2.48		0.866667		5.47314
2.48		0.933333		6.11272
2.5		0		3.1927
2.5		0.0666667		3.9492
2.5		0.133333		3.58844
2.5		0.2		4.52534
2.5		0.266667		7.14367
2.5		0.333333		4.45549
2.5		0.4		4.12813
2.5		0.466667		5.36162
2.5		0.533333		4.80224
2.5		0.6		4.16141
2.5		0.666667		3.99978
2.5		0.733333		3.01605
2.5		0.8		5.25396
2.5		0.866667		5.48967
2.5		0.933333		6.11879
2.52		0		3.18529
2.52		0.0666667		3.94263
2.52		0.133333		3.5826
2.52		0.2		4.5182
2.52		0.266667		7.14839
2.52		0.333333		4.45432
2.52		0.4		4.12228
2.52		0.466667		5.36315
2.52		0.533333		4.80152
2.52		0.6		4.17876
2.52		0.666667		4.01298
2.52		0.733333		3.01956
2.52		0.8		5.25612
2.52		0.866667		5.50593
2.52		0.933333		6.1248
2.54		0		3.17814
2.54		0.0666667		3.93638
2.54		0.133333		3.57699
2.54		0.2		4.51132
2.54		0.266667		7.15216
2.54		0.333333		4.45332
2.54		0.4		4.11663
2.54		0.466667		5.36475
2.54		0.533333		4.80091
2.54		0.6		4.19589
2.54		0.666667		4.02529
2.54		0.733333		3.02308
2.54		0.8		5.25786
2.54		0.866667		5.52188
2.54		0.933333		6.13075
2.56		0		3.17124
2.56		0.0666667		3.93042
2.56		0.133333		3.5716
2.56		0.2		4.50467
2.56		0.266667		7.1551
2.56		0.333333		4.45245
2.56		0.4		4.11116
2.56		0.466667		5.36642
2.56		0.533333		4.8004
2.56		0.6		4.21253
2.56		0.666667		4.03671
2.56		0.733333		3.02662
2.56		0.8		5.25919
2.56		0.866667		5.53754
2.56		0.933333		6.13663
2.58		0		3.16457
2.58		0.0666667		3.92474
2.58		0.133333		3.56641
2.58		0.2		4.49825
2.58		0.266667		7.15731
2.58		0.333333		4.45171
2.58		0.4		4.10589
2.58		0.466667		5.36814
2.58		0.533333		4.79998
2.58		0.6		4.22854
2.58		0.666667		4.04726
2.58		0.733333		3.03016
2.58		0.8		5.26015
2.58		0.866667		5.55288
2.58		0.933333		6.14244
2.6		0		3.15813
2.6		0.0666667		3.91932
2.6		0.133333		3.56142
2.6		0.2		4.49204
2.6		0.266667		7.1589
2.6		0.333333		4.45108
2.6		0.4		4.10079
2.6		0.466667		5.36991
2.6		0.533333		4.79967
2.6		0.6		4.24381
2.6		0.666667		4.05696
2.6		0.733333		3.0337
2.6		0.8		5.26077
2.6		0.866667		5.5679
2.6		0.933333		6.14818
2.62		0		3.15191
2.62		0.0666667		3.91415
2.62		0.133333		3.55661
2.62		0.2		4.48604
2.62		0.266667		7.15995
2.62		0.333333		4.45056
2.62		0.4		4.09587
2.62		0.466667		5.37172
2.62		0.533333		4.79945
2.62		0.6		4.25831
2.62		0.666667		4.06587
2.62		0.733333		3.03722
2.62		0.8		5.26105
2.62		0.866667		5.58259
2.62		0.933333		6.15386
2.64		0		3.1459
2.64		0.0666667		3.90922
2.64		0.133333		3.55199
2.64		0.2		4.48024
2.64		0.266667		7.16055
2.64		0.333333		4.45013
2.64		0.4		4.09112
2.64		0.466667		5.37356
2.64		0.533333		4.79933
2.64		0.6		4.27201
2.64		0.666667		4.07401
2.64		0.733333		3.04074
2.64		0.8		5.26103
2.64		0.866667		5.59694
2.64		0.933333		6.15947
2.66		0		3.14008
2.66		0.0666667		3.90452
2.66		0.133333		3.54753
2.66		0.2		4.47461
2.66		0.266667		7.16076
2.66		0.333333		4.44979
2.66		0.4		4.08654
2.66		0.466667		5.37544
2.66		0.533333		4.7993
2.66		0.6		4.28493
2.66		0.666667		4.08145
2.66		0.733333		3.04423
2.66		0.8		5.26073
2.66		0.866667		5.61097
2.66		0.933333		6.16501
2.68		0		3.13446
2.68		0.0666667		3.90002
2.68		0.133333		3.54323
2.68		0.2		4.46917
2.68		0.266667		7.16065
2.68		0.333333		4.44952
2.68		0.4		4.08211
2.68		0.466667		5.37735
2.68		0.533333		4.79937
2.68		0.6		4.29709
2.68		0.666667		4.08822
2.68		0.733333		3.04769
2.68		0.8		5.26015
2.68		0.866667		5.62465
2.68		0.933333		6.17048
2.7		0		3.12901
2.7		0.0666667		3.89573
2.7		0.133333		3.53909
2.7		0.2		4.4639
2.7		0.266667		7.16028
2.7		0.333333		4.44932
2.7		0.4		4.07784
2.7		0.466667		5.37928
2.7		0.533333		4.79952
2.7		0.6		4.30853
2.7		0.666667		4.09439
2.7		0.733333		3.05113
2.7		0.8		5.25933
2.7		0.866667		5.63799
2.7		0.933333		6.17588
2.72		0		3.12374
2.72		0.0666667		3.89163
2.72		0.133333		3.53509
2.72		0.2		4.45878
2.72		0.266667		7.15967
2.72		0.333333		4.44919
2.72		0.4		4.07372
2.72		0.466667		5.38124
2.72		0.533333		4.79977
2.72		0.6		4.31927
2.72		0.666667		4.09999
2.72		0.733333		3.05453
2.72		0.8		5.25827
2.72		0.866667		5.65099
2.72		0.933333		6.18122
2.74		0		3.11864
2.74		0.0666667		3.8877
2.74		0.133333		3.53123
2.74		0.2		4.45382
2.74		0.266667		7.15888
2.74		0.333333		4.44912
2.74		0.4		4.06974
2.74		0.466667		5.38322
2.74		0.533333		4.8001
2.74		0.6		4.32936
2.74		0.666667		4.10508
2.74		0.733333		3.0579
2.74		0.8		5.257
2.74		0.866667		5.66365
2.74		0.933333		6.18648
2.76		0		3.1137
2.76		0.0666667		3.88396
2.76		0.133333		3.52751
2.76		0.2		4.44901
2.76		0.266667		7.15794
2.76		0.333333		4.44909
2.76		0.4		4.0659
2.76		0.466667		5.38523
2.76		0.533333		4.80052
2.76		0.6		4.33884
2.76		0.666667		4.1097
2.76		0.733333		3.06123
2.76		0.8		5.25553
2.76		0.866667		5.67597
2.76		0.933333		6.19168
2.78		0		3.10891
2.78		0.0666667		3.88037
2.78		0.133333		3.52392
2.78		0.2		4.44434
2.78		0.266667		7.15687
2.78		0.333333		4.44912
2.78		0.4		4.06219
2.78		0.466667		5.38726
2.78		0.533333		4.80103
2.78		0.6		4.34776
2.78		0.666667		4.11389
2.78		0.733333		3.06452
2.78		0.8		5.25387
2.78		0.866667		5.68795
2.78		0.933333		6.1968
2.8		0		3.10427
2.8		0.0666667		3.87694
2.8		0.133333		3.52045
2.8		0.2		4.43981
2.8		0.266667		7.1557
2.8		0.333333		4.44919
2.8		0.4		4.05861
2.8		0.466667		5.38931
2.8		0.533333		4.80162
2.8		0.6		4.35614
2.8		0.666667		4.11768
2.8		0.733333		3.06777
2.8		0.8		5.25204
2.8		0.866667		5.6996
2.8		0.933333		6.20186
2.82		0		3.09977
2.82		0.0666667		3.87366
2.82		0.133333		3.5171
2.82		0.2		4.43541
2.82		0.266667		7.15445
2.82		0.333333		4.4493
2.82		0.4		4.05515
2.82		0.466667		5.39137
2.82		0.533333		4.80228
2.82		0.6		4.36402
2.82		0.666667		4.12113
2.82		0.733333		3.07097
2.82		0.8		5.25006
2.82		0.866667		5.71093
2.82		0.933333		6.20685
2.84		0		3.0954
2.84		0.0666667		3.87051
2.84		0.133333		3.51386
2.84		0.2		4.43113
2.84		0.266667		7.15313
2.84		0.333333		4.44945
2.84		0.4		4.05182
2.84		0.466667		5.39346
2.84		0.533333		4.80303
2.84		0.6		4.37144
2.84		0.666667		4.12425
2.84		0.733333		3.07413
2.84		0.8		5.24796
2.84		0.866667		5.72193
2.84		0.933333		6.21177
2.86		0		3.09117
2.86		0.0666667		3.8675
2.86		0.133333		3.51073
2.86		0.2		4.42697
2.86		0.266667		7.15176
2.86		0.333333		4.44963
2.86		0.4		4.04859
2.86		0.466667		5.39556
2.86		0.533333		4.80386
2.86		0.6		4.37843
2.86		0.666667		4.12708
2.86		0.733333		3.07724
2.86		0.8		5.24578
2.86		0.866667		5.73261
2.86		0.933333		6.21663
2.88		0		3.08706
2.88		0.0666667		3.86462
2.88		0.133333		3.50771
2.88		0.2		4.42293
2.88		0.266667		7.15036
2.88		0.333333		4.44984
2.88		0.4		4.04547
2.88		0.466667		5.39768
2.88		0.533333		4.80476
2.88		0.6		4.38501
2.88		0.666667		4.12964
2.88		0.733333		3.0803
2.88		0.8		5.24359
2.88		0.866667		5.74297
2.88		0.933333		6.22141
2.9		0		3.08307
2.9		0.0666667		3.86185
2.9		0.133333		3.50478
2.9		0.2		4.41899
2.9		0.266667		7.14892
2.9		0.333333		4.45008
2.9		0.4		4.04246
2.9		0.466667		5.39982
2.9		0.533333		4.80573
2.9		0.6		4.39121
2.9		0.666667		4.13197
2.9		0.733333		3.08331
2.9		0.8		5.24159
2.9		0.866667		5.75303
2.9		0.933333		6.22613
2.92		0		3.07919
2.92		0.0666667		3.8592
2.92		0.133333		3.50195
2.92		0.2		4.41517
2.92		0.266667		7.14748
2.92		0.333333		4.45034
2.92		0.4		4.03955
2.92		0.466667		5.40198
2.92		0.533333		4.80678
2.92		0.6		4.39707
2.92		0.666667		4.13409
2.92		0.733333		3.08627
2.92		0.8		5.24037
2.92		0.866667		5.7628
2.92		0.933333		6.23078
2.94		0		3.07543
2.94		0.0666667		3.85666
2.94		0.133333		3.49921
2.94		0.2		4.41144
2.94		0.266667		7.14601
2.94		0.333333		4.45063
2.94		0.4		4.03673
2.94		0.466667		5.40415
2.94		0.533333		4.8079
2.94		0.6		4.40258
2.94		0.666667		4.13601
2.94		0.733333		3.08919
2.94		0.8		5.24264
2.94		0.866667		5.77226
2.94		0.933333		6.23536
2.96		0		3.07178
2.96		0.0666667		3.85423
2.96		0.133333		3.49656
2.96		0.2		4.40782
2.96		0.266667		7.14455
2.96		0.333333		4.45094
2.96		0.4		4.03401
2.96		0.466667		5.40633
2.96		0.533333		4.80908
2.96		0.6		4.40779
2.96		0.666667		4.13776
2.96		0.733333		3.09205
2.96		0.8		5.28108
2.96		0.866667		5.78145
2.96		0.933333		6.23987
2.98		0		3.06822
2.98		0.0666667		3.85189
2.98		0.133333		3.21519
2.98		0.2		4.64824
2.98		0.266667		7.14309
2.98		0.333333		4.59099
2.98		0.4		3.16471
2.98		0.466667		5.48771
2.98		0.533333		6.51502
2.98		0.6		3.58635
2.98		0.666667		4.2592
2.98		0.733333		2.99
2.98		0.8		5.00122
2.98		0.866667		5.88999
2.98		0.933333		6.5862
3		0		3.06477
3		0.0666667		3.84965
3		0.133333		3.21337
3		0.2		4.64422
3		0.266667		7.14163
3		0.333333		4.52448
3		0.4		3.22038
3		0.466667		5.49062
3		0.533333		6.51833
3		0.6		3.72192
3		0.666667		3.99213
3		0.733333		2.23439
3		0.8		5.66991
3		0.866667		5.89748
3		0.933333		6.59068
3.02		0		3.06141
3.02		0.0666667		3.84749
3.02		0.133333		3.21161
3.02		0.2		4.6403
3.02		0.266667		7.14019
3.02		0.333333		4.52437
3.02		0.4		3.21806
3.02		0.466667		5.49352
3.02		0.533333		6.5217
3.02		0.6		3.72403
3.02		0.666667		3.99497
3.02		0.733333		2.23508
3.02		0.8		5.65878
3.02		0.866667		5.90471
3.02		0.933333		6.59509
3.04		0		3.05815
3.04		0.0666667		3.84543
3.04		0.133333		3.20992
3.04		0.2		4.63648
3.04		0.266667		7.13876
3.04		0.333333		4.5243
3.04		0.4		3.21581
3.04		0.466667		5.4964
3.04		0.533333		6.52513
3.04		0.6		3.72591
3.04		0.666667		3.99771
3.04		0.733333		2.23572
3.04		0.8		5.65456
3.04		0.866667		5.9117
3.04		0.933333		6.59944
3.06		0		3.05497
3.06		0.0666667		3.84344
3.06		0.133333		3.20828
3.06		0.2		4.63275
3.06		0.266667		7.13734
3.06		0.333333		4.52426
3.06		0.4		3.21363
3.06		0.466667		5.49927
3.06		0.533333		6.52861
3.06		0.6		3.72757
3.06		0.666667		4.00039
3.06		0.733333		2.23632
3.06		0.8		5.65159
3.06		0.866667		5.91844
3.06		0.933333		6.60372
3.08		0		3.05188
3.08		0.0666667		3.84153
3.08		0.133333		3.2067
3.08		0.2		4.62912
3.08		0.266667		7.13594
3.08		0.333333		4.52425
3.08		0.4		3.21152
3.08		0.466667		5.50213
3.08		0.533333		6.53214
3.08		0.6		3.72904
3.08		0.666667		4.003
3.08		0.733333		2.23686
3.08		0.8		5.64892
3.08		0.866667		5.92495
3.08		0.933333		6.60793
3.1		0		3.04887
3.1		0.0666667		3.8397
3.1		0.133333		3.20517
3.1		0.2		4.62557
3.1		0.266667		7.13457
3.1		0.333333		4.52428
3.1		0.4		3.20947
3.1		0.466667		5.50497
3.1		0.533333		6.53572
3.1		0.6		3.7303
3.1		0.666667		4.00557
3.1		0.733333		2.23735
3.1		0.8		5.64628
3.1		0.866667		5.93123
3.1		0.933333		6.61207
3.12		0		3.04594
3.12		0.0666667		3.83794
3.12		0.133333		3.2037
3.12		0.2		4.6221
3.12		0.266667		7.13321
3.12		0.333333		4.52434
3.12		0.4		3.20748
3.12		0.466667		5.5078
3.12		0.533333		6.53934
3.12		0.6		3.73139
3.12		0.666667		4.00811
3.12		0.733333		2.23779
3.12		0.8		5.64357
3.12		0.866667		5.93729
3.12		0.933333		6.61615
3.14		0		3.04308
3.14		0.0666667		3.83624
3.14		0.133333		3.20227
3.14		0.2		4.61872
3.14		0.266667		7.13188
3.14		0.333333		4.52442
3.14		0.4		3.20556
3.14		0.466667		5.51061
3.14		0.533333		6.543
3.14		0.6		3.7323
3.14		0.666667		4.01067
3.14		0.733333		2.23819
3.14		0.8		5.64075
3.14		0.866667		5.94315
3.14		0.933333		6.62016
3.16		0		3.04031
3.16		0.0666667		3.83461
3.16		0.133333		3.2009
3.16		0.2		4.61542
3.16		0.266667		7.13058
3.16		0.333333		4.52454
3.16		0.4		3.20369
3.16		0.466667		5.51342
3.16		0.533333		6.5467
3.16		0.6		3.73305
3.16		0.666667		4.01332
3.16		0.733333		2.23856
3.16		0.8		5.63779
3.16		0.866667		5.94881
3.16		0.933333		6.62411
3.18		0		3.0376
3.18		0.0666667		3.83304
3.18		0.133333		3.19957
3.18		0.2		4.61219
3.18		0.266667		7.1293
3.18		0.333333		4.52468
3.18		0.4		3.20188
3.18		0.466667		5.51621
3.18		0.533333		6.55044
3.18		0.6		3.73363
3.18		0.666667		4.01621
3.18		0.733333		2.23895
3.18		0.8		5.63467
3.18		0.866667		5.95427
3.18		0.933333		6.628
3.2		0		3.03496
3.2		0.0666667		3.83153
3.2		0.133333		3.19828
3.2		0.2		4.60904
3.2		0.266667		7.12804
3.2		0.333333		4.52485
3.2		0.4		3.20012
3.2		0.466667		5.51899
3.2		0.533333		6.55421
3.2		0.6		3.73406
3.2		0.666667		4.01994
3.2		0.733333		2.23962
3.2		0.8		5.63137
3.2		0.866667		5.95955
3.2		0.933333		6.63183
3.22		0		3.03239
3.22		0.0666667		3.83008
3.22		0.133333		3.19704
3.22		0.2		4.60596
3.22		0.266667		7.12682
3.22		0.333333		4.52504
3.22		0.4		3.19841
3.22		0.466667		5.52176
3.22		0.533333		6.55801
3.22		0.6		3.73434
3.22		0.666667		4.02789
3.22		0.733333		2.24243
3.22		0.8		5.62789
3.22		0.866667		5.96466
3.22		0.933333		6.63559
3.24		0		3.02988
3.24		0.0666667		3.82868
3.24		0.133333		3.19584
3.24		0.2		4.60295
3.24		0.266667		7.12562
3.24		0.333333		4.52526
3.24		0.4		3.19676
3.24		0.466667		5.52452
3.24		0.533333		6.56184
3.24		0.6		3.73448
3.24		0.666667		4.22526
3.24		0.733333		2.36734
3.24		0.8		5.62421
3.24		0.866667		5.96959
3.24		0.933333		6.63929
3.26		0		3.02744
3.26		0.0666667		3.82733
3.26		0.133333		3.19468
3.26		0.2		4.60001
3.26		0.266667		7.12444
3.26		0.333333		4.52551
3.26		0.4		3.19516
3.26		0.466667		5.52726
3.26		0.533333		6.56569
3.26		0.6		3.73448
3.26		0.666667		4.04313
3.26		0.733333		2.5871
3.26		0.8		5.62031
3.26		0.866667		5.97436
3.26		0.933333		6.64294
3.28		0		3.02505
3.28		0.0666667		3.82603
3.28		0.133333		3.19356
3.28		0.2		4.59713
3.28		0.266667		7.12329
3.28		0.333333		4.52578
3.28		0.4		3.1936
3.28		0.466667		5.53
3.28		0.533333		6.56957
3.28		0.6		3.73434
3.28		0.666667		4.03614
3.28		0.733333		2.25895
3.28		0.8		5.61618
3.28		0.866667		5.97898
3.28		0.933333		6.64653
3.3		0		3.02272
3.3		0.0666667		3.82477
3.3		0.133333		3.19248
3.3		0.2		4.59431
3.3		0.266667		7.12217
3.3		0.333333		4.52609
3.3		0.4		3.1921
3.3		0.466667		5.53272
3.3		0.533333		6.57347
3.3		0.6		3.73408
3.3		0.666667		4.03552
3.3		0.733333		2.245
3.3		0.8		5.61181
3.3		0.866667		5.98345
3.3		0.933333		6.65008
3.32		0		3.02045
3.32		0.0666667		3.82356
3.32		0.133333		3.19143
3.32		0.2		4.59156
3.32		0.266667		7.12108
3.32		0.333333		4.52642
3.32		0.4		3.19064
3.32		0.466667		5.53543
3.32		0.533333		6.5774
3.32		0.6		3.73368
3.32		0.666667		4.03591
3.32		0.733333		2.24243
3.32		0.8		5.60718
3.32		0.866667		5.98777
3.32		0.933333		6.65358
3.34		0		3.01824
3.34		0.0666667		3.8224
3.34		0.133333		3.19042
3.34		0.2		4.58887
3.34		0.266667		7.12002
3.34		0.333333		4.5268
3.34		0.4		3.18923
3.34		0.466667		5.53813
3.34		0.533333		6.58134
3.34		0.6		3.73316
3.34		0.666667		4.0366
3.34		0.733333		2.24204
3.34		0.8		5.60227
3.34		0.866667		5.99197
3.34		0.933333		6.65706
3.36		0		3.01608
3.36		0.0666667		3.82127
3.36		0.133333		3.18944
3.36		0.2		4.58623
3.36		0.266667		7.11898
3.36		0.333333		4.52721
3.36		0.4		3.18786
3.36		0.466667		5.54083
3.36		0.533333		6.58529
3.36		0.6		3.73252
3.36		0.666667		4.03741
3.36		0.733333		2.24236
3.36		0.8		5.59706
3.36		0.866667		5.99603
3.36		0.933333		6.66054
3.38		0		3.01397
3.38		0.0666667		3.82018
3.38		0.133333		3.18849
3.38		0.2		4.58365
3.38		0.266667		7.11797
3.38		0.333333		4.52768
3.38		0.4		3.18654
3.38		0.466667		5.54351
3.38		0.533333		6.58926
3.38		0.6		3.73175
3.38		0.666667		4.03828
3.38		0.733333		2.24298
3.38		0.8		5.59154
3.38		0.866667		5.99997
3.38		0.933333		6.6641
3.4		0		3.0119
3.4		0.0666667		3.81913
3.4		0.133333		3.18757
3.4		0.2		4.58112
3.4		0.266667		7.11698
3.4		0.333333		4.52822
3.4		0.4		3.18527
3.4		0.466667		5.54618
3.4		0.533333		6.59324
3.4		0.6		3.73087
3.4		0.666667		4.03916
3.4		0.733333		2.24375
3.4		0.8		5.58567
3.4		0.866667		6.00379
3.4		0.933333		6.66796
3.42		0		3.00989
3.42		0.0666667		3.81812
3.42		0.133333		3.18669
3.42		0.2		4.57865
3.42		0.266667		7.11602
3.42		0.333333		4.52884
3.42		0.4		3.18405
3.42		0.466667		5.54884
3.42		0.533333		6.59723
3.42		0.6		3.72986
3.42		0.666667		4.04006
3.42		0.733333		2.2446
3.42		0.8		5.57943
3.42		0.866667		6.0075
3.42		0.933333		6.67302
3.44		0		3.00792
3.44		0.0666667		3.81714
3.44		0.133333		3.18583
3.44		0.2		4.57623
3.44		0.266667		7.11509
3.44		0.333333		4.52958
3.44		0.4		3.18287
3.44		0.466667		5.55149
3.44		0.533333		6.60123
3.44		0.6		3.72874
3.44		0.666667		4.04095
3.44		0.733333		2.2455
3.44		0.8		5.57281
3.44		0.866667		6.0111
3.44		0.933333		6.68732
3.46		0		3.006
3.46		0.0666667		3.81619
3.46		0.133333		3.185
3.46		0.2		4.57385
3.46		0.266667		7.11418
3.46		0.333333		4.5305
3.46		0.4		3.18176
3.46		0.466667		5.55413
3.46		0.533333		6.60524
3.46		0.6		3.72751
3.46		0.666667		4.04184
3.46		0.733333		2.24643
3.46		0.8		5.56577
3.46		0.866667		6.0146
3.46		0.933333		7.4191
3.48		0		3.00412
3.48		0.0666667		3.81528
3.48		0.133333		3.1842
3.48		0.2		4.57153
3.48		0.266667		7.11329
3.48		0.333333		4.53168
3.48		0.4		3.1807
3.48		0.466667		5.55676
3.48		0.533333		6.60926
3.48		0.6		3.72616
3.48		0.666667		4.04273
3.48		0.733333		2.24737
3.48		0.8		5.5583
3.48		0.866667		6.018
3.48		0.933333		6.68855
3.5		0		3.00229
3.5		0.0666667		3.81439
3.5		0.133333		3.18343
3.5		0.2		4.56925
3.5		0.266667		7.11244
3.5		0.333333		4.53332
3.5		0.4		3.17972
3.5		0.466667		5.55938
3.5		0.533333		6.61327
3.5		0.6		3.72469
3.5		0.666667		4.04361
3.5		0.733333		2.24832
3.5		0.8		5.55038
3.5		0.866667		6.02132
3.5		0.933333		6.68424
3.52		0		3.00049
3.52		0.0666667		3.81353
3.52		0.133333		3.18268
3.52		0.2		4.56702
3.52		0.266667		7.1116
3.52		0.333333		4.53577
3.52		0.4		3.17883
3.52		0.466667		5.562
3.52		0.533333		6.61729
3.52		0.6		3.72311
3.52		0.666667		4.04449
3.52		0.733333		2.24927
3.52		0.8		5.54198
3.52		0.866667		6.02454
3.52		0.933333		6.68565
3.54		0		2.99874
3.54		0.0666667		3.8127
3.54		0.133333		3.18196
3.54		0.2		4.56483
3.54		0.266667		7.11079
3.54		0.333333		4.54
3.54		0.4		3.17806
3.54		0.466667		5.5646
3.54		0.533333		6.62132
3.54		0.6		3.72142
3.54		0.666667		4.04536
3.54		0.733333		2.25022
3.54		0.8		5.53311
3.54		0.866667		6.02768
3.54		0.933333		6.68794
3.56		0		2.99702
3.56		0.0666667		3.8119
3.56		0.133333		3.18126
3.56		0.2		4.56269
3.56		0.266667		7.11
3.56		0.333333		4.54927
3.56		0.4		3.17748
3.56		0.466667		5.56719
3.56		0.533333		6.62534
3.56		0.6		3.71962
3.56		0.666667		4.04623
3.56		0.733333		2.25118
3.56		0.8		5.52376
3.56		0.866667		6.03074
3.56		0.933333		6.69046
3.58		0		2.99534
3.58		0.0666667		3.81112
3.58		0.133333		3.18058
3.58		0.2		4.56059
3.58		0.266667		7.10924
3.58		0.333333		4.58906
3.58		0.4		3.17723
3.58		0.466667		5.56977
3.58		0.533333		6.62936
3.58		0.6		3.7177
3.58		0.666667		4.0471
3.58		0.733333		2.25212
3.58		0.8		5.51395
3.58		0.866667		6.03372
3.58		0.933333		6.69303
3.6		0		2.9937
3.6		0.0666667		3.81036
3.6		0.133333		3.17993
3.6		0.2		4.55852
3.6		0.266667		7.1085
3.6		0.333333		5.0086
3.6		0.4		3.17761
3.6		0.466667		5.57235
3.6		0.533333		6.63338
3.6		0.6		3.71567
3.6		0.666667		4.04796
3.6		0.733333		2.25307
3.6		0.8		5.50371
3.6		0.866667		6.03664
3.6		0.933333		6.69561
3.62		0		2.9921
3.62		0.0666667		3.80963
3.62		0.133333		3.1793
3.62		0.2		4.5565
3.62		0.266667		7.10778
3.62		0.333333		4.77679
3.62		0.4		3.17958
3.62		0.466667		5.57491
3.62		0.533333		6.63739
3.62		0.6		3.71353
3.62		0.666667		4.04882
3.62		0.733333		2.254
3.62		0.8		5.49312
3.62		0.866667		6.03948
3.62		0.933333		6.69816
3.64		0		2.99052
3.64		0.0666667		3.80892
3.64		0.133333		3.17868
3.64		0.2		4.55452
3.64		0.266667		7.10708
3.64		0.333333		5.12001
3.64		0.4		3.18742
3.64		0.466667		5.57746
3.64		0.533333		6.6414
3.64		0.6		3.71128
3.64		0.666667		4.04968
3.64		0.733333		2.25493
3.64		0.8		5.48228
3.64		0.866667		6.04226
3.64		0.933333		6.70068
3.66		0		2.98898
3.66		0.0666667		3.80823
3.66		0.133333		3.17809
3.66		0.2		4.55257
3.66		0.266667		7.10641
3.66		0.333333		4.72033
3.66		0.4		3.24722
3.66		0.466667		5.58001
3.66		0.533333		6.6454
3.66		0.6		3.70892
3.66		0.666667		4.05053
3.66		0.733333		2.25586
3.66		0.8		5.47135
3.66		0.866667		6.04498
3.66		0.933333		6.70316
3.68		0		2.98748
3.68		0.0666667		3.80756
3.68		0.133333		3.17752
3.68		0.2		4.55066
3.68		0.266667		7.10576
3.68		0.333333		4.56865
3.68		0.4		3.4245
3.68		0.466667		5.58254
3.68		0.533333		6.6494
3.68		0.6		3.70645
3.68		0.666667		4.05139
3.68		0.733333		2.25678
3.68		0.8		5.46054
3.68		0.866667		6.04763
3.68		0.933333		6.7056
3.7		0		2.986
3.7		0.0666667		3.80691
3.7		0.133333		3.17697
3.7		0.2		4.54879
3.7		0.266667		7.10512
3.7		0.333333		4.45436
3.7		0.4		3.27594
3.7		0.466667		5.58507
3.7		0.533333		6.65339
3.7		0.6		3.70387
3.7		0.666667		4.05225
3.7		0.733333		2.25769
3.7		0.8		5.45013
3.7		0.866667		6.05024
3.7		0.933333		6.708
3.72		0		2.98456
3.72		0.0666667		3.80627
3.72		0.133333		3.17644
3.72		0.2		4.54695
3.72		0.266667		7.10451
3.72		0.333333		4.44496
3.72		0.4		3.2588
3.72		0.466667		5.58759
3.72		0.533333		6.65737
3.72		0.6		3.70119
3.72		0.666667		4.0531
3.72		0.733333		2.25859
3.72		0.8		5.44051
3.72		0.866667		6.05279
3.72		0.933333		6.71035
3.74		0		2.98314
3.74		0.0666667		3.80566
3.74		0.133333		3.17592
3.74		0.2		4.54515
3.74		0.266667		7.10392
3.74		0.333333		4.44291
3.74		0.4		3.25257
3.74		0.466667		5.5901
3.74		0.533333		6.66134
3.74		0.6		3.6984
3.74		0.666667		4.05396
3.74		0.733333		2.25949
3.74		0.8		5.43211
3.74		0.866667		6.05529
3.74		0.933333		6.71265
3.76		0		2.98176
3.76		0.0666667		3.80506
3.76		0.133333		3.17542
3.76		0.2		4.54338
3.76		0.266667		7.10334
3.76		0.333333		4.4425
3.76		0.4		3.24912
3.76		0.466667		5.59259
3.76		0.533333		6.6653
3.76		0.6		3.6955
3.76		0.666667		4.05482
3.76		0.733333		2.26037
3.76		0.8		5.42546
3.76		0.866667		6.05774
3.76		0.933333		6.71492
3.78		0		2.9804
3.78		0.0666667		3.80448
3.78		0.133333		3.17494
3.78		0.2		4.54164
3.78		0.266667		7.10279
3.78		0.333333		4.44265
3.78		0.4		3.24673
3.78		0.466667		5.59508
3.78		0.533333		6.66925
3.78		0.6		3.69251
3.78		0.666667		4.05568
3.78		0.733333		2.26125
3.78		0.8		5.42112
3.78		0.866667		6.06014
3.78		0.933333		6.71713
3.8		0		2.97907
3.8		0.0666667		3.80391
3.8		0.133333		3.17448
3.8		0.2		4.53993
3.8		0.266667		7.10225
3.8		0.333333		4.44305
3.8		0.4		3.24487
3.8		0.466667		5.59756
3.8		0.533333		6.67318
3.8		0.6		3.68943
3.8		0.666667		4.05654
3.8		0.733333		2.26212
3.8		0.8		5.41965
3.8		0.866667		6.06251
3.8		0.933333		6.71931
3.82		0		2.97777
3.82		0.0666667		3.80336
3.82		0.133333		3.17403
3.82		0.2		4.53825
3.82		0.266667		7.10173
3.82		0.333333		4.44356
3.82		0.4		3.2433
3.82		0.466667		5.60004
3.82		0.533333		6.67711
3.82		0.6		3.68625
3.82		0.666667		4.05741
3.82		0.733333		2.26299
3.82		0.8		5.42153
3.82		0.866667		6.06483
3.82		0.933333		6.72144
3.84		0		2.97649
3.84		0.0666667		3.80282
3.84		0.133333		3.17359
3.84		0.2		4.53661
3.84		0.266667		7.10123
3.84		0.333333		4.44413
3.84		0.4		3.24191
3.84		0.466667		5.6025
3.84		0.533333		6.68102
3.84		0.6		3.68299
3.84		0.666667		4.05828
3.84		0.733333		2.26384
3.84		0.8		5.42712
3.84		0.866667		6.06711
3.84		0.933333		6.72353
3.86		0		2.97524
3.86		0.0666667		3.8023
3.86		0.133333		3.17318
3.86		0.2		4.53499
3.86		0.266667		7.10075
3.86		0.333333		4.44474
3.86		0.4		3.24063
3.86		0.466667		5.60495
3.86		0.533333		6.68491
3.86		0.6		3.67965
3.86		0.666667		4.05915
3.86		0.733333		2.26469
3.86		0.8		5.43654
3.86		0.866667		6.06936
3.86		0.933333		6.72557
3.88		0		2.97401
3.88		0.0666667		3.80178
3.88		0.133333		3.17277
3.88		0.2		4.5334
3.88		0.266667		7.10029
3.88		0.333333		4.44537
3.88		0.4		3.23945
3.88		0.466667		5.6074
3.88		0.533333		6.68879
3.88		0.6		3.67624
3.88		0.666667		4.06002
3.88		0.733333		2.26553
3.88		0.8		5.44966
3.88		0.866667		6.07157
3.88		0.933333		6.72758
3.9		0		2.97281
3.9		0.0666667		3.80128
3.9		0.133333		3.17238
3.9		0.2		4.53184
3.9		0.266667		7.09984
3.9		0.333333		4.44602
3.9		0.4		3.23832
3.9		0.466667		5.60983
3.9		0.533333		6.69266
3.9		0.6		3.67277
3.9		0.666667		4.0609
3.9		0.733333		2.26636
3.9		0.8		5.46605
3.9		0.866667		6.07375
3.9		0.933333		6.72954
3.92		0		2.97163
3.92		0.0666667		3.8008
3.92		0.133333		3.17201
3.92		0.2		4.5303
3.92		0.266667		7.09941
3.92		0.333333		4.44667
3.92		0.4		3.23725
3.92		0.466667		5.61226
3.92		0.533333		6.6965
3.92		0.6		3.66925
3.92		0.666667		4.06178
3.92		0.733333		2.26718
3.92		0.8		5.48509
3.92		0.866667		6.07589
3.92		0.933333		6.73147
3.94		0		2.97047
3.94		0.0666667		3.80032
3.94		0.133333		3.17164
3.94		0.2		4.52879
3.94		0.266667		7.09899
3.94		0.333333		4.44733
3.94		0.4		3.23622
3.94		0.466667		5.61468
3.94		0.533333		6.70034
3.94		0.6		3.66569
3.94		0.666667		4.06267
3.94		0.733333		2.268
3.94		0.8		5.50597
3.94		0.866667		6.07801
3.94		0.933333		6.73335
3.96		0		2.96934
3.96		0.0666667		3.79985
3.96		0.133333		3.17129
3.96		0.2		4.52731
3.96		0.266667		7.0986
3.96		0.333333		4.44799
3.96		0.4		3.23522
3.96		0.466667		5.61708
3.96		0.533333		6.70415
3.96		0.6		3.66211
3.96		0.666667		4.06355
3.96		0.733333		2.26881
3.96		0.8		5.52785
3.96		0.866667		6.0801
3.96		0.933333		6.73519
3.98		0		2.96823
3.98		0.0666667		3.7994
3.98		0.133333		3.17095
3.98		0.2		4.52586
3.98		0.266667		7.09821
3.98		0.333333		4.44865
3.98		0.4		3.23425
3.98		0.466667		5.61948
3.98		0.533333		6.70795
3.98		0.6		3.65852
3.98		0.666667		4.06445
3.98		0.733333		2.26961
3.98		0.8		5.54992
3.98		0.866667		6.08216
3.98		0.933333		6.737
4		0		2.96713
4		0.0666667		3.79895
4		0.133333		3.17063
4		0.2		4.52442
4		0.266667		7.09784
4		0.333333		4.44931
4		0.4		3.23331
4		0.466667		5.62187
4		0.533333		6.71173
4		0.6		3.65495
4		0.666667		4.2125
4		0.733333		2.14164
4		0.8		5.5715
4		0.866667		6.08419
4		0.933333		6.73877
4.02		0		2.96606
4.02		0.0666667		3.79852
4.02		0.133333		3.17031
4.02		0.2		4.52302
4.02		0.266667		7.09749
4.02		0.333333		4.44997
4.02		0.4		3.23239
4.02		0.466667		5.62426
4.02		0.533333		6.71549
4.02		0.6		3.65141
4.02		0.666667		4.21345
4.02		0.733333		2.14238
4.02		0.8		5.59206
4.02		0.866667		6.08621
4.02		0.933333		6.7405
4.04		0		2.96501
4.04		0.0666667		3.79809
4.04		0.133333		3.17001
4.04		0.2		4.52163
4.04		0.266667		7.09715
4.04		0.333333		4.45062
4.04		0.4		3.2315
4.04		0.466667		5.62663
4.04		0.533333		6.71923
4.04		0.6		3.64794
4.04		0.666667		4.2144
4.04		0.733333		2.14312
4.04		0.8		5.61124
4.04		0.866667		6.08819
4.04		0.933333		6.7422
4.06		0		2.96398
4.06		0.0666667		3.79767
4.06		0.133333		3.16972
4.06		0.2		4.52027
4.06		0.266667		7.09683
4.06		0.333333		4.45128
4.06		0.4		3.23062
4.06		0.466667		5.62899
4.06		0.533333		6.72295
4.06		0.6		3.64455
4.06		0.666667		4.21535
4.06		0.733333		2.14385
4.06		0.8		5.62883
4.06		0.866667		6.09016
4.06		0.933333		6.74385
4.08		0		2.96297
4.08		0.0666667		3.79726
4.08		0.133333		3.16944
4.08		0.2		4.51893
4.08		0.266667		7.09652
4.08		0.333333		4.45194
4.08		0.4		3.22976
4.08		0.466667		5.63135
4.08		0.533333		6.72665
4.08		0.6		3.64128
4.08		0.666667		4.2163
4.08		0.733333		2.14459
4.08		0.8		5.64474
4.08		0.866667		6.0921
4.08		0.933333		6.74548
4.1		0		2.96197
4.1		0.0666667		3.79686
4.1		0.133333		3.16917
4.1		0.2		4.51761
4.1		0.266667		7.09622
4.1		0.333333		4.45259
4.1		0.4		3.22892
4.1		0.466667		5.6337
4.1		0.533333		6.73033
4.1		0.6		3.63816
4.1		0.666667		4.21725
4.1		0.733333		2.14531
4.1		0.8		5.65898
4.1		0.866667		6.09403
4.1		0.933333		6.74707
4.12		0		2.96099
4.12		0.0666667		3.79646
4.12		0.133333		3.16891
4.12		0.2		4.51632
4.12		0.266667		7.09594
4.12		0.333333		4.45324
4.12		0.4		3.22809
4.12		0.466667		5.63603
4.12		0.533333		6.73399
4.12		0.6		3.63524
4.12		0.666667		4.2182
4.12		0.733333		2.14603
4.12		0.8		5.67161
4.12		0.866667		6.09594
4.12		0.933333		6.74862
4.14		0		2.96004
4.14		0.0666667		3.79608
4.14		0.133333		3.16866
4.14		0.2		4.51504
4.14		0.266667		7.09567
4.14		0.333333		4.45389
4.14		0.4		3.22728
4.14		0.466667		5.63836
4.14		0.533333		6.73764
4.14		0.6		3.63254
4.14		0.666667		4.21915
4.14		0.733333		2.14675
4.14		0.8		5.68275
4.14		0.866667		6.09782
4.14		0.933333		6.75014
4.16		0		2.95909
4.16		0.0666667		3.7957
4.16		0.133333		3.16842
4.16		0.2		4.51379
4.16		0.266667		7.09541
4.16		0.333333		4.45453
4.16		0.4		3.22649
4.16		0.466667		5.64068
4.16		0.533333		6.74126
4.16		0.6		3.63012
4.16		0.666667		4.2201
4.16		0.733333		2.14746
4.16		0.8		5.69253
4.16		0.866667		6.09969
4.16		0.933333		6.75163
4.18		0		2.95817
4.18		0.0666667		3.79532
4.18		0.133333		3.16818
4.18		0.2		4.51256
4.18		0.266667		7.09517
4.18		0.333333		4.45517
4.18		0.4		3.2257
4.18		0.466667		5.643
4.18		0.533333		6.74485
4.18		0.6		3.62801
4.18		0.666667		4.22106
4.18		0.733333		2.14817
4.18		0.8		5.70109
4.18		0.866667		6.10155
4.18		0.933333		6.75308
4.2		0		2.95726
4.2		0.0666667		3.79495
4.2		0.133333		3.16796
4.2		0.2		4.51134
4.2		0.266667		7.09494
4.2		0.333333		4.45581
4.2		0.4		3.22494
4.2		0.466667		5.6453
4.2		0.533333		6.74843
4.2		0.6		3.62628
4.2		0.666667		4.22201
4.2		0.733333		2.14888
4.2		0.8		5.70857
4.2		0.866667		6.10339
4.2		0.933333		6.75451
4.22		0		2.95637
4.22		0.0666667		3.79459
4.22		0.133333		3.16775
4.22		0.2		4.51015
4.22		0.266667		7.09472
4.22		0.333333		4.45645
4.22		0.4		3.22418
4.22		0.466667		5.64759
4.22		0.533333		6.75199
4.22		0.6		3.62496
4.22		0.666667		4.22297
4.22		0.733333		2.14958
4.22		0.8		5.71509
4.22		0.866667		6.10522
4.22		0.933333		6.7559
4.24		0		2.95549
4.24		0.0666667		3.79424
4.24		0.133333		3.16754
4.24		0.2		4.50897
4.24		0.266667		7.09451
4.24		0.333333		4.45708
4.24		0.4		3.22344
4.24		0.466667		5.64988
4.24		0.533333		6.75552
4.24		0.6		3.62411
4.24		0.666667		4.22392
4.24		0.733333		2.15028
4.24		0.8		5.72078
4.24		0.866667		6.10703
4.24		0.933333		6.75726
4.26		0		2.95463
4.26		0.0666667		3.79389
4.26		0.133333		3.16735
4.26		0.2		4.50781
4.26		0.266667		7.09431
4.26		0.333333		4.45771
4.26		0.4		3.22271
4.26		0.466667		5.65216
4.26		0.533333		6.75903
4.26		0.6		3.62378
4.26		0.666667		4.22488
4.26		0.733333		2.15097
4.26		0.8		5.72574
4.26		0.866667		6.10882
4.26		0.933333		6.75859
4.28		0		2.95378
4.28		0.0666667		3.79354
4.28		0.133333		3.16716
4.28		0.2		4.50667
4.28		0.266667		7.09413
4.28		0.333333		4.45834
4.28		0.4		3.22199
4.28		0.466667		5.65443
4.28		0.533333		6.76252
4.28		0.6		3.62402
4.28		0.666667		4.22584
4.28		0.733333		2.15166
4.28		0.8		5.73008
4.28		0.866667		6.11061
4.28		0.933333		6.75989
4.3		0		2.95295
4.3		0.0666667		3.7932
4.3		0.133333		3.16698
4.3		0.2		4.50555
4.3		0.266667		7.09395
4.3		0.333333		4.45896
4.3		0.4		3.22128
4.3		0.466667		5.65669
4.3		0.533333		6.76599
4.3		0.6		3.62488
4.3		0.666667		4.2268
4.3		0.733333		2.15234
4.3		0.8		5.73387
4.3		0.866667		6.11238
4.3		0.933333		6.76117
4.32		0		2.95213
4.32		0.0666667		3.79287
4.32		0.133333		3.1668
4.32		0.2		4.50445
4.32		0.266667		7.09379
4.32		0.333333		4.45959
4.32		0.4		3.22058
4.32		0.466667		5.65894
4.32		0.533333		6.76944
4.32		0.6		3.62641
4.32		0.666667		4.22777
4.32		0.733333		2.15302
4.32		0.8		5.7372
4.32		0.866667		6.11415
4.32		0.933333		6.76241
4.34		0		2.95133
4.34		0.0666667		3.79254
4.34		0.133333		3.16664
4.34		0.2		4.50336
4.34		0.266667		7.09364
4.34		0.333333		4.4602
4.34		0.4		3.2199
4.34		0.466667		5.66118
4.34		0.533333		6.77286
4.34		0.6		3.62865
4.34		0.666667		4.22873
4.34		0.733333		2.1537
4.34		0.8		5.74012
4.34		0.866667		6.1159
4.34		0.933333		6.76363
4.36		0		2.95054
4.36		0.0666667		3.79221
4.36		0.133333		3.16648
4.36		0.2		4.50229
4.36		0.266667		7.0935
4.36		0.333333		4.46082
4.36		0.4		3.21922
4.36		0.466667		5.66341
4.36		0.533333		6.77626
4.36		0.6		3.63162
4.36		0.666667		4.22969
4.36		0.733333		2.15437
4.36		0.8		5.74269
4.36		0.866667		6.11764
4.36		0.933333		6.76482
4.38		0		2.94976
4.38		0.0666667		3.79189
4.38		0.133333		3.16633
4.38		0.2		4.50123
4.38		0.266667		7.09337
4.38		0.333333		4.46143
4.38		0.4		3.21856
4.38		0.466667		5.66564
4.38		0.533333		6.77963
4.38		0.6		3.63536
4.38		0.666667		4.23066
4.38		0.733333		2.15504
4.38		0.8		5.74496
4.38		0.866667		6.11937
4.38		0.933333		6.76598
4.4		0		2.949
4.4		0.0666667		3.79157
4.4		0.133333		3.16618
4.4		0.2		4.50019
4.4		0.266667		7.09325
4.4		0.333333		4.46204
4.4		0.4		3.2179
4.4		0.466667		5.66786
4.4		0.533333		6.78299
4.4		0.6		3.63989
4.4		0.666667		4.23163
4.4		0.733333		2.1557
4.4		0.8		5.74698
4.4		0.866667		6.12109
4.4		0.933333		6.76711
4.42		0		2.94825
4.42		0.0666667		3.79126
4.42		0.133333		3.16605
4.42		0.2		4.49917
4.42		0.266667		7.09313
4.42		0.333333		4.46264
4.42		0.4		3.21726
4.42		0.466667		5.67007
4.42		0.533333		6.78632
4.42		0.6		3.64521
4.42		0.666667		4.2326
4.42		0.733333		2.15636
4.42		0.8		5.74877
4.42		0.866667		6.12281
4.42		0.933333		6.76822
4.44		0		2.94751
4.44		0.0666667		3.79095
4.44		0.133333		3.16591
4.44		0.2		4.49816
4.44		0.266667		7.09303
4.44		0.333333		4.46324
4.44		0.4		3.21662
4.44		0.466667		5.67227
4.44		0.533333		6.78963
4.44		0.6		3.65132
4.44		0.666667		4.23357
4.44		0.733333		2.15702
4.44		0.8		5.75038
4.44		0.866667		6.12451
4.44		0.933333		6.76931
4.46		0		2.94678
4.46		0.0666667		3.79064
4.46		0.133333		3.16579
4.46		0.2		4.49717
4.46		0.266667		7.09294
4.46		0.333333		4.46384
4.46		0.4		3.21599
4.46		0.466667		5.67446
4.46		0.533333		6.79291
4.46		0.6		3.65821
4.46		0.666667		4.23454
4.46		0.733333		2.15767
4.46		0.8		5.75182
4.46		0.866667		6.12621
4.46		0.933333		6.77037
4.48		0		2.94607
4.48		0.0666667		3.79034
4.48		0.133333		3.16567
4.48		0.2		4.49619
4.48		0.266667		7.09286
4.48		0.333333		4.46443
4.48		0.4		3.21538
4.48		0.466667		5.67664
4.48		0.533333		6.79617
4.48		0.6		3.66585
4.48		0.666667		4.23551
4.48		0.733333		2.15832
4.48		0.8		5.75313
4.48		0.866667		6.12789
4.48		0.933333		6.7714
4.5		0		2.94536
4.5		0.0666667		3.79003
4.5		0.133333		3.16556
4.5		0.2		4.49522
4.5		0.266667		7.09279
4.5		0.333333		4.46502
4.5		0.4		3.21477
4.5		0.466667		5.67882
4.5		0.533333		6.79941
4.5		0.6		3.6742
4.5		0.666667		4.23649
4.5		0.733333		2.15896
4.5		0.8		5.75432
4.5		0.866667		6.12958
4.5		0.933333		6.77241
4.52		0		2.94467
4.52		0.0666667		3.78974
4.52		0.133333		3.16545
4.52		0.2		4.49427
4.52		0.266667		7.09272
4.52		0.333333		4.46561
4.52		0.4		3.21417
4.52		0.466667		5.68098
4.52		0.533333		6.80263
4.52		0.6		3.68321
4.52		0.666667		4.23746
4.52		0.733333		2.1596
4.52		0.8		5.7554
4.52		0.866667		6.13125
4.52		0.933333		6.7734
4.54		0		2.94399
4.54		0.0666667		3.78944
4.54		0.133333		3.16535
4.54		0.2		4.49334
4.54		0.266667		7.09266
4.54		0.333333		4.46619
4.54		0.4		3.21357
4.54		0.466667		5.68314
4.54		0.533333		6.80582
4.54		0.6		3.69282
4.54		0.666667		4.23844
4.54		0.733333		2.16024
4.54		0.8		5.7564
4.54		0.866667		6.13292
4.54		0.933333		6.77436
4.56		0		2.94332
4.56		0.0666667		3.78915
4.56		0.133333		3.16525
4.56		0.2		4.49242
4.56		0.266667		7.09262
4.56		0.333333		4.46677
4.56		0.4		3.21299
4.56		0.466667		5.68529
4.56		0.533333		6.80899
4.56		0.6		3.70297
4.56		0.666667		4.23941
4.56		0.733333		2.16087
4.56		0.8		5.75733
4.56		0.866667		6.13458
4.56		0.933333		6.7753
4.58		0		2.94266
4.58		0.0666667		3.78886
4.58		0.133333		3.16516
4.58		0.2		4.49151
4.58		0.266667		7.09258
4.58		0.333333		4.46735
4.58		0.4		3.21241
4.58		0.466667		5.68743
4.58		0.533333		6.81214
4.58		0.6		3.71358
4.58		0.666667		4.24039
4.58		0.733333		2.1615
4.58		0.8		5.75819
4.58		0.866667		6.13623
4.58		0.933333		6.77622
4.6		0		2.94201
4.6		0.0666667		3.78858
4.6		0.133333		3.16507
4.6		0.2		4.49061
4.6		0.266667		7.09255
4.6		0.333333		4.46792
4.6		0.4		3.21185
4.6		0.466667		5.68957
4.6		0.533333		6.81526
4.6		0.6		3.72457
4.6		0.666667		4.24137
4.6		0.733333		2.16213
4.6		0.8		5.759
4.6		0.866667		6.13788
4.6		0.933333		6.77712
4.62		0		2.94138
4.62		0.0666667		3.78829
4.62		0.133333		3.16499
4.62		0.2		4.48973
4.62		0.266667		7.09253
4.62		0.333333		4.46849
4.62		0.4		3.21129
4.62		0.466667		5.69169
4.62		0.533333		6.81836
4.62		0.6		3.73587
4.62		0.666667		4.24235
4.62		0.733333		2.16275
4.62		0.8		5.75977
4.62		0.866667		6.13952
4.62		0.933333		6.778
4.64		0		2.94075
4.64		0.0666667		3.78801
4.64		0.133333		3.16492
4.64		0.2		4.48885
4.64		0.266667		7.09251
4.64		0.333333		4.46906
4.64		0.4		3.21073
4.64		0.466667		5.69381
4.64		0.533333		6.82144
4.64		0.6		3.74738
4.64		0.666667		4.24333
4.64		0.733333		2.16336
4.64		0.8		5.76051
4.64		0.866667		6.14116
4.64		0.933333		6.77885
4.66		0		2.94013
4.66		0.0666667		3.78773
4.66		0.133333		3.16485
4.66		0.2		4.488
4.66		0.266667		7.0925
4.66		0.333333		4.46962
4.66		0.4		3.21019
4.66		0.466667		5.69592
4.66		0.533333		6.82449
4.66		0.6		3.75903
4.66		0.666667		4.24432
4.66		0.733333		2.16398
4.66		0.8		5.76121
4.66		0.866667		6.14279
4.66		0.933333		6.77969
4.68		0		2.93952
4.68		0.0666667		3.78745
4.68		0.133333		3.16478
4.68		0.2		4.48715
4.68		0.266667		7.0925
4.68		0.333333		4.47018
4.68		0.4		3.20965
4.68		0.466667		5.69802
4.68		0.533333		6.82752
4.68		0.6		3.77073
4.68		0.666667		4.2453
4.68		0.733333		2.16459
4.68		0.8		5.76189
4.68		0.866667		6.14442
4.68		0.933333		6.7805
4.7		0		2.93892
4.7		0.0666667		3.78718
4.7		0.133333		3.16472
4.7		0.2		4.48631
4.7		0.266667		7.09251
4.7		0.333333		4.47073
4.7		0.4		3.20912
4.7		0.466667		5.70011
4.7		0.533333		6.83053
4.7		0.6		3.78243
4.7		0.666667		4.24628
4.7		0.733333		2.16519
4.7		0.8		5.76256
4.7		0.866667		6.14604
4.7		0.933333		6.78129
4.72		0		2.93833
4.72		0.0666667		3.7869
4.72		0.133333		3.16466
4.72		0.2		4.48549
4.72		0.266667		7.09253
4.72		0.333333		4.47129
4.72		0.4		3.2086
4.72		0.466667		5.70219
4.72		0.533333		6.83351
4.72		0.6		3.79403
4.72		0.666667		4.24727
4.72		0.733333		2.1658
4.72		0.8		5.76321
4.72		0.866667		6.14766
4.72		0.933333		6.78207
4.74		0		2.93775
4.74		0.0666667		3.78663
4.74		0.133333		3.16461
4.74		0.2		4.48468
4.74		0.266667		7.09255
4.74		0.333333		4.47183
4.74		0.4		3.20808
4.74		0.466667		5.70427
4.74		0.533333		6.83648
4.74		0.6		3.80549
4.74		0.666667		4.24825
4.74		0.733333		2.1664
4.74		0.8		5.76385
4.74		0.866667		6.14927
4.74		0.933333		6.78283
4.76		0		2.93717
4.76		0.0666667		3.78636
4.76		0.133333		3.16456
4.76		0.2		4.48388
4.76		0.266667		7.09258
4.76		0.333333		4.47238
4.76		0.4		3.20757
4.76		0.466667		5.70633
4.76		0.533333		6.83942
4.76		0.6		3.81675
4.76		0.666667		4.24924
4.76		0.733333		2.16699
4.76		0.8		5.76448
4.76		0.866667		6.15088
4.76		0.933333		6.78356
4.78		0		2.93661
4.78		0.0666667		3.78609
4.78		0.133333		3.16452
4.78		0.2		4.48309
4.78		0.266667		7.09262
4.78		0.333333		4.47292
4.78		0.4		3.20707
4.78		0.466667		5.70839
4.78		0.533333		6.84233
4.78		0.6		3.82777
4.78		0.666667		4.25022
4.78		0.733333		2.16758
4.78		0.8		5.76511
4.78		0.866667		6.15249
4.78		0.933333		6.78428
4.8		0		2.93605
4.8		0.0666667		3.78583
4.8		0.133333		3.16448
4.8		0.2		4.48231
4.8		0.266667		7.09266
4.8		0.333333		4.47346
4.8		0.4		3.20657
4.8		0.466667		5.71044
4.8		0.533333		6.84523
4.8		0.6		3.83849
4.8		0.666667		4.25121
4.8		0.733333		2.16817
4.8		0.8		5.76574
4.8		0.866667		6.15409
4.8		0.933333		6.78499
4.82		0		2.93551
4.82		0.0666667		3.78556
4.82		0.133333		3.16444
4.82		0.2		4.48154
4.82		0.266667		7.09271
4.82		0.333333		4.47399
4.82		0.4		3.20608
4.82		0.466667		5.71249
4.82		0.533333		6.8481
4.82		0.6		3.84889
4.82		0.666667		4.25219
4.82		0.733333		2.16876
4.82		0.8		5.76636
4.82		0.866667		6.15569
4.82		0.933333		6.78567
4.84		0		2.93497
4.84		0.0666667		3.7853
4.84		0.133333		3.16441
4.84		0.2		4.48078
4.84		0.266667		7.09277
4.84		0.333333		4.47452
4.84		0.4		3.2056
4.84		0.466667		5.71452
4.84		0.533333		6.85095
4.84		0.6		3.85895
4.84		0.666667		4.25318
4.84		0.733333		2.16934
4.84		0.8		5.76699
4.84		0.866667		6.15728
4.84		0.933333		6.78634
4.86		0		2.93444
4.86		0.0666667		3.78503
4.86		0.133333		3.16438
4.86		0.2		4.48003
4.86		0.266667		7.09283
4.86		0.333333		4.47505
4.86		0.4		3.20512
4.86		0.466667		5.71655
4.86		0.533333		6.85378
4.86		0.6		3.86864
4.86		0.666667		4.25417
4.86		0.733333		2.16992
4.86		0.8		5.76763
4.86		0.866667		6.15887
4.86		0.933333		6.78699
4.88		0		2.93391
4.88		0.0666667		3.78477
4.88		0.133333		3.16435
4.88		0.2		4.4793
4.88		0.266667		7.0929
4.88		0.333333		4.47557
4.88		0.4		3.20465
4.88		0.466667		5.71857
4.88		0.533333		6.85659
4.88		0.6		3.87794
4.88		0.666667		4.25515
4.88		0.733333		2.1705
4.88		0.8		5.76827
4.88		0.866667		6.16045
4.88		0.933333		6.78762
4.9		0		2.9334
4.9		0.0666667		3.78451
4.9		0.133333		3.16433
4.9		0.2		4.47857
4.9		0.266667		7.09297
4.9		0.333333		4.47609
4.9		0.4		3.20418
4.9		0.466667		5.72058
4.9		0.533333		6.85939
4.9		0.6		3.88687
4.9		0.666667		4.25614
4.9		0.733333		2.17107
4.9		0.8		5.76892
4.9		0.866667		6.16204
4.9		0.933333		6.78824
4.92		0		2.93289
4.92		0.0666667		3.78425
4.92		0.133333		3.16431
4.92		0.2		4.47785
4.92		0.266667		7.09305
4.92		0.333333		4.4766
4.92		0.4		3.20372
4.92		0.466667		5.72258
4.92		0.533333		6.86216
4.92		0.6		3.8954
4.92		0.666667		4.25713
4.92		0.733333		2.17164
4.92		0.8		5.76958
4.92		0.866667		6.16362
4.92		0.933333		6.78884
4.94		0		2.93239
4.94		0.0666667		3.78399
4.94		0.133333		3.16429
4.94		0.2		4.47714
4.94		0.266667		7.09314
4.94		0.333333		4.47712
4.94		0.4		3.20327
4.94		0.466667		5.72458
4.94		0.533333		6.86493
4.94		0.6		3.90354
4.94		0.666667		4.25812
4.94		0.733333		2.1722
4.94		0.8		5.77024
4.94		0.866667		6.16519
4.94		0.933333		6.78943
4.96		0		2.93189
4.96		0.0666667		3.78374
4.96		0.133333		3.16428
4.96		0.2		4.47644
4.96		0.266667		7.09323
4.96		0.333333		4.47762
4.96		0.4		3.20282
4.96		0.466667		5.72656
4.96		0.533333		6.86769
4.96		0.6		3.91131
4.96		0.666667		4.2591
4.96		0.733333		2.17277
4.96		0.8		5.77092
4.96		0.866667		6.16676
4.96		0.933333		6.79
4.98		0		2.93141
4.98		0.0666667		3.78348
4.98		0.133333		3.16427
4.98		0.2		4.47575
4.98		0.266667		7.09333
4.98		0.333333		4.47813
4.98		0.4		3.20238
4.98		0.466667		5.72854
4.98		0.533333		6.87051
4.98		0.6		3.91871
4.98		0.666667		4.26009
4.98		0.733333		2.17333
4.98		0.8		5.77161
4.98		0.866667		6.16833
4.98		0.933333		6.79056
5		0		2.93093
5		0.0666667		3.78323
5		0.133333		3.16427
5		0.2		4.47507
5		0.266667		7.09344
5		0.333333		4.47863
5		0.4		3.20194
5		0.466667		5.73051
5		0.533333		6.8736
5		0.6		3.92579
5		0.666667		4.26108
5		0.733333		2.17388
5		0.8		5.77231
5		0.866667		6.1699
5		0.933333		6.7911
