0.02		0		3.45056
0.02		0.0666667		3.16825
0.02		0.133333		4.61514
0.02		0.2		4.8589
0.02		0.266667		2.79063
0.02		0.333333		3.33701
0.02		0.4		3.34992
0.02		0.466667		2.10649
0.02		0.533333		3.75939
0.02		0.6		2.42558
0.02		0.666667		2.45311
0.02		0.733333		2.85193
0.02		0.8		2.46276
0.02		0.866667		2.43214
0.02		0.933333		2.54122
0.04		0		3.90428
0.04		0.0666667		3.61649
0.04		0.133333		4.98666
0.04		0.2		5.00289
0.04		0.266667		2.94156
0.04		0.333333		3.66759
0.04		0.4		3.57169
0.04		0.466667		2.2324
0.04		0.533333		3.83327
0.04		0.6		2.55754
0.04		0.666667		2.5615
0.04		0.733333		2.93984
0.04		0.8		2.55687
0.04		0.866667		2.48266
0.04		0.933333		2.58322
0.06		0		4.67077
0.06		0.0666667		4.25625
0.06		0.133333		5.58173
0.06		0.2		5.40044
0.06		0.266667		3.21302
0.06		0.333333		3.98794
0.06		0.4		4.01728
0.06		0.466667		2.43575
0.06		0.533333		4.02107
0.06		0.6		2.78976
0.06		0.666667		2.74311
0.06		0.733333		3.08509
0.06		0.8		2.70264
0.06		0.866667		2.56551
0.06		0.933333		2.64373
0.08		0		5.68947
0.08		0.0666667		4.9641
0.08		0.133333		6.38842
0.08		0.2		6.29604
0.08		0.266667		3.61293
0.08		0.333333		4.4789
0.08		0.4		4.36392
0.08		0.466667		2.76023
0.08		0.533333		4.10113
0.08		0.6		3.30637
0.08		0.666667		3.00226
0.08		0.733333		3.28345
0.08		0.8		2.88768
0.08		0.866667		2.67935
0.08		0.933333		2.71294
0.1		0		6.56803
0.1		0.0666667		5.59025
0.1		0.133333		7.42343
0.1		0.2		7.07057
0.1		0.266667		4.14111
0.1		0.333333		5.11836
0.1		0.4		5.06132
0.1		0.466667		2.84665
0.1		0.533333		4.82194
0.1		0.6		3.61356
0.1		0.666667		3.3475
0.1		0.733333		3.53111
0.1		0.8		3.10204
0.1		0.866667		2.82331
0.1		0.933333		2.78876
0.12		0		7.12444
0.12		0.0666667		6.36845
0.12		0.133333		8.65408
0.12		0.2		7.66201
0.12		0.266667		4.77862
0.12		0.333333		5.82616
0.12		0.4		5.64652
0.12		0.466667		3.20697
0.12		0.533333		5.17556
0.12		0.6		3.94767
0.12		0.666667		3.68429
0.12		0.733333		3.82616
0.12		0.8		3.34203
0.12		0.866667		2.99731
0.12		0.933333		2.87944
0.14		0		7.57501
0.14		0.0666667		7.25923
0.14		0.133333		9.8884
0.14		0.2		8.82151
0.14		0.266667		5.46157
0.14		0.333333		6.42496
0.14		0.4		6.34184
0.14		0.466667		3.62142
0.14		0.533333		5.52444
0.14		0.6		4.29328
0.14		0.666667		3.93545
0.14		0.733333		4.1732
0.14		0.8		3.61326
0.14		0.866667		3.20231
0.14		0.933333		2.99483
0.16		0		8.06122
0.16		0.0666667		8.26235
0.16		0.133333		11.0685
0.16		0.2		9.45696
0.16		0.266667		6.37348
0.16		0.333333		6.43279
0.16		0.4		7.48094
0.16		0.466667		4.09681
0.16		0.533333		5.85006
0.16		0.6		4.64528
0.16		0.666667		4.14372
0.16		0.733333		4.59236
0.16		0.8		3.9403
0.16		0.866667		3.44115
0.16		0.933333		3.13989
0.18		0		8.6279
0.18		0.0666667		9.23251
0.18		0.133333		12.473
0.18		0.2		9.91129
0.18		0.266667		7.34455
0.18		0.333333		6.38411
0.18		0.4		8.07727
0.18		0.466667		4.66009
0.18		0.533333		6.03503
0.18		0.6		5.21764
0.18		0.666667		4.26596
0.18		0.733333		5.12501
0.18		0.8		4.37949
0.18		0.866667		3.72528
0.18		0.933333		3.31579
0.2		0		9.30962
0.2		0.0666667		10.0796
0.2		0.133333		13.3875
0.2		0.2		11.4165
0.2		0.266667		8.4028
0.2		0.333333		6.88494
0.2		0.4		8.61775
0.2		0.466667		5.22672
0.2		0.533333		6.2576
0.2		0.6		5.57934
0.2		0.666667		4.75777
0.2		0.733333		5.69887
0.2		0.8		4.81779
0.2		0.866667		4.21238
0.2		0.933333		3.52268
0.22		0		9.7023
0.22		0.0666667		11.5736
0.22		0.133333		13.2347
0.22		0.2		11.8174
0.22		0.266667		9.91334
0.22		0.333333		7.57263
0.22		0.4		9.4506
0.22		0.466667		5.89399
0.22		0.533333		6.55176
0.22		0.6		6.08656
0.22		0.666667		5.6373
0.22		0.733333		5.84781
0.22		0.8		5.097
0.22		0.866667		4.54365
0.22		0.933333		3.76123
0.24		0		10.3596
0.24		0.0666667		12.4185
0.24		0.133333		15.2409
0.24		0.2		13.0447
0.24		0.266667		10.4647
0.24		0.333333		7.93862
0.24		0.4		10.9323
0.24		0.466667		6.88978
0.24		0.533333		6.85503
0.24		0.6		7.59529
0.24		0.666667		6.33283
0.24		0.733333		6.02053
0.24		0.8		5.46696
0.24		0.866667		4.78445
0.24		0.933333		4.03313
0.26		0		10.9481
0.26		0.0666667		13.6626
0.26		0.133333		14.6302
0.26		0.2		14.9975
0.26		0.266667		10.5195
0.26		0.333333		9.16992
0.26		0.4		12.6225
0.26		0.466667		7.7787
0.26		0.533333		7.31254
0.26		0.6		7.56041
0.26		0.666667		6.78397
0.26		0.733333		7.13398
0.26		0.8		5.96999
0.26		0.866667		5.20172
0.26		0.933333		4.34294
0.28		0		11.3541
0.28		0.0666667		14.5082
0.28		0.133333		17.2387
0.28		0.2		16.4248
0.28		0.266667		11.4812
0.28		0.333333		10.3614
0.28		0.4		13.2729
0.28		0.466667		8.7799
0.28		0.533333		7.95026
0.28		0.6		8.76287
0.28		0.666667		7.58169
0.28		0.733333		7.32483
0.28		0.8		6.59979
0.28		0.866667		5.69321
0.28		0.933333		4.68875
0.3		0		11.6536
0.3		0.0666667		15.5289
0.3		0.133333		17.9652
0.3		0.2		17.7336
0.3		0.266667		13.4329
0.3		0.333333		11.479
0.3		0.4		15.4418
0.3		0.466667		11.0882
0.3		0.533333		9.48132
0.3		0.6		10.0486
0.3		0.666667		8.51565
0.3		0.733333		7.85677
0.3		0.8		7.29818
0.3		0.866667		6.26319
0.3		0.933333		5.08989
0.32		0		12.2834
0.32		0.0666667		17.4814
0.32		0.133333		18.4685
0.32		0.2		20.2383
0.32		0.266667		15.4566
0.32		0.333333		14.4951
0.32		0.4		16.1551
0.32		0.466667		11.4806
0.32		0.533333		10.5381
0.32		0.6		10.4281
0.32		0.666667		10.6183
0.32		0.733333		8.84827
0.32		0.8		8.54362
0.32		0.866667		7.0243
0.32		0.933333		5.51242
0.34		0		12.5908
0.34		0.0666667		18.2949
0.34		0.133333		19.9358
0.34		0.2		21.6971
0.34		0.266667		16.7809
0.34		0.333333		16.2281
0.34		0.4		18.1747
0.34		0.466667		14.5211
0.34		0.533333		11.3761
0.34		0.6		11.5897
0.34		0.666667		10.4373
0.34		0.733333		9.74845
0.34		0.8		8.84838
0.34		0.866667		7.71587
0.34		0.933333		6.00589
0.36		0		15.5861
0.36		0.0666667		17.3543
0.36		0.133333		21.6357
0.36		0.2		19.9096
0.36		0.266667		20.4938
0.36		0.333333		19.244
0.36		0.4		22.3437
0.36		0.466667		16.0345
0.36		0.533333		12.2621
0.36		0.6		12.5353
0.36		0.666667		10.9615
0.36		0.733333		12.3125
0.36		0.8		10.1074
0.36		0.866667		8.58676
0.36		0.933333		6.55588
0.38		0		15.975
0.38		0.0666667		18.1261
0.38		0.133333		23.3295
0.38		0.2		21.6861
0.38		0.266667		21.1584
0.38		0.333333		23.7627
0.38		0.4		26.7769
0.38		0.466667		17.6544
0.38		0.533333		13.4141
0.38		0.6		14.8399
0.38		0.666667		13.2333
0.38		0.733333		11.5862
0.38		0.8		11.2696
0.38		0.866667		9.86647
0.38		0.933333		7.17979
0.4		0		16.8862
0.4		0.0666667		18.1891
0.4		0.133333		23.3873
0.4		0.2		24.4447
0.4		0.266667		23.0254
0.4		0.333333		21.142
0.4		0.4		27.1779
0.4		0.466667		20.8547
0.4		0.533333		16.8115
0.4		0.6		18.0051
0.4		0.666667		15.9584
0.4		0.733333		12.3632
0.4		0.8		12.5121
0.4		0.866667		10.996
0.4		0.933333		7.90894
0.42		0		17.4462
0.42		0.0666667		20.6197
0.42		0.133333		25.1246
0.42		0.2		26.7123
0.42		0.266667		28.3351
0.42		0.333333		22.6651
0.42		0.4		28.0018
0.42		0.466667		22.969
0.42		0.533333		17.8071
0.42		0.6		23.881
0.42		0.666667		17.5787
0.42		0.733333		14.4593
0.42		0.8		14.6463
0.42		0.866667		11.6615
0.42		0.933333		8.9779
0.44		0		17.9787
0.44		0.0666667		21.1521
0.44		0.133333		25.8191
0.44		0.2		28.2987
0.44		0.266667		28.753
0.44		0.333333		26.0041
0.44		0.4		29.1149
0.44		0.466667		26.2818
0.44		0.533333		23.086
0.44		0.6		23.6753
0.44		0.666667		19.7823
0.44		0.733333		16.6353
0.44		0.8		15.1357
0.44		0.866667		12.6261
0.44		0.933333		9.77497
0.46		0		17.7563
0.46		0.0666667		23.3127
0.46		0.133333		28.4059
0.46		0.2		29.6066
0.46		0.266667		32.3065
0.46		0.333333		26.4473
0.46		0.4		29.9659
0.46		0.466667		24.3327
0.46		0.533333		25.6274
0.46		0.6		25.9669
0.46		0.666667		19.8314
0.46		0.733333		17.328
0.46		0.8		17.2976
0.46		0.866667		14.0043
0.46		0.933333		10.8003
0.48		0		17.7899
0.48		0.0666667		24.6665
0.48		0.133333		29.483
0.48		0.2		34.7317
0.48		0.266667		35.4899
0.48		0.333333		27.7699
0.48		0.4		31.8416
0.48		0.466667		30.1779
0.48		0.533333		27.2444
0.48		0.6		30.3893
0.48		0.666667		22.85
0.48		0.733333		21.0523
0.48		0.8		20.0474
0.48		0.866667		14.0548
0.48		0.933333		11.8675
0.5		0		18.6439
0.5		0.0666667		26.9584
0.5		0.133333		30.556
0.5		0.2		35.8421
0.5		0.266667		39.1637
0.5		0.333333		30.078
0.5		0.4		36.5677
0.5		0.466667		32.5719
0.5		0.533333		29.885
0.5		0.6		30.3988
0.5		0.666667		24.4133
0.5		0.733333		22.706
0.5		0.8		20.8434
0.5		0.866667		15.2434
0.5		0.933333		12.6263
0.52		0		19.4414
0.52		0.0666667		27.1961
0.52		0.133333		32.8296
0.52		0.2		36.7
0.52		0.266667		36.061
0.52		0.333333		33.8447
0.52		0.4		40.568
0.52		0.466667		32.0947
0.52		0.533333		30.9261
0.52		0.6		31.4751
0.52		0.666667		26.6018
0.52		0.733333		23.005
0.52		0.8		24.1807
0.52		0.866667		16.2933
0.52		0.933333		13.4214
0.54		0		20.0544
0.54		0.0666667		27.4157
0.54		0.133333		31.4415
0.54		0.2		35.8337
0.54		0.266667		36.91
0.54		0.333333		37.7181
0.54		0.4		43.5896
0.54		0.466667		34.4508
0.54		0.533333		34.1667
0.54		0.6		34.9814
0.54		0.666667		28.7825
0.54		0.733333		23.7421
0.54		0.8		24.6933
0.54		0.866667		18.356
0.54		0.933333		14.3668
0.56		0		20.3341
0.56		0.0666667		27.8971
0.56		0.133333		35.0994
0.56		0.2		37.0232
0.56		0.266667		40.3185
0.56		0.333333		37.8878
0.56		0.4		47.1962
0.56		0.466667		37.7486
0.56		0.533333		34.8954
0.56		0.6		36.4593
0.56		0.666667		32.1199
0.56		0.733333		24.2833
0.56		0.8		28.4494
0.56		0.866667		19.4466
0.56		0.933333		14.9545
0.58		0		20.9747
0.58		0.0666667		28.6489
0.58		0.133333		34.7774
0.58		0.2		38.4963
0.58		0.266667		43.237
0.58		0.333333		39.5679
0.58		0.4		49.7363
0.58		0.466667		40.5083
0.58		0.533333		39.5299
0.58		0.6		39.5012
0.58		0.666667		35.8871
0.58		0.733333		26.2552
0.58		0.8		31.9862
0.58		0.866667		21.2068
0.58		0.933333		15.6232
0.6		0		21.8087
0.6		0.0666667		28.3581
0.6		0.133333		36.0381
0.6		0.2		41.8047
0.6		0.266667		43.8486
0.6		0.333333		41.7535
0.6		0.4		49.8062
0.6		0.466667		42.9179
0.6		0.533333		43.868
0.6		0.6		39.9982
0.6		0.666667		39.1859
0.6		0.733333		29.3374
0.6		0.8		32.0708
0.6		0.866667		21.6438
0.6		0.933333		16.5214
0.62		0		22.5309
0.62		0.0666667		28.5089
0.62		0.133333		36.5626
0.62		0.2		45.6749
0.62		0.266667		44.715
0.62		0.333333		40.5041
0.62		0.4		50.9972
0.62		0.466667		44.8353
0.62		0.533333		46.2587
0.62		0.6		42.3913
0.62		0.666667		43.3171
0.62		0.733333		32.0182
0.62		0.8		32.8651
0.62		0.866667		23.5738
0.62		0.933333		17.3167
0.64		0		23.1262
0.64		0.0666667		28.9821
0.64		0.133333		36.6642
0.64		0.2		44.9356
0.64		0.266667		48.1314
0.64		0.333333		40.49
0.64		0.4		55.9369
0.64		0.466667		44.5629
0.64		0.533333		47.9137
0.64		0.6		42.1761
0.64		0.666667		44.2351
0.64		0.733333		32.482
0.64		0.8		33.627
0.64		0.866667		24.176
0.64		0.933333		18.2501
0.66		0		23.7302
0.66		0.0666667		30.7092
0.66		0.133333		37.0324
0.66		0.2		44.658
0.66		0.266667		47.7647
0.66		0.333333		43.013
0.66		0.4		58.0607
0.66		0.466667		46.3964
0.66		0.533333		50.8591
0.66		0.6		43.5983
0.66		0.666667		45.6164
0.66		0.733333		35.8914
0.66		0.8		36.1694
0.66		0.866667		25.5297
0.66		0.933333		19.4311
0.68		0		24.3351
0.68		0.0666667		32.6145
0.68		0.133333		35.444
0.68		0.2		44.8639
0.68		0.266667		50.4319
0.68		0.333333		42.5788
0.68		0.4		58.9682
0.68		0.466667		50.5918
0.68		0.533333		52.849
0.68		0.6		43.6564
0.68		0.666667		46.3259
0.68		0.733333		38.2715
0.68		0.8		37.6849
0.68		0.866667		27.5163
0.68		0.933333		20.805
0.7		0		24.7997
0.7		0.0666667		34.2556
0.7		0.133333		38.17
0.7		0.2		46.2837
0.7		0.266667		50.6169
0.7		0.333333		44.6657
0.7		0.4		59.7422
0.7		0.466667		47.5689
0.7		0.533333		53.5253
0.7		0.6		40.9032
0.7		0.666667		50.12
0.7		0.733333		40.7785
0.7		0.8		38.0212
0.7		0.866667		27.7747
0.7		0.933333		22.1054
0.72		0		24.9183
0.72		0.0666667		34.7869
0.72		0.133333		37.3671
0.72		0.2		45.93
0.72		0.266667		50.3176
0.72		0.333333		45.7923
0.72		0.4		60.9304
0.72		0.466667		47.2517
0.72		0.533333		50.0498
0.72		0.6		45.4132
0.72		0.666667		50.4314
0.72		0.733333		42.1443
0.72		0.8		39.0029
0.72		0.866667		28.4316
0.72		0.933333		22.8572
0.74		0		26.1338
0.74		0.0666667		34.5796
0.74		0.133333		37.2131
0.74		0.2		47.5598
0.74		0.266667		51.0064
0.74		0.333333		47.7647
0.74		0.4		61.0957
0.74		0.466667		50.4854
0.74		0.533333		51.1254
0.74		0.6		47.0712
0.74		0.666667		49.2522
0.74		0.733333		43.1887
0.74		0.8		40.2681
0.74		0.866667		30.5683
0.74		0.933333		24.0489
0.76		0		27.6947
0.76		0.0666667		34.0592
0.76		0.133333		38.7903
0.76		0.2		47.6724
0.76		0.266667		50.3582
0.76		0.333333		47.8433
0.76		0.4		61.1684
0.76		0.466667		53.5149
0.76		0.533333		51.7656
0.76		0.6		51.822
0.76		0.666667		50.4392
0.76		0.733333		44.8414
0.76		0.8		37.9779
0.76		0.866667		35.5779
0.76		0.933333		26.0631
0.78		0		28.5241
0.78		0.0666667		34.888
0.78		0.133333		40.3428
0.78		0.2		47.9565
0.78		0.266667		51.0929
0.78		0.333333		48.8902
0.78		0.4		59.7997
0.78		0.466667		54.5509
0.78		0.533333		53.5773
0.78		0.6		51.8366
0.78		0.666667		49.792
0.78		0.733333		45.5445
0.78		0.8		41.8263
0.78		0.866667		37.2777
0.78		0.933333		26.0867
0.8		0		29.1804
0.8		0.0666667		35.4881
0.8		0.133333		41.707
0.8		0.2		49.0118
0.8		0.266667		52.5035
0.8		0.333333		50.1388
0.8		0.4		59.0997
0.8		0.466667		56.3976
0.8		0.533333		53.4903
0.8		0.6		54.0986
0.8		0.666667		50.7478
0.8		0.733333		46.3654
0.8		0.8		44.5516
0.8		0.866667		37.9638
0.8		0.933333		26.4229
0.82		0		29.7623
0.82		0.0666667		36.0197
0.82		0.133333		42.4824
0.82		0.2		49.3326
0.82		0.266667		51.791
0.82		0.333333		50.6128
0.82		0.4		57.4277
0.82		0.466667		56.3488
0.82		0.533333		55.1228
0.82		0.6		56.1572
0.82		0.666667		52.3102
0.82		0.733333		47.3
0.82		0.8		46.2956
0.82		0.866667		38.0109
0.82		0.933333		28.0969
0.84		0		30.2901
0.84		0.0666667		36.8155
0.84		0.133333		44.0697
0.84		0.2		50.3084
0.84		0.266667		52.5893
0.84		0.333333		49.8216
0.84		0.4		58.6101
0.84		0.466667		57.4635
0.84		0.533333		55.0767
0.84		0.6		54.9784
0.84		0.666667		54.5073
0.84		0.733333		47.7242
0.84		0.8		45.8932
0.84		0.866667		38.8531
0.84		0.933333		28.8496
0.86		0		30.7731
0.86		0.0666667		37.9009
0.86		0.133333		43.221
0.86		0.2		51.5247
0.86		0.266667		49.81
0.86		0.333333		51.7865
0.86		0.4		61.8588
0.86		0.466667		57.0826
0.86		0.533333		54.9314
0.86		0.6		54.6019
0.86		0.666667		54.4636
0.86		0.733333		47.3404
0.86		0.8		44.4017
0.86		0.866667		40.0797
0.86		0.933333		29.702
0.88		0		31.2176
0.88		0.0666667		38.7062
0.88		0.133333		43.033
0.88		0.2		49.5183
0.88		0.266667		50.6691
0.88		0.333333		53.7468
0.88		0.4		60.0549
0.88		0.466667		58.4317
0.88		0.533333		54.2874
0.88		0.6		55.4197
0.88		0.666667		56.3279
0.88		0.733333		47.4475
0.88		0.8		45.1858
0.88		0.866667		40.2268
0.88		0.933333		30.1352
0.9		0		31.6258
0.9		0.0666667		38.2123
0.9		0.133333		43.3903
0.9		0.2		49.0657
0.9		0.266667		51.0239
0.9		0.333333		53.8642
0.9		0.4		58.9287
0.9		0.466667		57.3878
0.9		0.533333		55.1918
0.9		0.6		55.2536
0.9		0.666667		56.8432
0.9		0.733333		47.3594
0.9		0.8		45.008
0.9		0.866667		40.813
0.9		0.933333		30.6958
0.92		0		31.9866
0.92		0.0666667		37.5563
0.92		0.133333		44.7038
0.92		0.2		49.1328
0.92		0.266667		51.4058
0.92		0.333333		55.0066
0.92		0.4		58.8852
0.92		0.466667		58.0068
0.92		0.533333		56.5277
0.92		0.6		57.0368
0.92		0.666667		58.345
0.92		0.733333		47.2645
0.92		0.8		43.7807
0.92		0.866667		41.1631
0.92		0.933333		31.2166
0.94		0		32.2477
0.94		0.0666667		37.3068
0.94		0.133333		45.8084
0.94		0.2		48.7189
0.94		0.266667		51.8436
0.94		0.333333		55.6812
0.94		0.4		57.8322
0.94		0.466667		58.7083
0.94		0.533333		58.3374
0.94		0.6		56.6289
0.94		0.666667		60.8984
0.94		0.733333		47.3931
0.94		0.8		43.2181
0.94		0.866667		41.319
0.94		0.933333		32.1206
0.96		0		32.2673
0.96		0.0666667		37.5029
0.96		0.133333		45.5413
0.96		0.2		48.961
0.96		0.266667		50.1448
0.96		0.333333		56.394
0.96		0.4		57.2158
0.96		0.466667		59.7449
0.96		0.533333		59.2959
0.96		0.6		56.533
0.96		0.666667		60.8018
0.96		0.733333		47.807
0.96		0.8		43.9841
0.96		0.866667		41.8305
0.96		0.933333		31.4739
0.98		0		32.2703
0.98		0.0666667		38.1141
0.98		0.133333		45.7087
0.98		0.2		49.9416
0.98		0.266667		49.3537
0.98		0.333333		55.0161
0.98		0.4		56.0892
0.98		0.466667		58.9924
0.98		0.533333		59.2017
0.98		0.6		55.4914
0.98		0.666667		58.9232
0.98		0.733333		48.4234
0.98		0.8		44.9858
0.98		0.866667		42.6955
0.98		0.933333		31.7758
1		0		33.0167
1		0.0666667		39.006
1		0.133333		46.1372
1		0.2		50.1511
1		0.266667		49.1022
1		0.333333		54.1791
1		0.4		54.7316
1		0.466667		59.6542
1		0.533333		61.9303
1		0.6		52.7803
1		0.666667		58.7437
1		0.733333		48.4367
1		0.8		46.9061
1		0.866667		43.1401
1		0.933333		32.2432
1.02		0		33.7262
1.02		0.0666667		40.9053
1.02		0.133333		46.7224
1.02		0.2		49.5562
1.02		0.266667		49.0706
1.02		0.333333		53.9505
1.02		0.4		56.1867
1.02		0.466667		62.1567
1.02		0.533333		60.3776
1.02		0.6		52.0155
1.02		0.666667		59.8288
1.02		0.733333		48.2905
1.02		0.8		45.9855
1.02		0.866667		43.8263
1.02		0.933333		32.4903
1.04		0		34.2229
1.04		0.0666667		39.9781
1.04		0.133333		47.4944
1.04		0.2		48.9948
1.04		0.266667		49.2302
1.04		0.333333		54.6514
1.04		0.4		53.2919
1.04		0.466667		61.6778
1.04		0.533333		59.8079
1.04		0.6		53.9154
1.04		0.666667		59.961
1.04		0.733333		49.0298
1.04		0.8		44.5603
1.04		0.866667		44.4334
1.04		0.933333		32.9518
1.06		0		34.609
1.06		0.0666667		40.29
1.06		0.133333		48.3829
1.06		0.2		49.0484
1.06		0.266667		49.6341
1.06		0.333333		55.4156
1.06		0.4		52.6525
1.06		0.466667		62.2631
1.06		0.533333		60.0006
1.06		0.6		53.2513
1.06		0.666667		60.2053
1.06		0.733333		49.9354
1.06		0.8		45.4715
1.06		0.866667		44.9223
1.06		0.933333		33.1824
1.08		0		34.9742
1.08		0.0666667		40.7526
1.08		0.133333		48.9589
1.08		0.2		49.4738
1.08		0.266667		50.316
1.08		0.333333		54.8372
1.08		0.4		53.6579
1.08		0.466667		62.2936
1.08		0.533333		61.823
1.08		0.6		52.1244
1.08		0.666667		60.4316
1.08		0.733333		50.888
1.08		0.8		45.8773
1.08		0.866667		45.2753
1.08		0.933333		32.8427
1.1		0		35.5752
1.1		0.0666667		41.6403
1.1		0.133333		49.1361
1.1		0.2		50.0827
1.1		0.266667		51.2416
1.1		0.333333		54.7093
1.1		0.4		52.7467
1.1		0.466667		61.5022
1.1		0.533333		60.3434
1.1		0.6		50.9232
1.1		0.666667		58.7121
1.1		0.733333		51.867
1.1		0.8		44.9645
1.1		0.866667		45.5156
1.1		0.933333		34.0761
1.12		0		36.2891
1.12		0.0666667		41.8541
1.12		0.133333		49.1818
1.12		0.2		50.9812
1.12		0.266667		52.1794
1.12		0.333333		54.9169
1.12		0.4		54.3236
1.12		0.466667		60.3442
1.12		0.533333		61.2449
1.12		0.6		49.0023
1.12		0.666667		56.2166
1.12		0.733333		52.7122
1.12		0.8		45.0607
1.12		0.866667		45.6404
1.12		0.933333		34.2861
1.14		0		36.3128
1.14		0.0666667		41.5695
1.14		0.133333		50.0271
1.14		0.2		53.2883
1.14		0.266667		51.9559
1.14		0.333333		54.5168
1.14		0.4		53.9884
1.14		0.466667		60.109
1.14		0.533333		62.8453
1.14		0.6		48.7794
1.14		0.666667		55.7114
1.14		0.733333		53.415
1.14		0.8		47.6169
1.14		0.866667		45.5746
1.14		0.933333		34.2794
1.16		0		36.6374
1.16		0.0666667		41.5712
1.16		0.133333		49.8511
1.16		0.2		53.2469
1.16		0.266667		51.0585
1.16		0.333333		54.167
1.16		0.4		55.3813
1.16		0.466667		60.3585
1.16		0.533333		64.7416
1.16		0.6		49.4149
1.16		0.666667		55.5753
1.16		0.733333		54.1655
1.16		0.8		45.9287
1.16		0.866667		45.2643
1.16		0.933333		34.185
1.18		0		37.0051
1.18		0.0666667		41.9214
1.18		0.133333		49.5082
1.18		0.2		54.1774
1.18		0.266667		50.6341
1.18		0.333333		54.8899
1.18		0.4		55.7634
1.18		0.466667		61.8112
1.18		0.533333		62.4954
1.18		0.6		49.0795
1.18		0.666667		55.8287
1.18		0.733333		55.5794
1.18		0.8		46.8531
1.18		0.866667		44.8913
1.18		0.933333		34.0616
1.2		0		37.3814
1.2		0.0666667		42.984
1.2		0.133333		49.465
1.2		0.2		54.1486
1.2		0.266667		50.3869
1.2		0.333333		53.2399
1.2		0.4		56.2451
1.2		0.466667		60.9734
1.2		0.533333		62.8227
1.2		0.6		46.9908
1.2		0.666667		54.9719
1.2		0.733333		55.8832
1.2		0.8		44.8913
1.2		0.866667		44.7266
1.2		0.933333		33.9522
1.22		0		37.7604
1.22		0.0666667		43.1493
1.22		0.133333		48.1175
1.22		0.2		53.5934
1.22		0.266667		50.0593
1.22		0.333333		53.6784
1.22		0.4		52.6673
1.22		0.466667		61.7514
1.22		0.533333		59.8384
1.22		0.6		48.6264
1.22		0.666667		53.8032
1.22		0.733333		56.1312
1.22		0.8		44.9898
1.22		0.866667		44.889
1.22		0.933333		33.9006
1.24		0		38.1402
1.24		0.0666667		43.3237
1.24		0.133333		48.6327
1.24		0.2		52.5911
1.24		0.266667		49.5638
1.24		0.333333		52.8006
1.24		0.4		53.7065
1.24		0.466667		62.3149
1.24		0.533333		58.9422
1.24		0.6		48.077
1.24		0.666667		54.9307
1.24		0.733333		57.0368
1.24		0.8		45.6402
1.24		0.866667		45.4251
1.24		0.933333		33.9551
1.26		0		38.5197
1.26		0.0666667		43.2569
1.26		0.133333		50.2356
1.26		0.2		51.8654
1.26		0.266667		49.446
1.26		0.333333		53.1575
1.26		0.4		51.4651
1.26		0.466667		61.2637
1.26		0.533333		59.0846
1.26		0.6		45.6088
1.26		0.666667		53.5462
1.26		0.733333		58.9154
1.26		0.8		43.96
1.26		0.866667		45.4176
1.26		0.933333		34.1486
1.28		0		38.898
1.28		0.0666667		43.4897
1.28		0.133333		48.3329
1.28		0.2		51.6666
1.28		0.266667		49.5282
1.28		0.333333		56.2854
1.28		0.4		53.3824
1.28		0.466667		60.1713
1.28		0.533333		59.2032
1.28		0.6		43.4007
1.28		0.666667		52.7238
1.28		0.733333		56.5563
1.28		0.8		43.5618
1.28		0.866667		45.8612
1.28		0.933333		34.4792
1.3		0		39.274
1.3		0.0666667		42.2368
1.3		0.133333		48.2265
1.3		0.2		51.1837
1.3		0.266667		50.7844
1.3		0.333333		54.112
1.3		0.4		51.5037
1.3		0.466667		59.9201
1.3		0.533333		57.7657
1.3		0.6		42.6996
1.3		0.666667		52.3976
1.3		0.733333		55.6126
1.3		0.8		43.5585
1.3		0.866667		44.8637
1.3		0.933333		34.9742
1.32		0		39.6471
1.32		0.0666667		41.9184
1.32		0.133333		48.3064
1.32		0.2		50.9839
1.32		0.266667		51.0601
1.32		0.333333		53.5339
1.32		0.4		51.1224
1.32		0.466667		60.5704
1.32		0.533333		59.4255
1.32		0.6		43.3771
1.32		0.666667		52.2385
1.32		0.733333		54.9452
1.32		0.8		43.4949
1.32		0.866667		44.229
1.32		0.933333		35.7521
1.34		0		40.0165
1.34		0.0666667		42.008
1.34		0.133333		48.5956
1.34		0.2		50.8546
1.34		0.266667		50.9436
1.34		0.333333		53.0193
1.34		0.4		51.0946
1.34		0.466667		62.2649
1.34		0.533333		58.8952
1.34		0.6		42.0621
1.34		0.666667		52.1516
1.34		0.733333		54.291
1.34		0.8		42.847
1.34		0.866667		43.9321
1.34		0.933333		35.9975
1.36		0		40.3816
1.36		0.0666667		42.189
1.36		0.133333		49.1431
1.36		0.2		50.7595
1.36		0.266667		50.5473
1.36		0.333333		50.787
1.36		0.4		52.4013
1.36		0.466667		60.6071
1.36		0.533333		59.7713
1.36		0.6		42.5807
1.36		0.666667		52.3234
1.36		0.733333		53.7192
1.36		0.8		41.9837
1.36		0.866667		43.8199
1.36		0.933333		35.8331
1.38		0		40.742
1.38		0.0666667		43.5482
1.38		0.133333		50.1591
1.38		0.2		50.3395
1.38		0.266667		50.3268
1.38		0.333333		50.093
1.38		0.4		50.2409
1.38		0.466667		59.4524
1.38		0.533333		60.1578
1.38		0.6		42.9078
1.38		0.666667		53.0292
1.38		0.733333		53.4315
1.38		0.8		41.5353
1.38		0.866667		43.8993
1.38		0.933333		35.8275
1.4		0		41.0972
1.4		0.0666667		43.0181
1.4		0.133333		52.3328
1.4		0.2		48.0003
1.4		0.266667		50.2852
1.4		0.333333		50.1497
1.4		0.4		48.534
1.4		0.466667		58.8605
1.4		0.533333		59.8717
1.4		0.6		45.097
1.4		0.666667		53.2904
1.4		0.733333		54.1304
1.4		0.8		41.6662
1.4		0.866667		44.3161
1.4		0.933333		35.6952
1.42		0		41.4469
1.42		0.0666667		45.1807
1.42		0.133333		52.3745
1.42		0.2		47.6659
1.42		0.266667		50.4725
1.42		0.333333		52.0018
1.42		0.4		46.3247
1.42		0.466667		58.4175
1.42		0.533333		59.4519
1.42		0.6		43.3389
1.42		0.666667		51.7523
1.42		0.733333		53.5603
1.42		0.8		44.5064
1.42		0.866667		45.4477
1.42		0.933333		35.8058
1.44		0		41.791
1.44		0.0666667		44.128
1.44		0.133333		52.2534
1.44		0.2		47.6872
1.44		0.266667		50.8002
1.44		0.333333		52.9291
1.44		0.4		47.6218
1.44		0.466667		58.2019
1.44		0.533333		59.0777
1.44		0.6		41.851
1.44		0.666667		49.853
1.44		0.733333		53.8757
1.44		0.8		42.907
1.44		0.866667		45.135
1.44		0.933333		36.1458
1.46		0		42.1292
1.46		0.0666667		44.4978
1.46		0.133333		52.1548
1.46		0.2		47.8947
1.46		0.266667		50.7039
1.46		0.333333		51.97
1.46		0.4		45.918
1.46		0.466667		58.208
1.46		0.533333		58.8385
1.46		0.6		41.8848
1.46		0.666667		49.3799
1.46		0.733333		53.3519
1.46		0.8		42.1698
1.46		0.866667		43.5596
1.46		0.933333		36.652
1.48		0		42.4614
1.48		0.0666667		44.437
1.48		0.133333		52.0525
1.48		0.2		47.6996
1.48		0.266667		49.9106
1.48		0.333333		51.5356
1.48		0.4		45.7504
1.48		0.466667		58.3375
1.48		0.533333		58.8227
1.48		0.6		41.9934
1.48		0.666667		49.2959
1.48		0.733333		53.1851
1.48		0.8		42.2639
1.48		0.866667		43.0565
1.48		0.933333		37.2672
1.5		0		42.7875
1.5		0.0666667		43.9732
1.5		0.133333		51.9645
1.5		0.2		47.7917
1.5		0.266667		49.798
1.5		0.333333		51.6263
1.5		0.4		45.7058
1.5		0.466667		58.4909
1.5		0.533333		59.4896
1.5		0.6		42.212
1.5		0.666667		49.4247
1.5		0.733333		53.1278
1.5		0.8		42.4161
1.5		0.866667		42.9027
1.5		0.933333		37.8543
1.52		0		43.1076
1.52		0.0666667		44.2622
1.52		0.133333		51.9185
1.52		0.2		48.533
1.52		0.266667		48.3872
1.52		0.333333		51.8637
1.52		0.4		49.0361
1.52		0.466667		58.596
1.52		0.533333		60.9828
1.52		0.6		42.5849
1.52		0.666667		49.6733
1.52		0.733333		53.2099
1.52		0.8		42.5658
1.52		0.866667		42.9932
1.52		0.933333		38.2663
1.54		0		43.4217
1.54		0.0666667		44.7341
1.54		0.133333		51.9301
1.54		0.2		47.3361
1.54		0.266667		50.0311
1.54		0.333333		51.7054
1.54		0.4		46.1047
1.54		0.466667		58.6282
1.54		0.533333		59.0935
1.54		0.6		43.0605
1.54		0.666667		49.9436
1.54		0.733333		52.7983
1.54		0.8		42.7084
1.54		0.866667		43.3329
1.54		0.933333		38.513
1.56		0		43.7297
1.56		0.0666667		45.14
1.56		0.133333		52.0004
1.56		0.2		47.1323
1.56		0.266667		50.6591
1.56		0.333333		51.956
1.56		0.4		45.7886
1.56		0.466667		58.6759
1.56		0.533333		58.6459
1.56		0.6		43.4466
1.56		0.666667		50.1163
1.56		0.733333		52.5687
1.56		0.8		42.8437
1.56		0.866667		43.9307
1.56		0.933333		38.6909
1.58		0		44.0317
1.58		0.0666667		45.4551
1.58		0.133333		52.1253
1.58		0.2		47.0584
1.58		0.266667		50.3422
1.58		0.333333		52.3956
1.58		0.4		44.9531
1.58		0.466667		59.4099
1.58		0.533333		59.278
1.58		0.6		43.6212
1.58		0.666667		50.1097
1.58		0.733333		52.531
1.58		0.8		42.963
1.58		0.866667		44.7481
1.58		0.933333		38.8606
1.6		0		44.3279
1.6		0.0666667		45.8053
1.6		0.133333		52.3016
1.6		0.2		47.0121
1.6		0.266667		50.9139
1.6		0.333333		50.6954
1.6		0.4		44.6037
1.6		0.466667		60.5428
1.6		0.533333		60.1803
1.6		0.6		43.7185
1.6		0.666667		49.9721
1.6		0.733333		54.7874
1.6		0.8		40.9357
1.6		0.866667		45.4418
1.6		0.933333		39.0406
1.62		0		44.6183
1.62		0.0666667		45.9519
1.62		0.133333		52.5292
1.62		0.2		46.984
1.62		0.266667		51.7192
1.62		0.333333		50.4668
1.62		0.4		44.2728
1.62		0.466667		58.5065
1.62		0.533333		59.0191
1.62		0.6		43.7769
1.62		0.666667		49.8526
1.62		0.733333		54.5595
1.62		0.8		41.0606
1.62		0.866667		45.4917
1.62		0.933333		39.2322
1.64		0		44.9029
1.64		0.0666667		46.0535
1.64		0.133333		52.8141
1.64		0.2		47.3322
1.64		0.266667		51.6827
1.64		0.333333		51.2189
1.64		0.4		48.6803
1.64		0.466667		58.1173
1.64		0.533333		58.9428
1.64		0.6		46.0075
1.64		0.666667		49.8668
1.64		0.733333		53.5056
1.64		0.8		41.1197
1.64		0.866667		45.2071
1.64		0.933333		39.4325
1.66		0		45.1821
1.66		0.0666667		46.1662
1.66		0.133333		53.1713
1.66		0.2		46.9367
1.66		0.266667		51.8276
1.66		0.333333		51.7825
1.66		0.4		43.8878
1.66		0.466667		58.2524
1.66		0.533333		58.5695
1.66		0.6		42.8038
1.66		0.666667		50.0497
1.66		0.733333		54.232
1.66		0.8		41.1474
1.66		0.866667		45.0197
1.66		0.933333		39.6378
1.68		0		45.4558
1.68		0.0666667		46.2701
1.68		0.133333		53.6229
1.68		0.2		46.9197
1.68		0.266667		52.0858
1.68		0.333333		51.8917
1.68		0.4		43.6208
1.68		0.466667		58.5117
1.68		0.533333		58.0951
1.68		0.6		42.8344
1.68		0.666667		50.561
1.68		0.733333		55.0871
1.68		0.8		41.1527
1.68		0.866667		44.9466
1.68		0.933333		39.8422
1.7		0		45.7242
1.7		0.0666667		46.3707
1.7		0.133333		54.1592
1.7		0.2		46.9843
1.7		0.266667		52.4824
1.7		0.333333		51.8943
1.7		0.4		43.4201
1.7		0.466667		58.3245
1.7		0.533333		57.715
1.7		0.6		42.8982
1.7		0.666667		50.7495
1.7		0.733333		55.3846
1.7		0.8		41.1549
1.7		0.866667		44.926
1.7		0.933333		40.026
1.72		0		45.9874
1.72		0.0666667		46.5126
1.72		0.133333		54.6125
1.72		0.2		47.0896
1.72		0.266667		53.1712
1.72		0.333333		51.8262
1.72		0.4		43.2388
1.72		0.466667		57.9408
1.72		0.533333		57.6689
1.72		0.6		42.9908
1.72		0.666667		51.181
1.72		0.733333		55.6747
1.72		0.8		41.1033
1.72		0.866667		44.9245
1.72		0.933333		40.0788
1.74		0		46.2455
1.74		0.0666667		47.0462
1.74		0.133333		54.797
1.74		0.2		46.8602
1.74		0.266667		53.8916
1.74		0.333333		52.0179
1.74		0.4		43.0663
1.74		0.466667		58.843
1.74		0.533333		57.917
1.74		0.6		43.1134
1.74		0.666667		51.7356
1.74		0.733333		55.9926
1.74		0.8		41.0734
1.74		0.866667		44.8985
1.74		0.933333		40.0625
1.76		0		46.4988
1.76		0.0666667		46.6444
1.76		0.133333		54.8649
1.76		0.2		46.1187
1.76		0.266667		53.8532
1.76		0.333333		52.4514
1.76		0.4		42.8499
1.76		0.466667		57.8405
1.76		0.533333		58.4098
1.76		0.6		46.0033
1.76		0.666667		52.3498
1.76		0.733333		56.0829
1.76		0.8		41.0727
1.76		0.866667		44.7859
1.76		0.933333		40.4295
1.78		0		46.7473
1.78		0.0666667		46.7038
1.78		0.133333		54.8345
1.78		0.2		45.8309
1.78		0.266667		53.8607
1.78		0.333333		52.7961
1.78		0.4		42.6852
1.78		0.466667		56.3525
1.78		0.533333		59.1029
1.78		0.6		43.417
1.78		0.666667		52.6406
1.78		0.733333		56.2247
1.78		0.8		41.3082
1.78		0.866667		44.6871
1.78		0.933333		40.7173
1.8		0		46.9912
1.8		0.0666667		46.776
1.8		0.133333		54.8045
1.8		0.2		45.6937
1.8		0.266667		54.0326
1.8		0.333333		55.304
1.8		0.4		40.5906
1.8		0.466667		55.8909
1.8		0.533333		59.7089
1.8		0.6		43.4289
1.8		0.666667		52.7965
1.8		0.733333		56.5345
1.8		0.8		41.0064
1.8		0.866667		44.6954
1.8		0.933333		40.9537
1.82		0		47.2306
1.82		0.0666667		46.8495
1.82		0.133333		54.8369
1.82		0.2		45.6033
1.82		0.266667		54.3388
1.82		0.333333		55.9712
1.82		0.4		41.3272
1.82		0.466667		55.6664
1.82		0.533333		59.6044
1.82		0.6		43.5796
1.82		0.666667		52.6316
1.82		0.733333		56.8826
1.82		0.8		40.9903
1.82		0.866667		44.784
1.82		0.933333		41.1682
1.84		0		47.4656
1.84		0.0666667		46.9224
1.84		0.133333		54.9208
1.84		0.2		45.5308
1.84		0.266667		54.8157
1.84		0.333333		56.4006
1.84		0.4		40.1042
1.84		0.466667		55.5378
1.84		0.533333		59.0458
1.84		0.6		43.5883
1.84		0.666667		53.5678
1.84		0.733333		57.211
1.84		0.8		40.9817
1.84		0.866667		44.9324
1.84		0.933333		41.3709
1.86		0		47.6964
1.86		0.0666667		46.994
1.86		0.133333		55.0329
1.86		0.2		45.4668
1.86		0.266667		55.808
1.86		0.333333		56.6446
1.86		0.4		39.9053
1.86		0.466667		55.4739
1.86		0.533333		58.7814
1.86		0.6		43.6629
1.86		0.666667		53.7746
1.86		0.733333		57.5705
1.86		0.8		40.9795
1.86		0.866667		45.1519
1.86		0.933333		41.5655
1.88		0		47.9231
1.88		0.0666667		47.0642
1.88		0.133333		55.1545
1.88		0.2		45.4105
1.88		0.266667		56.7005
1.88		0.333333		56.7184
1.88		0.4		39.6839
1.88		0.466667		55.4737
1.88		0.533333		58.8853
1.88		0.6		43.7136
1.88		0.666667		52.771
1.88		0.733333		58.2424
1.88		0.8		40.9969
1.88		0.866667		45.5489
1.88		0.933333		41.754
1.9		0		48.1459
1.9		0.0666667		47.1329
1.9		0.133333		55.2733
1.9		0.2		45.3673
1.9		0.266667		55.7129
1.9		0.333333		56.7649
1.9		0.4		39.5331
1.9		0.466667		55.5495
1.9		0.533333		59.223
1.9		0.6		43.7688
1.9		0.666667		52.6691
1.9		0.733333		58.6333
1.9		0.8		44.4455
1.9		0.866667		46.5519
1.9		0.933333		41.9373
1.92		0		48.3648
1.92		0.0666667		47.2021
1.92		0.133333		55.3825
1.92		0.2		47.7503
1.92		0.266667		54.9011
1.92		0.333333		56.9354
1.92		0.4		39.2786
1.92		0.466667		55.7146
1.92		0.533333		59.6726
1.92		0.6		43.957
1.92		0.666667		53.0322
1.92		0.733333		58.0743
1.92		0.8		40.9625
1.92		0.866667		45.8917
1.92		0.933333		42.1163
1.94		0		48.5799
1.94		0.0666667		47.2663
1.94		0.133333		55.4811
1.94		0.2		45.2263
1.94		0.266667		54.6085
1.94		0.333333		57.2564
1.94		0.4		39.0845
1.94		0.466667		55.9512
1.94		0.533333		60.0574
1.94		0.6		42.5619
1.94		0.666667		54.8378
1.94		0.733333		57.6267
1.94		0.8		40.9447
1.94		0.866667		45.9229
1.94		0.933333		42.2915
1.96		0		48.7914
1.96		0.0666667		47.3299
1.96		0.133333		55.5724
1.96		0.2		45.173
1.96		0.266667		54.6398
1.96		0.333333		57.4359
1.96		0.4		38.8996
1.96		0.466667		56.1474
1.96		0.533333		60.1922
1.96		0.6		42.5121
1.96		0.666667		55.0851
1.96		0.733333		57.4398
1.96		0.8		40.9377
1.96		0.866667		46.163
1.96		0.933333		42.4635
1.98		0		48.9995
1.98		0.0666667		47.3918
1.98		0.133333		55.6612
1.98		0.2		45.1212
1.98		0.266667		54.7059
1.98		0.333333		57.2134
1.98		0.4		38.7222
1.98		0.466667		56.1221
1.98		0.533333		60.7389
1.98		0.6		42.5152
1.98		0.666667		55.3041
1.98		0.733333		57.4031
1.98		0.8		40.9245
1.98		0.866667		46.46
1.98		0.933333		42.6328
2		0		49.2041
2		0.0666667		47.4521
2		0.133333		55.7513
2		0.2		45.0697
2		0.266667		54.8367
2		0.333333		56.606
2		0.4		38.5528
2		0.466667		55.8596
2		0.533333		60.7094
2		0.6		42.5133
2		0.666667		55.2843
2		0.733333		57.4406
2		0.8		40.9027
2		0.866667		46.7949
2		0.933333		42.8002
2.02		0		49.4054
2.02		0.0666667		47.5114
2.02		0.133333		55.8444
2.02		0.2		45.0217
2.02		0.266667		55.0175
2.02		0.333333		56.595
2.02		0.4		38.3915
2.02		0.466667		55.5379
2.02		0.533333		60.0926
2.02		0.6		42.5011
2.02		0.666667		55.0492
2.02		0.733333		57.498
2.02		0.8		40.8813
2.02		0.866667		47.1671
2.02		0.933333		42.966
2.04		0		49.6034
2.04		0.0666667		47.605
2.04		0.133333		55.9405
2.04		0.2		44.9698
2.04		0.266667		55.247
2.04		0.333333		56.4224
2.04		0.4		38.24
2.04		0.466667		55.2831
2.04		0.533333		59.4772
2.04		0.6		42.4739
2.04		0.666667		54.7016
2.04		0.733333		57.5112
2.04		0.8		40.8682
2.04		0.866667		47.58
2.04		0.933333		43.1309
2.06		0		49.7984
2.06		0.0666667		47.624
2.06		0.133333		56.0385
2.06		0.2		44.9205
2.06		0.266667		55.5333
2.06		0.333333		56.3067
2.06		0.4		39.2849
2.06		0.466667		55.1167
2.06		0.533333		59.0619
2.06		0.6		42.4201
2.06		0.666667		54.3308
2.06		0.733333		57.3947
2.06		0.8		41.0241
2.06		0.866667		48.0357
2.06		0.933333		43.2953
2.08		0		49.9904
2.08		0.0666667		47.6735
2.08		0.133333		56.1372
2.08		0.2		44.8735
2.08		0.266667		55.8899
2.08		0.333333		56.2504
2.08		0.4		37.9386
2.08		0.466667		55.021
2.08		0.533333		58.7977
2.08		0.6		42.303
2.08		0.666667		53.9853
2.08		0.733333		57.1599
2.08		0.8		42.0757
2.08		0.866667		48.5296
2.08		0.933333		43.4597
2.1		0		50.1794
2.1		0.0666667		47.7239
2.1		0.133333		56.2352
2.1		0.2		45.8326
2.1		0.266667		56.3268
2.1		0.333333		56.2385
2.1		0.4		37.8021
2.1		0.466667		54.9744
2.1		0.533333		58.7401
2.1		0.6		42.0016
2.1		0.666667		53.6846
2.1		0.733333		56.9137
2.1		0.8		42.3375
2.1		0.866667		49.0409
2.1		0.933333		43.6245
2.12		0		50.3655
2.12		0.0666667		47.7728
2.12		0.133333		56.3315
2.12		0.2		44.7789
2.12		0.266667		56.8294
2.12		0.333333		56.2638
2.12		0.4		37.6714
2.12		0.466667		54.9592
2.12		0.533333		59.4227
2.12		0.6		41.4559
2.12		0.666667		53.4338
2.12		0.733333		56.0205
2.12		0.8		41.9953
2.12		0.866667		49.5216
2.12		0.933333		43.7899
2.14		0		50.5489
2.14		0.0666667		47.82
2.14		0.133333		56.4255
2.14		0.2		44.7288
2.14		0.266667		57.3187
2.14		0.333333		56.3176
2.14		0.4		37.568
2.14		0.466667		54.9621
2.14		0.533333		59.8857
2.14		0.6		41.0945
2.14		0.666667		53.2307
2.14		0.733333		55.6972
2.14		0.8		42.1201
2.14		0.866667		49.8934
2.14		0.933333		43.9563
2.16		0		50.7296
2.16		0.0666667		47.8655
2.16		0.133333		56.5166
2.16		0.2		44.6816
2.16		0.266667		57.6347
2.16		0.333333		56.3754
2.16		0.4		37.4214
2.16		0.466667		54.9724
2.16		0.533333		59.9582
2.16		0.6		40.9184
2.16		0.666667		53.0698
2.16		0.733333		55.7338
2.16		0.8		42.1377
2.16		0.866667		50.0661
2.16		0.933333		44.1238
2.18		0		50.9076
2.18		0.0666667		47.9093
2.18		0.133333		56.6045
2.18		0.2		44.6353
2.18		0.266667		57.6345
2.18		0.333333		56.4195
2.18		0.4		37.3035
2.18		0.466667		54.9813
2.18		0.533333		59.9567
2.18		0.6		40.7977
2.18		0.666667		52.9443
2.18		0.733333		55.8848
2.18		0.8		42.1311
2.18		0.866667		50.0294
2.18		0.933333		44.2924
2.2		0		51.0831
2.2		0.0666667		47.9514
2.2		0.133333		56.6888
2.2		0.2		44.5897
2.2		0.266667		57.347
2.2		0.333333		56.4219
2.2		0.4		37.1972
2.2		0.466667		54.9817
2.2		0.533333		59.9427
2.2		0.6		40.6942
2.2		0.666667		52.8476
2.2		0.733333		56.0682
2.2		0.8		42.1161
2.2		0.866667		49.9935
2.2		0.933333		44.4623
2.22		0		51.2561
2.22		0.0666667		47.992
2.22		0.133333		56.7696
2.22		0.2		44.5449
2.22		0.266667		56.9373
2.22		0.333333		56.3882
2.22		0.4		37.0826
2.22		0.466667		54.9686
2.22		0.533333		59.9315
2.22		0.6		40.5985
2.22		0.666667		52.7734
2.22		0.733333		56.258
2.22		0.8		42.0966
2.22		0.866667		50.1358
2.22		0.933333		44.6335
2.24		0		51.4266
2.24		0.0666667		48.031
2.24		0.133333		56.8466
2.24		0.2		44.5002
2.24		0.266667		56.5482
2.24		0.333333		56.3282
2.24		0.4		36.9712
2.24		0.466667		54.9385
2.24		0.533333		59.9374
2.24		0.6		40.5068
2.24		0.666667		52.7167
2.24		0.733333		56.4463
2.24		0.8		42.0743
2.24		0.866667		50.4061
2.24		0.933333		44.8058
2.26		0		51.5948
2.26		0.0666667		48.0685
2.26		0.133333		56.9201
2.26		0.2		44.4562
2.26		0.266667		56.2474
2.26		0.333333		56.2582
2.26		0.4		36.8671
2.26		0.466667		54.8902
2.26		0.533333		59.9941
2.26		0.6		40.478
2.26		0.666667		52.6731
2.26		0.733333		56.6314
2.26		0.8		42.0498
2.26		0.866667		50.7289
2.26		0.933333		44.9791
2.28		0		51.7607
2.28		0.0666667		48.1046
2.28		0.133333		56.9898
2.28		0.2		44.4128
2.28		0.266667		56.0815
2.28		0.333333		56.1901
2.28		0.4		36.7664
2.28		0.466667		54.824
2.28		0.533333		60.2023
2.28		0.6		40.3448
2.28		0.666667		52.6394
2.28		0.733333		56.8132
2.28		0.8		42.0234
2.28		0.866667		51.0555
2.28		0.933333		45.1533
2.3		0		51.9243
2.3		0.0666667		48.1393
2.3		0.133333		57.0561
2.3		0.2		44.3699
2.3		0.266667		56.2127
2.3		0.333333		56.1309
2.3		0.4		36.6689
2.3		0.466667		54.7419
2.3		0.533333		60.7768
2.3		0.6		40.2297
2.3		0.666667		52.6128
2.3		0.733333		56.9924
2.3		0.8		41.9955
2.3		0.866667		51.3445
2.3		0.933333		45.3282
2.32		0		52.0857
2.32		0.0666667		48.1728
2.32		0.133333		57.1188
2.32		0.2		44.3275
2.32		0.266667		56.3562
2.32		0.333333		56.0831
2.32		0.4		36.5755
2.32		0.466667		54.6463
2.32		0.533333		61.2388
2.32		0.6		40.1333
2.32		0.666667		52.5912
2.32		0.733333		57.1691
2.32		0.8		41.9661
2.32		0.866667		51.5639
2.32		0.933333		45.5036
2.34		0		52.245
2.34		0.0666667		48.2049
2.34		0.133333		57.1782
2.34		0.2		44.2855
2.34		0.266667		55.7127
2.34		0.333333		56.0465
2.34		0.4		36.4825
2.34		0.466667		54.5405
2.34		0.533333		60.6612
2.34		0.6		40.0371
2.34		0.666667		52.5728
2.34		0.733333		57.3418
2.34		0.8		41.9355
2.34		0.866667		51.7064
2.34		0.933333		45.6792
2.36		0		52.4022
2.36		0.0666667		48.2359
2.36		0.133333		57.2343
2.36		0.2		44.2441
2.36		0.266667		55.4324
2.36		0.333333		56.0197
2.36		0.4		36.393
2.36		0.466667		54.4275
2.36		0.533333		60.0492
2.36		0.6		39.9399
2.36		0.666667		52.5565
2.36		0.733333		57.4797
2.36		0.8		41.9039
2.36		0.866667		51.7958
2.36		0.933333		45.8549
2.38		0		52.5573
2.38		0.0666667		48.2725
2.38		0.133333		57.2873
2.38		0.2		44.2032
2.38		0.266667		55.3052
2.38		0.333333		56.0011
2.38		0.4		36.3061
2.38		0.466667		54.31
2.38		0.533333		59.6332
2.38		0.6		39.8415
2.38		0.666667		52.541
2.38		0.733333		57.7197
2.38		0.8		41.8715
2.38		0.866667		51.8706
2.38		0.933333		46.0302
2.4		0		52.7104
2.4		0.0666667		48.2943
2.4		0.133333		57.3373
2.4		0.2		44.1627
2.4		0.266667		55.2397
2.4		0.333333		55.989
2.4		0.4		36.2216
2.4		0.466667		54.1903
2.4		0.533333		59.7451
2.4		0.6		39.7418
2.4		0.666667		52.5253
2.4		0.733333		57.8832
2.4		0.8		41.839
2.4		0.866667		51.9602
2.4		0.933333		46.205
2.42		0		52.8615
2.42		0.0666667		48.322
2.42		0.133333		57.3844
2.42		0.2		44.1228
2.42		0.266667		55.2105
2.42		0.333333		55.982
2.42		0.4		36.1394
2.42		0.466667		54.0705
2.42		0.533333		60.6159
2.42		0.6		39.641
2.42		0.666667		52.5086
2.42		0.733333		58.0497
2.42		0.8		41.81
2.42		0.866667		52.0751
2.42		0.933333		46.3789
2.44		0		53.0107
2.44		0.0666667		48.3487
2.44		0.133333		57.4288
2.44		0.2		44.0833
2.44		0.266667		55.2067
2.44		0.333333		55.979
2.44		0.4		36.0594
2.44		0.466667		53.9522
2.44		0.533333		60.4831
2.44		0.6		39.539
2.44		0.666667		52.4898
2.44		0.733333		58.212
2.44		0.8		42.1357
2.44		0.866667		52.2128
2.44		0.933333		46.5516
2.46		0		53.1581
2.46		0.0666667		48.3744
2.46		0.133333		57.4706
2.46		0.2		44.0443
2.46		0.266667		55.2215
2.46		0.333333		55.9789
2.46		0.4		35.9816
2.46		0.466667		53.8373
2.46		0.533333		60.1992
2.46		0.6		39.4359
2.46		0.666667		52.4675
2.46		0.733333		58.3667
2.46		0.8		41.7441
2.46		0.866667		52.3659
2.46		0.933333		46.7227
2.48		0		53.3035
2.48		0.0666667		48.3993
2.48		0.133333		57.5098
2.48		0.2		44.0057
2.48		0.266667		55.2496
2.48		0.333333		55.9805
2.48		0.4		35.9059
2.48		0.466667		53.729
2.48		0.533333		59.9765
2.48		0.6		39.332
2.48		0.666667		52.4397
2.48		0.733333		58.511
2.48		0.8		41.6969
2.48		0.866667		52.5263
2.48		0.933333		46.8919
2.5		0		53.4472
2.5		0.0666667		48.4233
2.5		0.133333		57.5467
2.5		0.2		43.9677
2.5		0.266667		55.2868
2.5		0.333333		55.9836
2.5		0.4		35.8322
2.5		0.466667		53.6371
2.5		0.533333		59.797
2.5		0.6		39.2273
2.5		0.666667		52.4033
2.5		0.733333		58.6417
2.5		0.8		41.6593
2.5		0.866667		52.6873
2.5		0.933333		47.0588
2.52		0		53.5891
2.52		0.0666667		48.4466
2.52		0.133333		57.5812
2.52		0.2		43.9301
2.52		0.266667		55.33
2.52		0.333333		55.9875
2.52		0.4		35.7604
2.52		0.466667		53.6069
2.52		0.533333		59.6423
2.52		0.6		39.1224
2.52		0.666667		52.3526
2.52		0.733333		58.7562
2.52		0.8		41.7911
2.52		0.866667		52.8435
2.52		0.933333		47.2229
2.54		0		53.7293
2.54		0.0666667		48.4691
2.54		0.133333		57.6136
2.54		0.2		43.893
2.54		0.266667		55.3764
2.54		0.333333		55.9919
2.54		0.4		35.6905
2.54		0.466667		54.0536
2.54		0.533333		59.5019
2.54		0.6		39.0176
2.54		0.666667		52.2773
2.54		0.733333		58.8522
2.54		0.8		41.5834
2.54		0.866667		52.9912
2.54		0.933333		47.3836
2.56		0		53.8678
2.56		0.0666667		48.4909
2.56		0.133333		57.6439
2.56		0.2		43.8563
2.56		0.266667		55.4245
2.56		0.333333		58.0593
2.56		0.4		33.5593
2.56		0.466667		55.6179
2.56		0.533333		59.3701
2.56		0.6		38.9135
2.56		0.666667		52.1633
2.56		0.733333		58.9285
2.56		0.8		41.5436
2.56		0.866667		53.128
2.56		0.933333		47.5405
2.58		0		54.0046
2.58		0.0666667		48.512
2.58		0.133333		57.6722
2.58		0.2		43.8202
2.58		0.266667		55.4727
2.58		0.333333		58.0594
2.58		0.4		33.4969
2.58		0.466667		53.7143
2.58		0.533333		59.2437
2.58		0.6		38.8114
2.58		0.666667		52.0207
2.58		0.733333		58.9849
2.58		0.8		41.5048
2.58		0.866667		53.2527
2.58		0.933333		47.693
2.6		0		54.1397
2.6		0.0666667		48.5325
2.6		0.133333		57.6985
2.6		0.2		43.7843
2.6		0.266667		55.5203
2.6		0.333333		58.0592
2.6		0.4		33.4361
2.6		0.466667		53.3297
2.6		0.533333		59.1207
2.6		0.6		38.7129
2.6		0.666667		51.9882
2.6		0.733333		59.022
2.6		0.8		41.4659
2.6		0.866667		53.3653
2.6		0.933333		47.8405
2.62		0		54.2732
2.62		0.0666667		48.5525
2.62		0.133333		57.723
2.62		0.2		43.749
2.62		0.266667		55.5666
2.62		0.333333		58.0586
2.62		0.4		33.3768
2.62		0.466667		53.1496
2.62		0.533333		58.9999
2.62		0.6		38.621
2.62		0.666667		52.1545
2.62		0.733333		59.0414
2.62		0.8		41.4269
2.62		0.866667		53.467
2.62		0.933333		47.9823
2.64		0		54.4052
2.64		0.0666667		48.5718
2.64		0.133333		57.7456
2.64		0.2		43.7142
2.64		0.266667		55.6112
2.64		0.333333		58.0573
2.64		0.4		33.3192
2.64		0.466667		53.0207
2.64		0.533333		58.8807
2.64		0.6		38.5409
2.64		0.666667		52.3069
2.64		0.733333		59.0455
2.64		0.8		41.3877
2.64		0.866667		53.5595
2.64		0.933333		48.1178
2.66		0		54.5356
2.66		0.0666667		48.5907
2.66		0.133333		57.7665
2.66		0.2		43.6798
2.66		0.266667		55.6539
2.66		0.333333		58.0554
2.66		0.4		33.2626
2.66		0.466667		52.9119
2.66		0.533333		58.7628
2.66		0.6		38.4822
2.66		0.666667		52.3791
2.66		0.733333		59.0367
2.66		0.8		41.3483
2.66		0.866667		53.6448
2.66		0.933333		48.2463
2.68		0		54.6645
2.68		0.0666667		48.609
2.68		0.133333		57.7856
2.68		0.2		43.6458
2.68		0.266667		55.6946
2.68		0.333333		58.0527
2.68		0.4		33.2075
2.68		0.466667		52.8137
2.68		0.533333		58.6457
2.68		0.6		38.4629
2.68		0.666667		52.4059
2.68		0.733333		59.0176
2.68		0.8		41.3087
2.68		0.866667		53.725
2.68		0.933333		48.3673
2.7		0		54.7918
2.7		0.0666667		48.627
2.7		0.133333		57.803
2.7		0.2		43.6123
2.7		0.266667		55.7331
2.7		0.333333		58.0491
2.7		0.4		33.1538
2.7		0.466667		52.7222
2.7		0.533333		58.5296
2.7		0.6		38.5187
2.7		0.666667		52.412
2.7		0.733333		58.9905
2.7		0.8		41.2689
2.7		0.866667		53.8019
2.7		0.933333		48.4802
2.72		0		54.9177
2.72		0.0666667		48.6445
2.72		0.133333		57.8188
2.72		0.2		43.5792
2.72		0.266667		55.7695
2.72		0.333333		58.0447
2.72		0.4		33.1014
2.72		0.466667		52.6356
2.72		0.533333		58.4142
2.72		0.6		38.7152
2.72		0.666667		52.4084
2.72		0.733333		58.9574
2.72		0.8		41.229
2.72		0.866667		53.8771
2.72		0.933333		48.5846
2.74		0		55.0422
2.74		0.0666667		48.6615
2.74		0.133333		57.833
2.74		0.2		43.5466
2.74		0.266667		55.8038
2.74		0.333333		58.0394
2.74		0.4		33.0503
2.74		0.466667		52.5528
2.74		0.533333		58.2998
2.74		0.6		39.1312
2.74		0.666667		52.4002
2.74		0.733333		58.9199
2.74		0.8		41.1889
2.74		0.866667		53.9518
2.74		0.933333		48.68
2.76		0		55.1652
2.76		0.0666667		48.6782
2.76		0.133333		57.8457
2.76		0.2		43.5143
2.76		0.266667		55.8361
2.76		0.333333		58.0333
2.76		0.4		33.2158
2.76		0.466667		52.4734
2.76		0.533333		58.1862
2.76		0.6		40.0368
2.76		0.666667		52.3903
2.76		0.733333		58.8785
2.76		0.8		41.1485
2.76		0.866667		54.0266
2.76		0.933333		48.7662
2.78		0		55.2868
2.78		0.0666667		48.6946
2.78		0.133333		57.857
2.78		0.2		43.4825
2.78		0.266667		55.8665
2.78		0.333333		58.0263
2.78		0.4		32.9514
2.78		0.466667		52.397
2.78		0.533333		58.0737
2.78		0.6		39.6503
2.78		0.666667		52.3848
2.78		0.733333		58.8311
2.78		0.8		41.1079
2.78		0.866667		54.1022
2.78		0.933333		48.8432
2.8		0		55.407
2.8		0.0666667		48.7106
2.8		0.133333		57.867
2.8		0.2		43.4512
2.8		0.266667		55.8949
2.8		0.333333		58.0184
2.8		0.4		32.9038
2.8		0.466667		52.3232
2.8		0.533333		57.9623
2.8		0.6		39.047
2.8		0.666667		54.3284
2.8		0.733333		57.0988
2.8		0.8		41.067
2.8		0.866667		54.1788
2.8		0.933333		48.911
2.82		0		55.5259
2.82		0.0666667		48.7263
2.82		0.133333		57.8758
2.82		0.2		43.4202
2.82		0.266667		55.9217
2.82		0.333333		58.0097
2.82		0.4		32.8573
2.82		0.466667		52.2521
2.82		0.533333		57.852
2.82		0.6		38.3851
2.82		0.666667		54.1487
2.82		0.733333		56.975
2.82		0.8		41.0258
2.82		0.866667		54.2565
2.82		0.933333		48.9699
2.84		0		55.6434
2.84		0.0666667		48.7417
2.84		0.133333		57.8836
2.84		0.2		43.3896
2.84		0.266667		55.9467
2.84		0.333333		58.0002
2.84		0.4		32.812
2.84		0.466667		52.1834
2.84		0.533333		57.7431
2.84		0.6		37.8785
2.84		0.666667		54.1334
2.84		0.733333		56.9296
2.84		0.8		40.9842
2.84		0.866667		54.3354
2.84		0.933333		49.0201
2.86		0		55.7596
2.86		0.0666667		48.7568
2.86		0.133333		57.8906
2.86		0.2		43.3595
2.86		0.266667		55.9702
2.86		0.333333		57.9899
2.86		0.4		32.7677
2.86		0.466667		52.117
2.86		0.533333		57.6356
2.86		0.6		37.504
2.86		0.666667		54.1228
2.86		0.733333		56.8861
2.86		0.8		40.9423
2.86		0.866667		54.4152
2.86		0.933333		49.0622
2.88		0		55.8745
2.88		0.0666667		48.7716
2.88		0.133333		57.8971
2.88		0.2		43.3298
2.88		0.266667		55.9923
2.88		0.333333		57.9789
2.88		0.4		32.7244
2.88		0.466667		52.053
2.88		0.533333		57.5295
2.88		0.6		37.2176
2.88		0.666667		54.113
2.88		0.733333		56.8452
2.88		0.8		40.8998
2.88		0.866667		54.4961
2.88		0.933333		49.0968
2.9		0		55.9882
2.9		0.0666667		48.7862
2.9		0.133333		57.9033
2.9		0.2		43.3004
2.9		0.266667		56.0131
2.9		0.333333		57.9672
2.9		0.4		32.6822
2.9		0.466667		51.9913
2.9		0.533333		57.4251
2.9		0.6		36.994
2.9		0.666667		54.1034
2.9		0.733333		56.8076
2.9		0.8		40.8568
2.9		0.866667		54.5777
2.9		0.933333		49.1246
2.92		0		56.1005
2.92		0.0666667		48.8005
2.92		0.133333		57.9096
2.92		0.2		43.2715
2.92		0.266667		56.0327
2.92		0.333333		57.9548
2.92		0.4		32.6409
2.92		0.466667		51.9318
2.92		0.533333		57.3223
2.92		0.6		36.8223
2.92		0.666667		54.0937
2.92		0.733333		56.7739
2.92		0.8		40.8133
2.92		0.866667		54.6601
2.92		0.933333		49.1464
2.94		0		56.2117
2.94		0.0666667		48.8146
2.94		0.133333		57.9162
2.94		0.2		43.243
2.94		0.266667		56.0512
2.94		0.333333		57.9417
2.94		0.4		32.6008
2.94		0.466667		51.8746
2.94		0.533333		57.2213
2.94		0.6		36.6991
2.94		0.666667		54.084
2.94		0.733333		56.7445
2.94		0.8		40.7693
2.94		0.866667		54.7431
2.94		0.933333		49.1628
2.96		0		56.3216
2.96		0.0666667		48.8286
2.96		0.133333		57.9236
2.96		0.2		43.2148
2.96		0.266667		56.0689
2.96		0.333333		57.9281
2.96		0.4		32.5613
2.96		0.466667		51.8195
2.96		0.533333		57.1222
2.96		0.6		36.6229
2.96		0.666667		54.074
2.96		0.733333		56.7199
2.96		0.8		40.7246
2.96		0.866667		54.8266
2.96		0.933333		49.1748
2.98		0		56.4303
2.98		0.0666667		48.8423
2.98		0.133333		57.9319
2.98		0.2		43.187
2.98		0.266667		56.086
2.98		0.333333		57.914
2.98		0.4		32.5228
2.98		0.466667		51.7667
2.98		0.533333		57.0249
2.98		0.6		36.5906
2.98		0.666667		54.064
2.98		0.733333		56.7006
2.98		0.8		40.6796
2.98		0.866667		54.9105
2.98		0.933333		49.183
3		0		56.5378
3		0.0666667		48.8558
3		0.133333		57.9416
3		0.2		43.1596
3		0.266667		56.1029
3		0.333333		57.8993
3		0.4		32.4852
3		0.466667		51.716
3		0.533333		56.9297
3		0.6		36.5952
3		0.666667		54.0538
3		0.733333		56.6867
3		0.8		40.6387
3		0.866667		54.9948
3		0.933333		49.1881
3.02		0		56.6441
3.02		0.0666667		48.8691
3.02		0.133333		57.9528
3.02		0.2		43.1326
3.02		0.266667		56.12
3.02		0.333333		57.8841
3.02		0.4		32.4485
3.02		0.466667		51.6674
3.02		0.533333		56.8364
3.02		0.6		36.6271
3.02		0.666667		54.0435
3.02		0.733333		56.6783
3.02		0.8		40.5922
3.02		0.866667		55.0793
3.02		0.933333		49.1909
3.04		0		56.7493
3.04		0.0666667		48.8823
3.04		0.133333		57.9657
3.04		0.2		43.1059
3.04		0.266667		56.1384
3.04		0.333333		57.8685
3.04		0.4		32.4126
3.04		0.466667		51.6209
3.04		0.533333		56.7453
3.04		0.6		36.6749
3.04		0.666667		54.0331
3.04		0.733333		56.6756
3.04		0.8		40.5405
3.04		0.866667		55.1641
3.04		0.933333		49.192
3.06		0		56.8534
3.06		0.0666667		48.8953
3.06		0.133333		57.9806
3.06		0.2		43.0797
3.06		0.266667		56.1602
3.06		0.333333		57.8526
3.06		0.4		32.3776
3.06		0.466667		51.5766
3.06		0.533333		56.6563
3.06		0.6		36.7283
3.06		0.666667		54.0226
3.06		0.733333		56.6784
3.06		0.8		40.4925
3.06		0.866667		55.249
3.06		0.933333		49.1918
3.08		0		56.9563
3.08		0.0666667		48.9081
3.08		0.133333		57.9975
3.08		0.2		43.0537
3.08		0.266667		56.191
3.08		0.333333		57.8362
3.08		0.4		32.3433
3.08		0.466667		51.5343
3.08		0.533333		56.5694
3.08		0.6		36.7794
3.08		0.666667		54.0121
3.08		0.733333		56.6863
3.08		0.8		40.4446
3.08		0.866667		55.3341
3.08		0.933333		49.1909
3.1		0		57.0581
3.1		0.0666667		48.9208
3.1		0.133333		58.0165
3.1		0.2		43.0282
3.1		0.266667		56.2516
3.1		0.333333		57.8196
3.1		0.4		32.3098
3.1		0.466667		51.4941
3.1		0.533333		56.4848
3.1		0.6		36.823
3.1		0.666667		54.0015
3.1		0.733333		56.6992
3.1		0.8		40.3967
3.1		0.866667		55.4193
3.1		0.933333		49.1896
3.12		0		57.1589
3.12		0.0666667		48.9333
3.12		0.133333		58.0377
3.12		0.2		43.0029
3.12		0.266667		56.4658
3.12		0.333333		57.8027
3.12		0.4		32.2771
3.12		0.466667		51.456
3.12		0.533333		56.4024
3.12		0.6		36.8564
3.12		0.666667		53.9908
3.12		0.733333		56.7166
3.12		0.8		40.3488
3.12		0.866667		55.5046
3.12		0.933333		49.1883
3.14		0		57.2585
3.14		0.0666667		48.9457
3.14		0.133333		58.0612
3.14		0.2		42.9781
3.14		0.266667		56.1768
3.14		0.333333		57.7855
3.14		0.4		32.2451
3.14		0.466667		51.4198
3.14		0.533333		56.3222
3.14		0.6		36.8788
3.14		0.666667		53.9801
3.14		0.733333		56.7379
3.14		0.8		40.3013
3.14		0.866667		55.59
3.14		0.933333		49.1873
3.16		0		57.3571
3.16		0.0666667		48.958
3.16		0.133333		58.0869
3.16		0.2		42.9535
3.16		0.266667		56.1059
3.16		0.333333		57.7682
3.16		0.4		32.2138
3.16		0.466667		51.3856
3.16		0.533333		56.2443
3.16		0.6		36.8904
3.16		0.666667		53.9694
3.16		0.733333		56.7627
3.16		0.8		40.2542
3.16		0.866667		55.6755
3.16		0.933333		49.1867
3.18		0		57.4547
3.18		0.0666667		48.9702
3.18		0.133333		58.1147
3.18		0.2		42.9293
3.18		0.266667		56.1229
3.18		0.333333		57.7507
3.18		0.4		32.1831
3.18		0.466667		51.3533
3.18		0.533333		56.1686
3.18		0.6		36.8921
3.18		0.666667		53.9586
3.18		0.733333		56.7904
3.18		0.8		40.2079
3.18		0.866667		55.761
3.18		0.933333		49.1868
3.2		0		57.5512
3.2		0.0666667		48.9822
3.2		0.133333		58.1447
3.2		0.2		42.9055
3.2		0.266667		56.1377
3.2		0.333333		57.7331
3.2		0.4		32.1531
3.2		0.466667		51.323
3.2		0.533333		56.0951
3.2		0.6		36.8853
3.2		0.666667		53.9479
3.2		0.733333		56.8206
3.2		0.8		40.1625
3.2		0.866667		55.8465
3.2		0.933333		49.1876
3.22		0		57.6467
3.22		0.0666667		48.9941
3.22		0.133333		58.1766
3.22		0.2		42.8819
3.22		0.266667		56.1495
3.22		0.333333		57.7154
3.22		0.4		32.1238
3.22		0.466667		51.2944
3.22		0.533333		56.0239
3.22		0.6		36.8711
3.22		0.666667		53.9371
3.22		0.733333		56.8529
3.22		0.8		40.1181
3.22		0.866667		55.932
3.22		0.933333		49.1893
3.24		0		57.7412
3.24		0.0666667		49.0059
3.24		0.133333		58.2103
3.24		0.2		42.8587
3.24		0.266667		56.159
3.24		0.333333		57.6976
3.24		0.4		32.0951
3.24		0.466667		51.2678
3.24		0.533333		55.9549
3.24		0.6		36.8506
3.24		0.666667		53.9264
3.24		0.733333		56.8868
3.24		0.8		40.075
3.24		0.866667		56.0175
3.24		0.933333		49.1919
3.26		0		57.8347
3.26		0.0666667		49.0175
3.26		0.133333		58.2456
3.26		0.2		42.8358
3.26		0.266667		56.1671
3.26		0.333333		57.6799
3.26		0.4		32.0669
3.26		0.466667		51.2428
3.26		0.533333		55.8882
3.26		0.6		36.8248
3.26		0.666667		53.9157
3.26		0.733333		56.9219
3.26		0.8		40.0331
3.26		0.866667		56.1029
3.26		0.933333		49.1954
3.28		0		57.9273
3.28		0.0666667		49.0291
3.28		0.133333		58.2821
3.28		0.2		42.8133
3.28		0.266667		56.1742
3.28		0.333333		57.6621
3.28		0.4		32.0393
3.28		0.466667		51.2196
3.28		0.533333		55.8241
3.28		0.6		36.7947
3.28		0.666667		53.905
3.28		0.733333		56.958
3.28		0.8		39.9926
3.28		0.866667		56.1883
3.28		0.933333		49.1999
3.3		0		58.0188
3.3		0.0666667		49.0406
3.3		0.133333		58.3197
3.3		0.2		42.791
3.3		0.266667		56.1805
3.3		0.333333		57.6445
3.3		0.4		32.0121
3.3		0.466667		51.1981
3.3		0.533333		55.7646
3.3		0.6		36.7608
3.3		0.666667		53.8944
3.3		0.733333		56.9947
3.3		0.8		39.9534
3.3		0.866667		56.2735
3.3		0.933333		49.2054
3.32		0		58.1095
3.32		0.0666667		49.0519
3.32		0.133333		58.358
3.32		0.2		42.7691
3.32		0.266667		56.1861
3.32		0.333333		57.6269
3.32		0.4		31.9854
3.32		0.466667		51.1783
3.32		0.533333		55.7335
3.32		0.6		36.7237
3.32		0.666667		53.8838
3.32		0.733333		57.0319
3.32		0.8		39.9157
3.32		0.866667		56.3587
3.32		0.933333		49.2118
3.34		0		58.1991
3.34		0.0666667		49.0632
3.34		0.133333		58.3968
3.34		0.2		42.7474
3.34		0.266667		56.1913
3.34		0.333333		57.6095
3.34		0.4		31.9591
3.34		0.466667		51.16
3.34		0.533333		56.3823
3.34		0.6		36.6838
3.34		0.666667		53.8732
3.34		0.733333		57.0692
3.34		0.8		39.8794
3.34		0.866667		56.4436
3.34		0.933333		49.219
3.36		0		58.2879
3.36		0.0666667		49.0744
3.36		0.133333		58.4357
3.36		0.2		42.7261
3.36		0.266667		56.196
3.36		0.333333		57.5922
3.36		0.4		31.933
3.36		0.466667		51.1432
3.36		0.533333		55.6918
3.36		0.6		36.6415
3.36		0.666667		53.8627
3.36		0.733333		57.1065
3.36		0.8		39.8445
3.36		0.866667		56.5284
3.36		0.933333		49.2272
3.38		0		58.3757
3.38		0.0666667		49.0854
3.38		0.133333		58.4747
3.38		0.2		42.705
3.38		0.266667		56.2005
3.38		0.333333		57.5751
3.38		0.4		31.9076
3.38		0.466667		51.1279
3.38		0.533333		55.5817
3.38		0.6		36.5968
3.38		0.666667		53.8523
3.38		0.733333		57.1437
3.38		0.8		39.8109
3.38		0.866667		56.6129
3.38		0.933333		49.2362
3.4		0		58.4626
3.4		0.0666667		49.0964
3.4		0.133333		58.5134
3.4		0.2		42.6842
3.4		0.266667		56.2047
3.4		0.333333		57.5583
3.4		0.4		31.8805
3.4		0.466667		51.1141
3.4		0.533333		55.5162
3.4		0.6		36.55
3.4		0.666667		53.842
3.4		0.733333		57.1806
3.4		0.8		39.7786
3.4		0.866667		56.6971
3.4		0.933333		49.246
3.42		0		58.5487
3.42		0.0666667		49.1073
3.42		0.133333		58.5516
3.42		0.2		42.6638
3.42		0.266667		56.2086
3.42		0.333333		57.5418
3.42		0.4		31.8529
3.42		0.466667		51.1016
3.42		0.533333		55.4613
3.42		0.6		36.5011
3.42		0.666667		53.8317
3.42		0.733333		57.2171
3.42		0.8		39.7475
3.42		0.866667		56.781
3.42		0.933333		49.2565
3.44		0		58.6338
3.44		0.0666667		49.1181
3.44		0.133333		58.5893
3.44		0.2		42.6436
3.44		0.266667		56.2124
3.44		0.333333		57.5255
3.44		0.4		31.8225
3.44		0.466667		51.0905
3.44		0.533333		55.4113
3.44		0.6		36.45
3.44		0.666667		53.8215
3.44		0.733333		57.253
3.44		0.8		39.7176
3.44		0.866667		56.8645
3.44		0.933333		49.2677
3.46		0		58.7181
3.46		0.0666667		49.1288
3.46		0.133333		58.6263
3.46		0.2		42.6236
3.46		0.266667		56.216
3.46		0.333333		57.5096
3.46		0.4		31.7982
3.46		0.466667		51.0806
3.46		0.533333		55.3646
3.46		0.6		36.3967
3.46		0.666667		53.8113
3.46		0.733333		57.2884
3.46		0.8		39.6888
3.46		0.866667		56.9476
3.46		0.933333		49.2795
3.48		0		58.8015
3.48		0.0666667		49.1394
3.48		0.133333		58.6625
3.48		0.2		42.604
3.48		0.266667		56.2196
3.48		0.333333		57.4941
3.48		0.4		32.1273
3.48		0.466667		51.0719
3.48		0.533333		55.3205
3.48		0.6		36.341
3.48		0.666667		53.8013
3.48		0.733333		57.3231
3.48		0.8		39.661
3.48		0.866667		57.0303
3.48		0.933333		49.2919
3.5		0		58.8841
3.5		0.0666667		49.15
3.5		0.133333		58.6979
3.5		0.2		42.5846
3.5		0.266667		56.223
3.5		0.333333		57.4789
3.5		0.4		31.8414
3.5		0.466667		51.0644
3.5		0.533333		55.2787
3.5		0.6		36.2826
3.5		0.666667		53.7913
3.5		0.733333		57.3572
3.5		0.8		39.6343
3.5		0.866667		57.1124
3.5		0.933333		49.3049
3.52		0		58.9659
3.52		0.0666667		49.1604
3.52		0.133333		58.7323
3.52		0.2		42.5655
3.52		0.266667		56.2264
3.52		0.333333		57.4642
3.52		0.4		31.7933
3.52		0.466667		51.058
3.52		0.533333		55.239
3.52		0.6		36.2214
3.52		0.666667		53.7815
3.52		0.733333		57.3905
3.52		0.8		39.6085
3.52		0.866667		57.1941
3.52		0.933333		49.3184
3.54		0		59.0468
3.54		0.0666667		49.1708
3.54		0.133333		58.7657
3.54		0.2		42.5466
3.54		0.266667		56.2298
3.54		0.333333		57.4499
3.54		0.4		31.7633
3.54		0.466667		51.0527
3.54		0.533333		55.2011
3.54		0.6		36.157
3.54		0.666667		53.7717
3.54		0.733333		57.423
3.54		0.8		39.5836
3.54		0.866667		57.2751
3.54		0.933333		49.3323
3.56		0		59.1269
3.56		0.0666667		49.1811
3.56		0.133333		58.7982
3.56		0.2		42.528
3.56		0.266667		56.2331
3.56		0.333333		57.436
3.56		0.4		31.7385
3.56		0.466667		51.0483
3.56		0.533333		55.1652
3.56		0.6		36.089
3.56		0.666667		53.762
3.56		0.733333		57.4549
3.56		0.8		39.5595
3.56		0.866667		57.3556
3.56		0.933333		49.3467
3.58		0		59.2062
3.58		0.0666667		49.1913
3.58		0.133333		58.8296
3.58		0.2		42.5097
3.58		0.266667		56.2365
3.58		0.333333		57.4227
3.58		0.4		31.7161
3.58		0.466667		51.045
3.58		0.533333		55.1309
3.58		0.6		36.0171
3.58		0.666667		53.7524
3.58		0.733333		57.4859
3.58		0.8		39.5362
3.58		0.866667		57.4353
3.58		0.933333		49.3614
3.6		0		59.2847
3.6		0.0666667		49.2014
3.6		0.133333		58.8601
3.6		0.2		42.4916
3.6		0.266667		56.2398
3.6		0.333333		57.4099
3.6		0.4		31.6952
3.6		0.466667		51.0425
3.6		0.533333		55.0983
3.6		0.6		35.9409
3.6		0.666667		53.7429
3.6		0.733333		57.5162
3.6		0.8		39.5137
3.6		0.866667		57.5144
3.6		0.933333		49.3765
3.62		0		59.3624
3.62		0.0666667		49.2115
3.62		0.133333		58.8895
3.62		0.2		42.4738
3.62		0.266667		56.2432
3.62		0.333333		57.3976
3.62		0.4		31.6752
3.62		0.466667		51.0409
3.62		0.533333		55.0672
3.62		0.6		35.8599
3.62		0.666667		53.7336
3.62		0.733333		57.5458
3.62		0.8		39.4919
3.62		0.866667		57.5928
3.62		0.933333		49.3918
3.64		0		59.4393
3.64		0.0666667		49.2215
3.64		0.133333		58.918
3.64		0.2		42.4562
3.64		0.266667		56.2466
3.64		0.333333		57.3859
3.64		0.4		31.656
3.64		0.466667		51.0401
3.64		0.533333		55.0376
3.64		0.6		35.7737
3.64		0.666667		53.7243
3.64		0.733333		57.5747
3.64		0.8		39.4707
3.64		0.866667		57.6704
3.64		0.933333		49.4075
3.66		0		59.5155
3.66		0.0666667		49.2314
3.66		0.133333		58.9456
3.66		0.2		42.4388
3.66		0.266667		56.2501
3.66		0.333333		57.3747
3.66		0.4		31.6374
3.66		0.466667		51.0401
3.66		0.533333		55.0095
3.66		0.6		35.6821
3.66		0.666667		53.7151
3.66		0.733333		57.6029
3.66		0.8		39.4502
3.66		0.866667		57.7473
3.66		0.933333		49.4234
3.68		0		59.5909
3.68		0.0666667		49.2412
3.68		0.133333		58.9722
3.68		0.2		42.4217
3.68		0.266667		56.2537
3.68		0.333333		57.3641
3.68		0.4		31.6194
3.68		0.466667		51.0408
3.68		0.533333		54.9827
3.68		0.6		35.5847
3.68		0.666667		53.7061
3.68		0.733333		57.6305
3.68		0.8		39.4303
3.68		0.866667		57.8233
3.68		0.933333		49.4395
3.7		0		59.6656
3.7		0.0666667		49.2509
3.7		0.133333		58.9979
3.7		0.2		42.4048
3.7		0.266667		56.2573
3.7		0.333333		57.3541
3.7		0.4		31.6018
3.7		0.466667		51.0422
3.7		0.533333		54.9572
3.7		0.6		35.4814
3.7		0.666667		53.6971
3.7		0.733333		57.6574
3.7		0.8		39.4109
3.7		0.866667		57.8985
3.7		0.933333		49.4557
3.72		0		59.7395
3.72		0.0666667		49.2606
3.72		0.133333		59.0227
3.72		0.2		42.3881
3.72		0.266667		56.261
3.72		0.333333		57.3447
3.72		0.4		31.5847
3.72		0.466667		51.0442
3.72		0.533333		54.933
3.72		0.6		35.3722
3.72		0.666667		53.6882
3.72		0.733333		57.6837
3.72		0.8		39.3921
3.72		0.866667		57.9729
3.72		0.933333		49.4722
3.74		0		59.8127
3.74		0.0666667		49.2702
3.74		0.133333		59.0467
3.74		0.2		42.3717
3.74		0.266667		56.2648
3.74		0.333333		57.3358
3.74		0.4		31.5681
3.74		0.466667		51.0468
3.74		0.533333		54.9099
3.74		0.6		35.2575
3.74		0.666667		53.6795
3.74		0.733333		57.7095
3.74		0.8		39.3739
3.74		0.866667		58.0464
3.74		0.933333		49.4887
3.76		0		59.8852
3.76		0.0666667		49.2798
3.76		0.133333		59.0699
3.76		0.2		42.3555
3.76		0.266667		56.2687
3.76		0.333333		57.3277
3.76		0.4		31.5518
3.76		0.466667		51.05
3.76		0.533333		54.888
3.76		0.6		35.1378
3.76		0.666667		53.6709
3.76		0.733333		57.7347
3.76		0.8		39.3561
3.76		0.866667		58.1191
3.76		0.933333		49.5054
3.78		0		59.957
3.78		0.0666667		49.2892
3.78		0.133333		59.0923
3.78		0.2		42.3395
3.78		0.266667		56.2727
3.78		0.333333		57.3201
3.78		0.4		31.5359
3.78		0.466667		51.0537
3.78		0.533333		54.8671
3.78		0.6		35.014
3.78		0.666667		53.6623
3.78		0.733333		57.7594
3.78		0.8		39.3388
3.78		0.866667		58.1908
3.78		0.933333		49.5222
3.8		0		60.028
3.8		0.0666667		49.2986
3.8		0.133333		59.114
3.8		0.2		42.3237
3.8		0.266667		56.2769
3.8		0.333333		57.3131
3.8		0.4		31.5204
3.8		0.466667		51.0579
3.8		0.533333		54.8472
3.8		0.6		34.8874
3.8		0.666667		53.6539
3.8		0.733333		57.7836
3.8		0.8		39.3219
3.8		0.866667		58.2617
3.8		0.933333		49.539
3.82		0		60.0984
3.82		0.0666667		49.3079
3.82		0.133333		59.1349
3.82		0.2		42.3081
3.82		0.266667		56.2811
3.82		0.333333		57.3068
3.82		0.4		31.5052
3.82		0.466667		51.0626
3.82		0.533333		54.8282
3.82		0.6		34.7594
3.82		0.666667		53.6456
3.82		0.733333		57.8074
3.82		0.8		39.3054
3.82		0.866667		58.3317
3.82		0.933333		49.5559
3.84		0		60.1681
3.84		0.0666667		49.3172
3.84		0.133333		59.1552
3.84		0.2		42.2927
3.84		0.266667		56.2854
3.84		0.333333		57.3011
3.84		0.4		31.4904
3.84		0.466667		51.0677
3.84		0.533333		54.8102
3.84		0.6		34.6319
3.84		0.666667		53.6374
3.84		0.733333		57.8307
3.84		0.8		39.2894
3.84		0.866667		58.4008
3.84		0.933333		49.5729
3.86		0		60.2371
3.86		0.0666667		49.3263
3.86		0.133333		59.1748
3.86		0.2		42.2776
3.86		0.266667		56.2898
3.86		0.333333		57.2961
3.86		0.4		31.4759
3.86		0.466667		51.0732
3.86		0.533333		54.793
3.86		0.6		34.5069
3.86		0.666667		53.6294
3.86		0.733333		57.8536
3.86		0.8		39.2738
3.86		0.866667		58.4691
3.86		0.933333		49.5898
3.88		0		60.3055
3.88		0.0666667		49.3355
3.88		0.133333		59.1938
3.88		0.2		42.2626
3.88		0.266667		56.2944
3.88		0.333333		57.2917
3.88		0.4		31.4617
3.88		0.466667		51.079
3.88		0.533333		54.7766
3.88		0.6		34.3863
3.88		0.666667		53.6214
3.88		0.733333		57.8761
3.88		0.8		39.2585
3.88		0.866667		58.5364
3.88		0.933333		49.6068
3.9		0		60.3731
3.9		0.0666667		49.3445
3.9		0.133333		59.2122
3.9		0.2		42.2479
3.9		0.266667		56.299
3.9		0.333333		57.2879
3.9		0.4		31.4478
3.9		0.466667		51.0852
3.9		0.533333		54.7609
3.9		0.6		34.2721
3.9		0.666667		53.6135
3.9		0.733333		57.8983
3.9		0.8		39.2436
3.9		0.866667		58.6029
3.9		0.933333		49.6238
3.92		0		60.4402
3.92		0.0666667		49.3535
3.92		0.133333		59.23
3.92		0.2		42.2333
3.92		0.266667		56.3037
3.92		0.333333		57.2848
3.92		0.4		31.4341
3.92		0.466667		51.0916
3.92		0.533333		54.746
3.92		0.6		34.1658
3.92		0.666667		53.6058
3.92		0.733333		57.9201
3.92		0.8		39.2291
3.92		0.866667		58.6684
3.92		0.933333		49.6407
3.94		0		60.5066
3.94		0.0666667		49.3624
3.94		0.133333		59.2473
3.94		0.2		42.219
3.94		0.266667		56.3085
3.94		0.333333		57.2824
3.94		0.4		31.4208
3.94		0.466667		51.0984
3.94		0.533333		54.7317
3.94		0.6		34.0689
3.94		0.666667		53.5981
3.94		0.733333		57.9416
3.94		0.8		39.2149
3.94		0.866667		58.7332
3.94		0.933333		49.6577
3.96		0		60.5723
3.96		0.0666667		49.3712
3.96		0.133333		59.2641
3.96		0.2		42.2048
3.96		0.266667		56.3133
3.96		0.333333		57.2807
3.96		0.4		31.4077
3.96		0.466667		51.1054
3.96		0.533333		54.718
3.96		0.6		33.9822
3.96		0.666667		53.5906
3.96		0.733333		57.9628
3.96		0.8		39.201
3.96		0.866667		58.797
3.96		0.933333		49.6745
3.98		0		60.6374
3.98		0.0666667		49.38
3.98		0.133333		59.2804
3.98		0.2		42.1908
3.98		0.266667		56.3181
3.98		0.333333		57.2796
3.98		0.4		31.3949
3.98		0.466667		51.1127
3.98		0.533333		54.7049
3.98		0.6		33.9061
3.98		0.666667		53.5832
3.98		0.733333		57.9837
3.98		0.8		39.1874
3.98		0.866667		58.86
3.98		0.933333		49.6914
4		0		60.7019
4		0.0666667		49.3887
4		0.133333		59.2961
4		0.2		42.177
4		0.266667		56.3228
4		0.333333		57.2793
4		0.4		31.3824
4		0.466667		51.1201
4		0.533333		54.6924
4		0.6		33.8405
4		0.666667		53.5759
4		0.733333		58.0043
4		0.8		39.1742
4		0.866667		58.9222
4		0.933333		49.7082
4.02		0		60.7658
4.02		0.0666667		49.3973
4.02		0.133333		59.3115
4.02		0.2		42.1634
4.02		0.266667		56.3274
4.02		0.333333		57.2798
4.02		0.4		31.3701
4.02		0.466667		51.1277
4.02		0.533333		54.6804
4.02		0.6		33.7851
4.02		0.666667		53.5687
4.02		0.733333		58.0247
4.02		0.8		39.1612
4.02		0.866667		58.9835
4.02		0.933333		49.7249
4.04		0		60.8291
4.04		0.0666667		49.4058
4.04		0.133333		59.3264
4.04		0.2		42.1499
4.04		0.266667		56.3316
4.04		0.333333		57.2811
4.04		0.4		31.358
4.04		0.466667		51.1356
4.04		0.533333		54.6689
4.04		0.6		33.7391
4.04		0.666667		53.5616
4.04		0.733333		58.0448
4.04		0.8		39.1485
4.04		0.866667		59.044
4.04		0.933333		49.7416
4.06		0		60.8917
4.06		0.0666667		49.4143
4.06		0.133333		59.3408
4.06		0.2		42.1367
4.06		0.266667		56.3352
4.06		0.333333		57.2834
4.06		0.4		31.3462
4.06		0.466667		51.1435
4.06		0.533333		54.6578
4.06		0.6		33.7016
4.06		0.666667		53.5546
4.06		0.733333		58.0646
4.06		0.8		39.1361
4.06		0.866667		59.1037
4.06		0.933333		49.7582
4.08		0		60.9538
4.08		0.0666667		49.4228
4.08		0.133333		59.3549
4.08		0.2		42.1236
4.08		0.266667		56.3377
4.08		0.333333		57.2866
4.08		0.4		31.3346
4.08		0.466667		51.1516
4.08		0.533333		54.6471
4.08		0.6		33.6717
4.08		0.666667		53.5477
4.08		0.733333		58.0843
4.08		0.8		39.124
4.08		0.866667		59.1627
4.08		0.933333		49.7747
4.1		0		61.0153
4.1		0.0666667		49.4312
4.1		0.133333		59.3685
4.1		0.2		42.1107
4.1		0.266667		56.3381
4.1		0.333333		57.2909
4.1		0.4		31.3232
4.1		0.466667		51.1598
4.1		0.533333		54.6368
4.1		0.6		33.6482
4.1		0.666667		53.5409
4.1		0.733333		58.1037
4.1		0.8		39.1121
4.1		0.866667		59.2208
4.1		0.933333		49.7911
4.12		0		61.0762
4.12		0.0666667		49.4395
4.12		0.133333		59.3817
4.12		0.2		42.0979
4.12		0.266667		56.3345
4.12		0.333333		57.2965
4.12		0.4		31.312
4.12		0.466667		51.1681
4.12		0.533333		54.6268
4.12		0.6		33.6302
4.12		0.666667		53.5343
4.12		0.733333		58.1228
4.12		0.8		39.1004
4.12		0.866667		59.2782
4.12		0.933333		49.8074
4.14		0		61.1365
4.14		0.0666667		49.4477
4.14		0.133333		59.3946
4.14		0.2		42.0853
4.14		0.266667		56.3229
4.14		0.333333		57.3036
4.14		0.4		31.301
4.14		0.466667		51.1765
4.14		0.533333		54.6172
4.14		0.6		33.6166
4.14		0.666667		53.5277
4.14		0.733333		58.1418
4.14		0.8		39.089
4.14		0.866667		59.3348
4.14		0.933333		49.8237
4.16		0		61.1963
4.16		0.0666667		49.4559
4.16		0.133333		59.407
4.16		0.2		42.0729
4.16		0.266667		56.2933
4.16		0.333333		57.3126
4.16		0.4		31.2903
4.16		0.466667		51.185
4.16		0.533333		54.6079
4.16		0.6		33.6066
4.16		0.666667		53.5212
4.16		0.733333		58.1606
4.16		0.8		39.0779
4.16		0.866667		59.3906
4.16		0.933333		49.8398
4.18		0		61.2555
4.18		0.0666667		49.464
4.18		0.133333		59.4191
4.18		0.2		42.0606
4.18		0.266667		56.2194
4.18		0.333333		57.3239
4.18		0.4		31.2796
4.18		0.466667		51.1935
4.18		0.533333		54.5989
4.18		0.6		33.5994
4.18		0.666667		53.5149
4.18		0.733333		58.1792
4.18		0.8		39.0669
4.18		0.866667		59.4458
4.18		0.933333		49.8558
4.2		0		61.3142
4.2		0.0666667		49.472
4.2		0.133333		59.4308
4.2		0.2		42.0485
4.2		0.266667		56.0319
4.2		0.333333		57.3381
4.2		0.4		31.2692
4.2		0.466667		51.202
4.2		0.533333		54.5901
4.2		0.6		33.5943
4.2		0.666667		53.5086
4.2		0.733333		58.1976
4.2		0.8		39.0562
4.2		0.866667		59.5002
4.2		0.933333		49.8718
4.22		0		61.3723
4.22		0.0666667		49.48
4.22		0.133333		59.4421
4.22		0.2		42.0366
4.22		0.266667		55.6995
4.22		0.333333		57.3563
4.22		0.4		31.2589
4.22		0.466667		51.2106
4.22		0.533333		54.5815
4.22		0.6		33.5908
4.22		0.666667		53.5025
4.22		0.733333		58.2158
4.22		0.8		39.0457
4.22		0.866667		59.5539
4.22		0.933333		49.8876
4.24		0		61.4299
4.24		0.0666667		49.4879
4.24		0.133333		59.453
4.24		0.2		42.0248
4.24		0.266667		55.7204
4.24		0.333333		57.3801
4.24		0.4		31.2488
4.24		0.466667		51.2193
4.24		0.533333		54.5732
4.24		0.6		33.5883
4.24		0.666667		53.4964
4.24		0.733333		58.2339
4.24		0.8		39.0354
4.24		0.866667		59.6068
4.24		0.933333		49.9033
4.26		0		61.4869
4.26		0.0666667		49.4958
4.26		0.133333		59.4635
4.26		0.2		42.0132
4.26		0.266667		55.9979
4.26		0.333333		57.4121
4.26		0.4		31.2389
4.26		0.466667		51.2279
4.26		0.533333		54.5651
4.26		0.6		33.5865
4.26		0.666667		53.4904
4.26		0.733333		58.2518
4.26		0.8		39.0253
4.26		0.866667		59.6592
4.26		0.933333		49.9189
4.28		0		61.5434
4.28		0.0666667		49.5036
4.28		0.133333		59.4735
4.28		0.2		42.0017
4.28		0.266667		56.1653
4.28		0.333333		57.4568
4.28		0.4		31.2291
4.28		0.466667		51.2365
4.28		0.533333		54.5571
4.28		0.6		33.585
4.28		0.666667		53.4846
4.28		0.733333		58.2695
4.28		0.8		39.0155
4.28		0.866667		59.7108
4.28		0.933333		49.9344
4.3		0		61.5994
4.3		0.0666667		49.5114
4.3		0.133333		59.4831
4.3		0.2		41.9903
4.3		0.266667		56.2532
4.3		0.333333		57.5228
4.3		0.4		31.2194
4.3		0.466667		51.2451
4.3		0.533333		54.5494
4.3		0.6		33.5837
4.3		0.666667		53.4788
4.3		0.733333		58.2871
4.3		0.8		39.0058
4.3		0.866667		59.7618
4.3		0.933333		49.9497
4.32		0		61.6549
4.32		0.0666667		49.519
4.32		0.133333		59.4922
4.32		0.2		41.9792
4.32		0.266667		56.3044
4.32		0.333333		57.6277
4.32		0.4		31.2098
4.32		0.466667		51.2537
4.32		0.533333		54.5417
4.32		0.6		33.5822
4.32		0.666667		53.4731
4.32		0.733333		58.3045
4.32		0.8		38.9963
4.32		0.866667		59.8121
4.32		0.933333		49.965
4.34		0		61.7098
4.34		0.0666667		49.5267
4.34		0.133333		59.5009
4.34		0.2		41.9681
4.34		0.266667		56.338
4.34		0.333333		57.8101
4.34		0.4		31.2004
4.34		0.466667		51.2623
4.34		0.533333		54.5342
4.34		0.6		33.5806
4.34		0.666667		53.4675
4.34		0.733333		58.3217
4.34		0.8		38.987
4.34		0.866667		59.8617
4.34		0.933333		49.9801
4.36		0		61.7643
4.36		0.0666667		49.5342
4.36		0.133333		59.509
4.36		0.2		41.9572
4.36		0.266667		56.3623
4.36		0.333333		58.1321
4.36		0.4		31.1911
4.36		0.466667		51.2709
4.36		0.533333		54.5269
4.36		0.6		33.5786
4.36		0.666667		53.462
4.36		0.733333		58.3388
4.36		0.8		38.9779
4.36		0.866667		59.9108
4.36		0.933333		49.9951
4.38		0		61.8183
4.38		0.0666667		49.5417
4.38		0.133333		59.5165
4.38		0.2		41.9464
4.38		0.266667		56.3813
4.38		0.333333		58.2089
4.38		0.4		31.1819
4.38		0.466667		51.2794
4.38		0.533333		54.5196
4.38		0.6		33.5761
4.38		0.666667		53.4566
4.38		0.733333		58.3558
4.38		0.8		38.9689
4.38		0.866667		59.9592
4.38		0.933333		50.01
4.4		0		61.8717
4.4		0.0666667		49.5492
4.4		0.133333		59.5234
4.4		0.2		41.9358
4.4		0.266667		56.397
4.4		0.333333		57.2381
4.4		0.4		31.1728
4.4		0.466667		51.2878
4.4		0.533333		54.5124
4.4		0.6		33.5731
4.4		0.666667		53.4513
4.4		0.733333		58.3726
4.4		0.8		38.9601
4.4		0.866667		60.007
4.4		0.933333		50.0247
4.42		0		61.9247
4.42		0.0666667		49.5565
4.42		0.133333		59.5296
4.42		0.2		41.9253
4.42		0.266667		56.4107
4.42		0.333333		56.939
4.42		0.4		31.1637
4.42		0.466667		51.2962
4.42		0.533333		54.5053
4.42		0.6		33.5696
4.42		0.666667		53.4461
4.42		0.733333		58.3892
4.42		0.8		38.9515
4.42		0.866667		60.0542
4.42		0.933333		50.0394
4.44		0		61.9772
4.44		0.0666667		49.5639
4.44		0.133333		59.535
4.44		0.2		41.9149
4.44		0.266667		56.423
4.44		0.333333		56.9358
4.44		0.4		31.1548
4.44		0.466667		51.3046
4.44		0.533333		54.4983
4.44		0.6		33.5656
4.44		0.666667		53.441
4.44		0.733333		58.4058
4.44		0.8		38.9431
4.44		0.866667		60.1009
4.44		0.933333		50.0539
4.46		0		62.0293
4.46		0.0666667		49.5711
4.46		0.133333		59.5397
4.46		0.2		41.9047
4.46		0.266667		56.4343
4.46		0.333333		56.9698
4.46		0.4		31.1459
4.46		0.466667		51.3129
4.46		0.533333		54.4914
4.46		0.6		33.561
4.46		0.666667		53.4359
4.46		0.733333		58.4222
4.46		0.8		38.9348
4.46		0.866667		60.1469
4.46		0.933333		50.0682
4.48		0		62.0808
4.48		0.0666667		49.5784
4.48		0.133333		59.5435
4.48		0.2		41.8946
4.48		0.266667		56.4449
4.48		0.333333		57.0026
4.48		0.4		31.137
4.48		0.466667		51.3211
4.48		0.533333		54.4845
4.48		0.6		33.5558
4.48		0.666667		53.431
4.48		0.733333		58.4384
4.48		0.8		38.9267
4.48		0.866667		60.1924
4.48		0.933333		50.0825
4.5		0		62.1319
4.5		0.0666667		49.5855
4.5		0.133333		59.5464
4.5		0.2		41.8846
4.5		0.266667		56.455
4.5		0.333333		57.0297
4.5		0.4		31.1282
4.5		0.466667		51.3293
4.5		0.533333		54.4777
4.5		0.6		33.5501
4.5		0.666667		53.4261
4.5		0.733333		58.4546
4.5		0.8		38.9188
4.5		0.866667		60.2373
4.5		0.933333		50.0966
4.52		0		62.1826
4.52		0.0666667		49.5926
4.52		0.133333		59.5482
4.52		0.2		41.8747
4.52		0.266667		56.4648
4.52		0.333333		57.0517
4.52		0.4		31.1195
4.52		0.466667		51.3374
4.52		0.533333		54.4709
4.52		0.6		33.5439
4.52		0.666667		53.4213
4.52		0.733333		58.4706
4.52		0.8		38.911
4.52		0.866667		60.2817
4.52		0.933333		50.1106
4.54		0		62.2327
4.54		0.0666667		49.5996
4.54		0.133333		59.5489
4.54		0.2		41.865
4.54		0.266667		56.4742
4.54		0.333333		57.0698
4.54		0.4		31.1107
4.54		0.466667		51.3454
4.54		0.533333		54.4641
4.54		0.6		33.5371
4.54		0.666667		53.4166
4.54		0.733333		58.4864
4.54		0.8		38.9033
4.54		0.866667		60.3256
4.54		0.933333		50.1245
4.56		0		62.2825
4.56		0.0666667		49.6066
4.56		0.133333		59.5483
4.56		0.2		41.8554
4.56		0.266667		56.4835
4.56		0.333333		57.0849
4.56		0.4		31.102
4.56		0.466667		51.3534
4.56		0.533333		54.4574
4.56		0.6		33.5298
4.56		0.666667		53.412
4.56		0.733333		58.5022
4.56		0.8		38.8958
4.56		0.866667		60.3689
4.56		0.933333		50.1382
4.58		0		62.3318
4.58		0.0666667		49.6136
4.58		0.133333		59.5464
4.58		0.2		41.8459
4.58		0.266667		56.4926
4.58		0.333333		57.0978
4.58		0.4		31.0933
4.58		0.466667		51.3612
4.58		0.533333		54.4507
4.58		0.6		33.522
4.58		0.666667		53.4075
4.58		0.733333		58.5178
4.58		0.8		38.8884
4.58		0.866667		60.4118
4.58		0.933333		50.1519
4.6		0		62.3806
4.6		0.0666667		49.6204
4.6		0.133333		59.5431
4.6		0.2		41.8365
4.6		0.266667		56.5015
4.6		0.333333		57.1089
4.6		0.4		31.0845
4.6		0.466667		51.369
4.6		0.533333		54.444
4.6		0.6		33.5138
4.6		0.666667		53.403
4.6		0.733333		58.5333
4.6		0.8		38.8812
4.6		0.866667		60.4541
4.6		0.933333		50.1654
4.62		0		62.429
4.62		0.0666667		49.6273
4.62		0.133333		59.5382
4.62		0.2		41.8273
4.62		0.266667		56.5103
4.62		0.333333		57.1186
4.62		0.4		31.0758
4.62		0.466667		51.3767
4.62		0.533333		54.4373
4.62		0.6		33.5051
4.62		0.666667		53.3986
4.62		0.733333		58.5487
4.62		0.8		38.8741
4.62		0.866667		60.496
4.62		0.933333		50.1787
4.64		0		62.477
4.64		0.0666667		49.634
4.64		0.133333		59.5316
4.64		0.2		41.8181
4.64		0.266667		56.5191
4.64		0.333333		57.1273
4.64		0.4		31.067
4.64		0.466667		51.3843
4.64		0.533333		54.4306
4.64		0.6		33.496
4.64		0.666667		53.3943
4.64		0.733333		58.564
4.64		0.8		38.8672
4.64		0.866667		60.5374
4.64		0.933333		50.192
4.66		0		62.5246
4.66		0.0666667		49.6407
4.66		0.133333		59.5233
4.66		0.2		41.8091
4.66		0.266667		56.5278
4.66		0.333333		57.1351
4.66		0.4		31.0581
4.66		0.466667		51.3918
4.66		0.533333		54.424
4.66		0.6		33.4865
4.66		0.666667		53.3901
4.66		0.733333		58.5791
4.66		0.8		38.8603
4.66		0.866667		60.5784
4.66		0.933333		50.2051
4.68		0		62.5717
4.68		0.0666667		49.6474
4.68		0.133333		59.5132
4.68		0.2		41.8002
4.68		0.266667		56.5364
4.68		0.333333		57.1422
4.68		0.4		31.0492
4.68		0.466667		51.3992
4.68		0.533333		54.4173
4.68		0.6		33.4767
4.68		0.666667		53.3859
4.68		0.733333		58.5942
4.68		0.8		38.8537
4.68		0.866667		60.6189
4.68		0.933333		50.2181
4.7		0		62.6184
4.7		0.0666667		49.654
4.7		0.133333		59.5011
4.7		0.2		41.7914
4.7		0.266667		56.545
4.7		0.333333		57.1487
4.7		0.4		31.0403
4.7		0.466667		51.4065
4.7		0.533333		54.4106
4.7		0.6		33.4665
4.7		0.666667		53.3819
4.7		0.733333		58.6091
4.7		0.8		38.8471
4.7		0.866667		60.659
4.7		0.933333		50.231
4.72		0		62.6648
4.72		0.0666667		49.6606
4.72		0.133333		59.4869
4.72		0.2		41.7827
4.72		0.266667		56.5536
4.72		0.333333		57.1547
4.72		0.4		31.0312
4.72		0.466667		51.4138
4.72		0.533333		54.404
4.72		0.6		33.4559
4.72		0.666667		53.3779
4.72		0.733333		58.6239
4.72		0.8		38.8407
4.72		0.866667		60.6987
4.72		0.933333		50.2437
4.74		0		62.7107
4.74		0.0666667		49.6671
4.74		0.133333		59.4708
4.74		0.2		41.7741
4.74		0.266667		56.5621
4.74		0.333333		57.1603
4.74		0.4		31.022
4.74		0.466667		51.4209
4.74		0.533333		54.3973
4.74		0.6		33.4451
4.74		0.666667		53.3739
4.74		0.733333		58.6386
4.74		0.8		38.8343
4.74		0.866667		60.7381
4.74		0.933333		50.2563
4.76		0		62.7562
4.76		0.0666667		49.6735
4.76		0.133333		59.4526
4.76		0.2		41.7656
4.76		0.266667		56.5706
4.76		0.333333		57.1655
4.76		0.4		31.0127
4.76		0.466667		51.4279
4.76		0.533333		54.3906
4.76		0.6		33.434
4.76		0.666667		53.3701
4.76		0.733333		58.6532
4.76		0.8		38.8281
4.76		0.866667		60.777
4.76		0.933333		50.2688
4.78		0		62.8013
4.78		0.0666667		49.6799
4.78		0.133333		59.4323
4.78		0.2		41.7572
4.78		0.266667		56.5791
4.78		0.333333		57.1705
4.78		0.4		31.0033
4.78		0.466667		51.4349
4.78		0.533333		54.3839
4.78		0.6		33.4226
4.78		0.666667		53.3663
4.78		0.733333		58.6676
4.78		0.8		38.8221
4.78		0.866667		60.8157
4.78		0.933333		50.2812
4.8		0		62.846
4.8		0.0666667		49.6863
4.8		0.133333		59.4101
4.8		0.2		41.749
4.8		0.266667		56.5875
4.8		0.333333		57.1752
4.8		0.4		30.9937
4.8		0.466667		51.4417
4.8		0.533333		54.3772
4.8		0.6		33.411
4.8		0.666667		53.3625
4.8		0.733333		58.682
4.8		0.8		38.8161
4.8		0.866667		60.854
4.8		0.933333		50.2935
4.82		0		62.8904
4.82		0.0666667		49.6926
4.82		0.133333		59.386
4.82		0.2		41.7408
4.82		0.266667		56.596
4.82		0.333333		57.1796
4.82		0.4		30.9839
4.82		0.466667		51.4485
4.82		0.533333		54.3705
4.82		0.6		33.3992
4.82		0.666667		53.3589
4.82		0.733333		58.6963
4.82		0.8		38.8103
4.82		0.866667		60.892
4.82		0.933333		50.3056
4.84		0		62.9343
4.84		0.0666667		49.6988
4.84		0.133333		59.3602
4.84		0.2		41.7327
4.84		0.266667		56.6044
4.84		0.333333		57.1839
4.84		0.4		30.974
4.84		0.466667		51.4551
4.84		0.533333		54.3638
4.84		0.6		33.3871
4.84		0.666667		53.3553
4.84		0.733333		58.7104
4.84		0.8		38.8046
4.84		0.866667		60.9298
4.84		0.933333		50.3177
4.86		0		62.9779
4.86		0.0666667		49.705
4.86		0.133333		59.3329
4.86		0.2		41.7247
4.86		0.266667		56.6128
4.86		0.333333		57.188
4.86		0.4		30.9638
4.86		0.466667		51.4617
4.86		0.533333		54.357
4.86		0.6		33.3749
4.86		0.666667		53.3518
4.86		0.733333		58.7245
4.86		0.8		38.7989
4.86		0.866667		60.9674
4.86		0.933333		50.3296
4.88		0		63.0211
4.88		0.0666667		49.7112
4.88		0.133333		59.3043
4.88		0.2		41.7168
4.88		0.266667		56.6212
4.88		0.333333		57.1919
4.88		0.4		30.9535
4.88		0.466667		51.4681
4.88		0.533333		54.3502
4.88		0.6		33.3625
4.88		0.666667		53.3483
4.88		0.733333		58.7384
4.88		0.8		38.7934
4.88		0.866667		61.0047
4.88		0.933333		50.3414
4.9		0		63.0639
4.9		0.0666667		49.7173
4.9		0.133333		59.2748
4.9		0.2		41.709
4.9		0.266667		56.6296
4.9		0.333333		57.1957
4.9		0.4		30.9429
4.9		0.466667		51.4745
4.9		0.533333		54.3435
4.9		0.6		33.3499
4.9		0.666667		53.3449
4.9		0.733333		58.7522
4.9		0.8		38.788
4.9		0.866667		61.0419
4.9		0.933333		50.353
4.92		0		63.1063
4.92		0.0666667		49.7233
4.92		0.133333		59.2447
4.92		0.2		41.7013
4.92		0.266667		56.6379
4.92		0.333333		57.1993
4.92		0.4		30.932
4.92		0.466667		51.4808
4.92		0.533333		54.3367
4.92		0.6		33.3371
4.92		0.666667		53.3416
4.92		0.733333		58.766
4.92		0.8		38.7827
4.92		0.866667		61.0789
4.92		0.933333		50.3646
4.94		0		63.1484
4.94		0.0666667		49.7293
4.94		0.133333		59.2142
4.94		0.2		41.6937
4.94		0.266667		56.6463
4.94		0.333333		57.2029
4.94		0.4		30.9209
4.94		0.466667		51.4869
4.94		0.533333		54.3299
4.94		0.6		33.3243
4.94		0.666667		53.3383
4.94		0.733333		58.7796
4.94		0.8		38.7775
4.94		0.866667		61.1159
4.94		0.933333		50.3761
4.96		0		63.1902
4.96		0.0666667		49.7353
4.96		0.133333		59.1839
4.96		0.2		41.6862
4.96		0.266667		56.6546
4.96		0.333333		57.2063
4.96		0.4		30.9095
4.96		0.466667		51.493
4.96		0.533333		54.323
4.96		0.6		33.3113
4.96		0.666667		53.3351
4.96		0.733333		58.7931
4.96		0.8		38.7724
4.96		0.866667		61.1529
4.96		0.933333		50.3874
4.98		0		63.2315
4.98		0.0666667		49.7412
4.98		0.133333		59.1539
4.98		0.2		41.6788
4.98		0.266667		56.663
4.98		0.333333		57.2097
4.98		0.4		30.8978
4.98		0.466667		51.499
4.98		0.533333		54.3162
4.98		0.6		33.2981
4.98		0.666667		53.332
4.98		0.733333		58.8066
4.98		0.8		38.7675
4.98		0.866667		61.1899
4.98		0.933333		50.3986
5		0		63.2726
5		0.0666667		49.7471
5		0.133333		59.1248
5		0.2		41.6714
5		0.266667		56.6713
5		0.333333		57.2129
5		0.4		30.8858
5		0.466667		51.5049
5		0.533333		54.3093
5		0.6		33.2849
5		0.666667		53.3289
5		0.733333		58.8199
5		0.8		38.7626
5		0.866667		61.227
5		0.933333		50.4097
