0.02		0		0.349326
0.02		0.0666667		0.42177
0.02		0.133333		0.272294
0.02		0.2		0.377084
0.02		0.266667		0.236435
0.02		0.333333		0.254822
0.02		0.4		0.347945
0.02		0.466667		0.346946
0.02		0.533333		0.251702
0.02		0.6		0.320292
0.02		0.666667		0.353307
0.02		0.733333		0.336678
0.02		0.8		0.172388
0.02		0.866667		0.226956
0.02		0.933333		0.238433
0.04		0		0.363421
0.04		0.0666667		0.424778
0.04		0.133333		0.263601
0.04		0.2		0.347756
0.04		0.266667		0.267108
0.04		0.333333		0.264569
0.04		0.4		0.327767
0.04		0.466667		0.326335
0.04		0.533333		0.246311
0.04		0.6		0.333319
0.04		0.666667		0.356142
0.04		0.733333		0.339812
0.04		0.8		0.174902
0.04		0.866667		0.226986
0.04		0.933333		0.238762
0.06		0		0.386452
0.06		0.0666667		0.392481
0.06		0.133333		0.257587
0.06		0.2		0.355812
0.06		0.266667		0.325703
0.06		0.333333		0.275494
0.06		0.4		0.328338
0.06		0.466667		0.30042
0.06		0.533333		0.264029
0.06		0.6		0.356403
0.06		0.666667		0.336611
0.06		0.733333		0.347995
0.06		0.8		0.179501
0.06		0.866667		0.227595
0.06		0.933333		0.240059
0.08		0		0.424687
0.08		0.0666667		0.395673
0.08		0.133333		0.280146
0.08		0.2		0.355144
0.08		0.266667		0.396572
0.08		0.333333		0.299221
0.08		0.4		0.356537
0.08		0.466667		0.276815
0.08		0.533333		0.230354
0.08		0.6		0.365394
0.08		0.666667		0.26849
0.08		0.733333		0.365623
0.08		0.8		0.186683
0.08		0.866667		0.229454
0.08		0.933333		0.243248
0.1		0		0.487278
0.1		0.0666667		0.421301
0.1		0.133333		0.220189
0.1		0.2		0.352617
0.1		0.266667		0.400087
0.1		0.333333		0.338212
0.1		0.4		0.365523
0.1		0.466667		0.296285
0.1		0.533333		0.237645
0.1		0.6		0.384231
0.1		0.666667		0.280773
0.1		0.733333		0.391185
0.1		0.8		0.197108
0.1		0.866667		0.233335
0.1		0.933333		0.249325
0.12		0		0.598199
0.12		0.0666667		0.393243
0.12		0.133333		0.298584
0.12		0.2		0.381708
0.12		0.266667		0.436925
0.12		0.333333		0.340513
0.12		0.4		0.378741
0.12		0.466667		0.324699
0.12		0.533333		0.184087
0.12		0.6		0.412108
0.12		0.666667		0.319976
0.12		0.733333		0.404552
0.12		0.8		0.211781
0.12		0.866667		0.240142
0.12		0.933333		0.259336
0.14		0		0.546653
0.14		0.0666667		0.418915
0.14		0.133333		0.308392
0.14		0.2		0.35705
0.14		0.266667		0.396402
0.14		0.333333		0.350829
0.14		0.4		0.391508
0.14		0.466667		0.365241
0.14		0.533333		0.199279
0.14		0.6		0.418922
0.14		0.666667		0.385246
0.14		0.733333		0.410525
0.14		0.8		0.232496
0.14		0.866667		0.251101
0.14		0.933333		0.274746
0.16		0		0.5195
0.16		0.0666667		0.47084
0.16		0.133333		0.21619
0.16		0.2		0.367298
0.16		0.266667		0.381737
0.16		0.333333		0.401425
0.16		0.4		0.369182
0.16		0.466667		0.339313
0.16		0.533333		0.27145
0.16		0.6		0.40423
0.16		0.666667		0.43629
0.16		0.733333		0.333202
0.16		0.8		0.233878
0.16		0.866667		0.268208
0.16		0.933333		0.298524
0.18		0		0.477436
0.18		0.0666667		0.238582
0.18		0.133333		0.274227
0.18		0.2		0.356728
0.18		0.266667		0.494333
0.18		0.333333		0.509121
0.18		0.4		0.349925
0.18		0.466667		0.406776
0.18		0.533333		0.370352
0.18		0.6		0.327058
0.18		0.666667		0.383716
0.18		0.733333		0.291909
0.18		0.8		0.23752
0.18		0.866667		0.295613
0.18		0.933333		0.338302
0.2		0		0.371467
0.2		0.0666667		0.385356
0.2		0.133333		0.347973
0.2		0.2		0.509481
0.2		0.266667		0.457039
0.2		0.333333		0.422582
0.2		0.4		0.361263
0.2		0.466667		0.517046
0.2		0.533333		0.355984
0.2		0.6		0.38892
0.2		0.666667		0.428659
0.2		0.733333		0.328202
0.2		0.8		0.255211
0.2		0.866667		0.319557
0.2		0.933333		0.336979
0.22		0		0.376231
0.22		0.0666667		0.301627
0.22		0.133333		0.401155
0.22		0.2		0.377081
0.22		0.266667		0.346989
0.22		0.333333		0.396677
0.22		0.4		0.390673
0.22		0.466667		0.540236
0.22		0.533333		0.334837
0.22		0.6		0.401172
0.22		0.666667		0.338006
0.22		0.733333		0.373147
0.22		0.8		0.240549
0.22		0.866667		0.327284
0.22		0.933333		0.316284
0.24		0		0.396191
0.24		0.0666667		0.384894
0.24		0.133333		0.407422
0.24		0.2		0.354217
0.24		0.266667		0.492946
0.24		0.333333		0.433343
0.24		0.4		0.409513
0.24		0.466667		0.680896
0.24		0.533333		0.338203
0.24		0.6		0.383877
0.24		0.666667		0.283161
0.24		0.733333		0.403568
0.24		0.8		0.201572
0.24		0.866667		0.30976
0.24		0.933333		0.28995
0.26		0		0.417864
0.26		0.0666667		0.39231
0.26		0.133333		0.509527
0.26		0.2		0.376042
0.26		0.266667		0.348946
0.26		0.333333		0.283357
0.26		0.4		0.389339
0.26		0.466667		0.430966
0.26		0.533333		0.321212
0.26		0.6		0.35143
0.26		0.666667		0.387252
0.26		0.733333		0.427552
0.26		0.8		0.261869
0.26		0.866667		0.302659
0.26		0.933333		0.308086
0.28		0		0.453283
0.28		0.0666667		0.539479
0.28		0.133333		0.373681
0.28		0.2		0.412687
0.28		0.266667		0.389947
0.28		0.333333		0.413373
0.28		0.4		0.341791
0.28		0.466667		0.414343
0.28		0.533333		0.340372
0.28		0.6		0.413854
0.28		0.666667		0.422895
0.28		0.733333		0.420501
0.28		0.8		0.366004
0.28		0.866667		0.290652
0.28		0.933333		0.371255
0.3		0		0.491948
0.3		0.0666667		0.206878
0.3		0.133333		0.389821
0.3		0.2		0.383683
0.3		0.266667		0.530696
0.3		0.333333		0.317172
0.3		0.4		0.316126
0.3		0.466667		0.494759
0.3		0.533333		0.31083
0.3		0.6		0.387417
0.3		0.666667		0.372484
0.3		0.733333		0.504386
0.3		0.8		0.448067
0.3		0.866667		0.246904
0.3		0.933333		0.299027
0.32		0		0.478123
0.32		0.0666667		0.419287
0.32		0.133333		0.442133
0.32		0.2		0.273133
0.32		0.266667		0.353851
0.32		0.333333		0.431859
0.32		0.4		0.359782
0.32		0.466667		0.460246
0.32		0.533333		0.277161
0.32		0.6		0.560169
0.32		0.666667		0.38914
0.32		0.733333		0.542962
0.32		0.8		0.431188
0.32		0.866667		0.158917
0.32		0.933333		0.386455
0.34		0		0.447585
0.34		0.0666667		0.593171
0.34		0.133333		0.467722
0.34		0.2		0.324002
0.34		0.266667		0.42785
0.34		0.333333		0.511569
0.34		0.4		0.418563
0.34		0.466667		0.31103
0.34		0.533333		0.370677
0.34		0.6		0.437137
0.34		0.666667		0.327683
0.34		0.733333		0.400993
0.34		0.8		0.295901
0.34		0.866667		0.190909
0.34		0.933333		0.45915
0.36		0		0.447507
0.36		0.0666667		0.45827
0.36		0.133333		0.437123
0.36		0.2		0.422292
0.36		0.266667		0.271445
0.36		0.333333		0.38993
0.36		0.4		0.497452
0.36		0.466667		0.478976
0.36		0.533333		0.31601
0.36		0.6		0.304153
0.36		0.666667		0.370345
0.36		0.733333		0.300483
0.36		0.8		0.271873
0.36		0.866667		0.266919
0.36		0.933333		0.493421
0.38		0		0.407617
0.38		0.0666667		0.344296
0.38		0.133333		0.409405
0.38		0.2		0.334923
0.38		0.266667		0.543153
0.38		0.333333		0.276693
0.38		0.4		0.436339
0.38		0.466667		0.369939
0.38		0.533333		0.489506
0.38		0.6		0.484391
0.38		0.666667		0.354298
0.38		0.733333		0.383036
0.38		0.8		0.323529
0.38		0.866667		0.304703
0.38		0.933333		0.521602
0.4		0		0.465324
0.4		0.0666667		0.376295
0.4		0.133333		0.52269
0.4		0.2		0.456816
0.4		0.266667		0.534389
0.4		0.333333		0.367987
0.4		0.4		0.494186
0.4		0.466667		0.449205
0.4		0.533333		0.461826
0.4		0.6		0.479658
0.4		0.666667		0.460536
0.4		0.733333		0.447801
0.4		0.8		0.420902
0.4		0.866667		0.426395
0.4		0.933333		0.456936
0.42		0		0.478387
0.42		0.0666667		0.225316
0.42		0.133333		0.44385
0.42		0.2		0.316561
0.42		0.266667		0.451589
0.42		0.333333		0.527057
0.42		0.4		0.527603
0.42		0.466667		0.300496
0.42		0.533333		0.475917
0.42		0.6		0.483217
0.42		0.666667		0.466352
0.42		0.733333		0.391698
0.42		0.8		0.346918
0.42		0.866667		0.405701
0.42		0.933333		0.362275
0.44		0		0.439859
0.44		0.0666667		0.44581
0.44		0.133333		0.501563
0.44		0.2		0.438267
0.44		0.266667		0.651628
0.44		0.333333		0.394287
0.44		0.4		0.501337
0.44		0.466667		0.3907
0.44		0.533333		0.424148
0.44		0.6		0.46546
0.44		0.666667		0.473633
0.44		0.733333		0.412993
0.44		0.8		0.35183
0.44		0.866667		0.379504
0.44		0.933333		0.367271
0.46		0		0.442988
0.46		0.0666667		0.550545
0.46		0.133333		0.560562
0.46		0.2		0.483578
0.46		0.266667		0.446958
0.46		0.333333		0.44854
0.46		0.4		0.405221
0.46		0.466667		0.535552
0.46		0.533333		0.418678
0.46		0.6		0.526366
0.46		0.666667		0.505445
0.46		0.733333		0.45238
0.46		0.8		0.298946
0.46		0.866667		0.316824
0.46		0.933333		0.394683
0.48		0		0.444958
0.48		0.0666667		0.493478
0.48		0.133333		0.653165
0.48		0.2		0.517757
0.48		0.266667		0.519339
0.48		0.333333		0.489686
0.48		0.4		0.498626
0.48		0.466667		0.408057
0.48		0.533333		0.3435
0.48		0.6		0.586688
0.48		0.666667		0.518329
0.48		0.733333		0.426223
0.48		0.8		0.388727
0.48		0.866667		0.356244
0.48		0.933333		0.40247
0.5		0		0.429059
0.5		0.0666667		0.47886
0.5		0.133333		0.590178
0.5		0.2		0.473902
0.5		0.266667		0.38738
0.5		0.333333		0.410962
0.5		0.4		0.305192
0.5		0.466667		0.441225
0.5		0.533333		0.484471
0.5		0.6		0.534503
0.5		0.666667		0.551747
0.5		0.733333		0.397268
0.5		0.8		0.515251
0.5		0.866667		0.259659
0.5		0.933333		0.412873
0.52		0		0.436224
0.52		0.0666667		0.460282
0.52		0.133333		0.390724
0.52		0.2		0.476157
0.52		0.266667		0.532366
0.52		0.333333		0.4543
0.52		0.4		0.448298
0.52		0.466667		0.510172
0.52		0.533333		0.54748
0.52		0.6		0.485993
0.52		0.666667		0.462832
0.52		0.733333		0.421561
0.52		0.8		0.523647
0.52		0.866667		0.325064
0.52		0.933333		0.498553
0.54		0		0.46458
0.54		0.0666667		0.530243
0.54		0.133333		0.517621
0.54		0.2		0.416922
0.54		0.266667		0.450799
0.54		0.333333		0.417602
0.54		0.4		0.522291
0.54		0.466667		0.535665
0.54		0.533333		0.417939
0.54		0.6		0.402445
0.54		0.666667		0.475248
0.54		0.733333		0.331344
0.54		0.8		0.562931
0.54		0.866667		0.342858
0.54		0.933333		0.431398
0.56		0		0.466381
0.56		0.0666667		0.562033
0.56		0.133333		0.356938
0.56		0.2		0.546343
0.56		0.266667		0.364055
0.56		0.333333		0.470068
0.56		0.4		0.645179
0.56		0.466667		0.473561
0.56		0.533333		0.460367
0.56		0.6		0.373144
0.56		0.666667		0.509449
0.56		0.733333		0.390706
0.56		0.8		0.437118
0.56		0.866667		0.310476
0.56		0.933333		0.448641
0.58		0		0.475618
0.58		0.0666667		0.539747
0.58		0.133333		0.436709
0.58		0.2		0.552547
0.58		0.266667		0.434986
0.58		0.333333		0.481291
0.58		0.4		0.451472
0.58		0.466667		0.482116
0.58		0.533333		0.574352
0.58		0.6		0.551627
0.58		0.666667		0.367655
0.58		0.733333		0.436434
0.58		0.8		0.480509
0.58		0.866667		0.350943
0.58		0.933333		0.444703
0.6		0		0.494048
0.6		0.0666667		0.495794
0.6		0.133333		0.429994
0.6		0.2		0.568732
0.6		0.266667		0.443598
0.6		0.333333		0.520219
0.6		0.4		0.534303
0.6		0.466667		0.497216
0.6		0.533333		0.498947
0.6		0.6		0.299119
0.6		0.666667		0.340387
0.6		0.733333		0.384464
0.6		0.8		0.467115
0.6		0.866667		0.53508
0.6		0.933333		0.44268
0.62		0		0.482368
0.62		0.0666667		0.499615
0.62		0.133333		0.412546
0.62		0.2		0.521261
0.62		0.266667		0.541948
0.62		0.333333		0.509821
0.62		0.4		0.486824
0.62		0.466667		0.491474
0.62		0.533333		0.595236
0.62		0.6		0.344008
0.62		0.666667		0.319899
0.62		0.733333		0.513941
0.62		0.8		0.493397
0.62		0.866667		0.454979
0.62		0.933333		0.460587
0.64		0		0.472426
0.64		0.0666667		0.577718
0.64		0.133333		0.465292
0.64		0.2		0.303846
0.64		0.266667		0.523489
0.64		0.333333		0.438433
0.64		0.4		0.248476
0.64		0.466667		0.598686
0.64		0.533333		0.601996
0.64		0.6		0.455556
0.64		0.666667		0.474047
0.64		0.733333		0.523451
0.64		0.8		0.434914
0.64		0.866667		0.558908
0.64		0.933333		0.430511
0.66		0		0.472193
0.66		0.0666667		0.634399
0.66		0.133333		0.48139
0.66		0.2		0.312539
0.66		0.266667		0.514882
0.66		0.333333		0.303428
0.66		0.4		0.241628
0.66		0.466667		0.591466
0.66		0.533333		0.52309
0.66		0.6		0.579317
0.66		0.666667		0.508533
0.66		0.733333		0.394207
0.66		0.8		0.333796
0.66		0.866667		0.594712
0.66		0.933333		0.508711
0.68		0		0.432317
0.68		0.0666667		0.551618
0.68		0.133333		0.414373
0.68		0.2		0.428291
0.68		0.266667		0.404689
0.68		0.333333		0.457593
0.68		0.4		0.415844
0.68		0.466667		0.55026
0.68		0.533333		0.484629
0.68		0.6		0.401676
0.68		0.666667		0.537783
0.68		0.733333		0.421748
0.68		0.8		0.400847
0.68		0.866667		0.440228
0.68		0.933333		0.58037
0.7		0		0.403625
0.7		0.0666667		0.517092
0.7		0.133333		0.324197
0.7		0.2		0.559279
0.7		0.266667		0.460205
0.7		0.333333		0.561317
0.7		0.4		0.478055
0.7		0.466667		0.432351
0.7		0.533333		0.463242
0.7		0.6		0.439129
0.7		0.666667		0.46255
0.7		0.733333		0.477047
0.7		0.8		0.511337
0.7		0.866667		0.411288
0.7		0.933333		0.506626
0.72		0		0.383401
0.72		0.0666667		0.496171
0.72		0.133333		0.234256
0.72		0.2		0.573798
0.72		0.266667		0.479111
0.72		0.333333		0.469565
0.72		0.4		0.540772
0.72		0.466667		0.475299
0.72		0.533333		0.413859
0.72		0.6		0.397782
0.72		0.666667		0.412302
0.72		0.733333		0.466613
0.72		0.8		0.542874
0.72		0.866667		0.426355
0.72		0.933333		0.52374
0.74		0		0.37907
0.74		0.0666667		0.455529
0.74		0.133333		0.383721
0.74		0.2		0.558739
0.74		0.266667		0.54157
0.74		0.333333		0.425684
0.74		0.4		0.607694
0.74		0.466667		0.416137
0.74		0.533333		0.367995
0.74		0.6		0.524079
0.74		0.666667		0.533333
0.74		0.733333		0.406262
0.74		0.8		0.468504
0.74		0.866667		0.435641
0.74		0.933333		0.46831
0.76		0		0.397049
0.76		0.0666667		0.460604
0.76		0.133333		0.382783
0.76		0.2		0.597546
0.76		0.266667		0.555593
0.76		0.333333		0.390768
0.76		0.4		0.586849
0.76		0.466667		0.39953
0.76		0.533333		0.379009
0.76		0.6		0.463127
0.76		0.666667		0.523112
0.76		0.733333		0.354896
0.76		0.8		0.279147
0.76		0.866667		0.411908
0.76		0.933333		0.415965
0.78		0		0.426182
0.78		0.0666667		0.527975
0.78		0.133333		0.394583
0.78		0.2		0.621836
0.78		0.266667		0.500201
0.78		0.333333		0.495171
0.78		0.4		0.520524
0.78		0.466667		0.483063
0.78		0.533333		0.342015
0.78		0.6		0.417005
0.78		0.666667		0.507598
0.78		0.733333		0.342979
0.78		0.8		0.252315
0.78		0.866667		0.321475
0.78		0.933333		0.411237
0.8		0		0.465308
0.8		0.0666667		0.588248
0.8		0.133333		0.397366
0.8		0.2		0.522606
0.8		0.266667		0.487358
0.8		0.333333		0.51744
0.8		0.4		0.511625
0.8		0.466667		0.461373
0.8		0.533333		0.346534
0.8		0.6		0.408982
0.8		0.666667		0.543723
0.8		0.733333		0.331007
0.8		0.8		0.41413
0.8		0.866667		0.358452
0.8		0.933333		0.40328
0.82		0		0.482631
0.82		0.0666667		0.592004
0.82		0.133333		0.432943
0.82		0.2		0.503902
0.82		0.266667		0.551304
0.82		0.333333		0.435092
0.82		0.4		0.552125
0.82		0.466667		0.505134
0.82		0.533333		0.251756
0.82		0.6		0.453218
0.82		0.666667		0.518759
0.82		0.733333		0.298929
0.82		0.8		0.413832
0.82		0.866667		0.306103
0.82		0.933333		0.397152
0.84		0		0.489421
0.84		0.0666667		0.598098
0.84		0.133333		0.454696
0.84		0.2		0.552931
0.84		0.266667		0.46997
0.84		0.333333		0.457003
0.84		0.4		0.455629
0.84		0.466667		0.492394
0.84		0.533333		0.34661
0.84		0.6		0.479724
0.84		0.666667		0.46724
0.84		0.733333		0.310325
0.84		0.8		0.439214
0.84		0.866667		0.377801
0.84		0.933333		0.406496
0.86		0		0.474731
0.86		0.0666667		0.584752
0.86		0.133333		0.553098
0.86		0.2		0.538618
0.86		0.266667		0.480521
0.86		0.333333		0.451915
0.86		0.4		0.340537
0.86		0.466667		0.485716
0.86		0.533333		0.440207
0.86		0.6		0.661049
0.86		0.666667		0.439677
0.86		0.733333		0.384477
0.86		0.8		0.353384
0.86		0.866667		0.374766
0.86		0.933333		0.423977
0.88		0		0.441874
0.88		0.0666667		0.544756
0.88		0.133333		0.576644
0.88		0.2		0.601684
0.88		0.266667		0.502719
0.88		0.333333		0.492293
0.88		0.4		0.392869
0.88		0.466667		0.458945
0.88		0.533333		0.607966
0.88		0.6		0.590064
0.88		0.666667		0.434997
0.88		0.733333		0.428826
0.88		0.8		0.311011
0.88		0.866667		0.449054
0.88		0.933333		0.492333
0.9		0		0.40614
0.9		0.0666667		0.525564
0.9		0.133333		0.532739
0.9		0.2		0.648376
0.9		0.266667		0.489087
0.9		0.333333		0.506752
0.9		0.4		0.484262
0.9		0.466667		0.431319
0.9		0.533333		0.652267
0.9		0.6		0.60768
0.9		0.666667		0.560276
0.9		0.733333		0.451846
0.9		0.8		0.328843
0.9		0.866667		0.556498
0.9		0.933333		0.565134
0.92		0		0.379488
0.92		0.0666667		0.504794
0.92		0.133333		0.530605
0.92		0.2		0.619747
0.92		0.266667		0.489735
0.92		0.333333		0.510642
0.92		0.4		0.392112
0.92		0.466667		0.406397
0.92		0.533333		0.534396
0.92		0.6		0.51581
0.92		0.666667		0.431333
0.92		0.733333		0.431582
0.92		0.8		0.450471
0.92		0.866667		0.550144
0.92		0.933333		0.624642
0.94		0		0.360006
0.94		0.0666667		0.490238
0.94		0.133333		0.530624
0.94		0.2		0.583815
0.94		0.266667		0.500813
0.94		0.333333		0.541817
0.94		0.4		0.314064
0.94		0.466667		0.380867
0.94		0.533333		0.458212
0.94		0.6		0.500261
0.94		0.666667		0.417966
0.94		0.733333		0.445136
0.94		0.8		0.560623
0.94		0.866667		0.496119
0.94		0.933333		0.584799
0.96		0		0.347046
0.96		0.0666667		0.470705
0.96		0.133333		0.548263
0.96		0.2		0.54049
0.96		0.266667		0.525581
0.96		0.333333		0.499434
0.96		0.4		0.372115
0.96		0.466667		0.368213
0.96		0.533333		0.487531
0.96		0.6		0.499482
0.96		0.666667		0.38695
0.96		0.733333		0.504644
0.96		0.8		0.50002
0.96		0.866667		0.488762
0.96		0.933333		0.556756
0.98		0		0.342166
0.98		0.0666667		0.440024
0.98		0.133333		0.541229
0.98		0.2		0.499385
0.98		0.266667		0.560601
0.98		0.333333		0.493289
0.98		0.4		0.462578
0.98		0.466667		0.410537
0.98		0.533333		0.471394
0.98		0.6		0.444533
0.98		0.666667		0.566021
0.98		0.733333		0.548408
0.98		0.8		0.34929
0.98		0.866667		0.486126
0.98		0.933333		0.49365
1		0		0.346412
1		0.0666667		0.420375
1		0.133333		0.550771
1		0.2		0.508618
1		0.266667		0.596444
1		0.333333		0.514628
1		0.4		0.503047
1		0.466667		0.430613
1		0.533333		0.519849
1		0.6		0.461591
1		0.666667		0.536723
1		0.733333		0.518242
1		0.8		0.30942
1		0.866667		0.514005
1		0.933333		0.451458
1.02		0		0.35509
1.02		0.0666667		0.415625
1.02		0.133333		0.580871
1.02		0.2		0.527576
1.02		0.266667		0.548745
1.02		0.333333		0.462274
1.02		0.4		0.483654
1.02		0.466667		0.472102
1.02		0.533333		0.50481
1.02		0.6		0.575732
1.02		0.666667		0.513263
1.02		0.733333		0.508783
1.02		0.8		0.388069
1.02		0.866667		0.534101
1.02		0.933333		0.478571
1.04		0		0.365418
1.04		0.0666667		0.455827
1.04		0.133333		0.626627
1.04		0.2		0.550664
1.04		0.266667		0.515467
1.04		0.333333		0.481802
1.04		0.4		0.468126
1.04		0.466667		0.445004
1.04		0.533333		0.463361
1.04		0.6		0.561264
1.04		0.666667		0.434926
1.04		0.733333		0.518432
1.04		0.8		0.45506
1.04		0.866667		0.555117
1.04		0.933333		0.46097
1.06		0		0.376621
1.06		0.0666667		0.523809
1.06		0.133333		0.647644
1.06		0.2		0.52548
1.06		0.266667		0.475987
1.06		0.333333		0.432099
1.06		0.4		0.492409
1.06		0.466667		0.450134
1.06		0.533333		0.458869
1.06		0.6		0.546512
1.06		0.666667		0.420812
1.06		0.733333		0.536363
1.06		0.8		0.52303
1.06		0.866667		0.567756
1.06		0.933333		0.453304
1.08		0		0.388369
1.08		0.0666667		0.593773
1.08		0.133333		0.589196
1.08		0.2		0.48483
1.08		0.266667		0.442862
1.08		0.333333		0.395803
1.08		0.4		0.529829
1.08		0.466667		0.477558
1.08		0.533333		0.460176
1.08		0.6		0.58614
1.08		0.666667		0.408481
1.08		0.733333		0.56326
1.08		0.8		0.425789
1.08		0.866667		0.511537
1.08		0.933333		0.462154
1.1		0		0.400248
1.1		0.0666667		0.560053
1.1		0.133333		0.512818
1.1		0.2		0.468145
1.1		0.266667		0.414843
1.1		0.333333		0.430335
1.1		0.4		0.493047
1.1		0.466667		0.477004
1.1		0.533333		0.51269
1.1		0.6		0.58074
1.1		0.666667		0.420588
1.1		0.733333		0.577854
1.1		0.8		0.348477
1.1		0.866667		0.470667
1.1		0.933333		0.509261
1.12		0		0.410559
1.12		0.0666667		0.528226
1.12		0.133333		0.443639
1.12		0.2		0.470372
1.12		0.266667		0.394022
1.12		0.333333		0.501217
1.12		0.4		0.423903
1.12		0.466667		0.482643
1.12		0.533333		0.531221
1.12		0.6		0.651116
1.12		0.666667		0.45208
1.12		0.733333		0.586479
1.12		0.8		0.303162
1.12		0.866667		0.443635
1.12		0.933333		0.563601
1.14		0		0.418399
1.14		0.0666667		0.502792
1.14		0.133333		0.39734
1.14		0.2		0.479055
1.14		0.266667		0.389688
1.14		0.333333		0.481682
1.14		0.4		0.501161
1.14		0.466667		0.481352
1.14		0.533333		0.471458
1.14		0.6		0.612468
1.14		0.666667		0.478076
1.14		0.733333		0.602904
1.14		0.8		0.276221
1.14		0.866667		0.433759
1.14		0.933333		0.620691
1.16		0		0.425613
1.16		0.0666667		0.53267
1.16		0.133333		0.411798
1.16		0.2		0.498494
1.16		0.266667		0.413589
1.16		0.333333		0.374314
1.16		0.4		0.508643
1.16		0.466667		0.445449
1.16		0.533333		0.434993
1.16		0.6		0.487722
1.16		0.666667		0.462655
1.16		0.733333		0.590493
1.16		0.8		0.303494
1.16		0.866667		0.38317
1.16		0.933333		0.618693
1.18		0		0.43266
1.18		0.0666667		0.473812
1.18		0.133333		0.476902
1.18		0.2		0.454212
1.18		0.266667		0.448551
1.18		0.333333		0.326165
1.18		0.4		0.413367
1.18		0.466667		0.426158
1.18		0.533333		0.495285
1.18		0.6		0.412219
1.18		0.666667		0.451168
1.18		0.733333		0.536784
1.18		0.8		0.354292
1.18		0.866667		0.331084
1.18		0.933333		0.60102
1.2		0		0.439624
1.2		0.0666667		0.447413
1.2		0.133333		0.464059
1.2		0.2		0.434596
1.2		0.266667		0.471809
1.2		0.333333		0.332156
1.2		0.4		0.344146
1.2		0.466667		0.473665
1.2		0.533333		0.469972
1.2		0.6		0.436967
1.2		0.666667		0.447808
1.2		0.733333		0.517643
1.2		0.8		0.428131
1.2		0.866667		0.307168
1.2		0.933333		0.563838
1.22		0		0.446535
1.22		0.0666667		0.445227
1.22		0.133333		0.448014
1.22		0.2		0.394406
1.22		0.266667		0.447391
1.22		0.333333		0.260481
1.22		0.4		0.457587
1.22		0.466667		0.518386
1.22		0.533333		0.515326
1.22		0.6		0.395201
1.22		0.666667		0.444587
1.22		0.733333		0.551001
1.22		0.8		0.406954
1.22		0.866667		0.332314
1.22		0.933333		0.509684
1.24		0		0.453411
1.24		0.0666667		0.455732
1.24		0.133333		0.541746
1.24		0.2		0.39319
1.24		0.266667		0.431091
1.24		0.333333		0.309147
1.24		0.4		0.537781
1.24		0.466667		0.45234
1.24		0.533333		0.574383
1.24		0.6		0.43078
1.24		0.666667		0.446256
1.24		0.733333		0.497682
1.24		0.8		0.446593
1.24		0.866667		0.32467
1.24		0.933333		0.468205
1.26		0		0.460263
1.26		0.0666667		0.405313
1.26		0.133333		0.52984
1.26		0.2		0.41078
1.26		0.266667		0.433004
1.26		0.333333		0.413688
1.26		0.4		0.396371
1.26		0.466667		0.425934
1.26		0.533333		0.650934
1.26		0.6		0.341265
1.26		0.666667		0.448599
1.26		0.733333		0.483538
1.26		0.8		0.490047
1.26		0.866667		0.299842
1.26		0.933333		0.436595
1.28		0		0.467102
1.28		0.0666667		0.382849
1.28		0.133333		0.543533
1.28		0.2		0.447654
1.28		0.266667		0.420882
1.28		0.333333		0.451626
1.28		0.4		0.296198
1.28		0.466667		0.424949
1.28		0.533333		0.568416
1.28		0.6		0.356367
1.28		0.666667		0.42435
1.28		0.733333		0.496164
1.28		0.8		0.463377
1.28		0.866667		0.303546
1.28		0.933333		0.412961
1.3		0		0.473937
1.3		0.0666667		0.408291
1.3		0.133333		0.468163
1.3		0.2		0.468732
1.3		0.266667		0.413596
1.3		0.333333		0.462783
1.3		0.4		0.30911
1.3		0.466667		0.439188
1.3		0.533333		0.482547
1.3		0.6		0.40685
1.3		0.666667		0.401725
1.3		0.733333		0.514099
1.3		0.8		0.438281
1.3		0.866667		0.321054
1.3		0.933333		0.396198
1.32		0		0.480775
1.32		0.0666667		0.455824
1.32		0.133333		0.427001
1.32		0.2		0.471225
1.32		0.266667		0.365638
1.32		0.333333		0.490843
1.32		0.4		0.378325
1.32		0.466667		0.465447
1.32		0.533333		0.456342
1.32		0.6		0.508325
1.32		0.666667		0.382813
1.32		0.733333		0.500866
1.32		0.8		0.431637
1.32		0.866667		0.343508
1.32		0.933333		0.386854
1.34		0		0.487622
1.34		0.0666667		0.394797
1.34		0.133333		0.397331
1.34		0.2		0.483
1.34		0.266667		0.319408
1.34		0.333333		0.416006
1.34		0.4		0.41414
1.34		0.466667		0.47585
1.34		0.533333		0.487161
1.34		0.6		0.489222
1.34		0.666667		0.369539
1.34		0.733333		0.493612
1.34		0.8		0.445445
1.34		0.866667		0.346182
1.34		0.933333		0.388547
1.36		0		0.494482
1.36		0.0666667		0.355641
1.36		0.133333		0.381432
1.36		0.2		0.482286
1.36		0.266667		0.334296
1.36		0.333333		0.368585
1.36		0.4		0.355024
1.36		0.466667		0.513563
1.36		0.533333		0.547432
1.36		0.6		0.416798
1.36		0.666667		0.363835
1.36		0.733333		0.496261
1.36		0.8		0.468844
1.36		0.866667		0.348628
1.36		0.933333		0.401133
1.38		0		0.50136
1.38		0.0666667		0.333711
1.38		0.133333		0.378467
1.38		0.2		0.547701
1.38		0.266667		0.405665
1.38		0.333333		0.374983
1.38		0.4		0.371658
1.38		0.466667		0.538608
1.38		0.533333		0.582332
1.38		0.6		0.392385
1.38		0.666667		0.368598
1.38		0.733333		0.448385
1.38		0.8		0.44627
1.38		0.866667		0.35199
1.38		0.933333		0.419653
1.4		0		0.508258
1.4		0.0666667		0.33715
1.4		0.133333		0.377814
1.4		0.2		0.539771
1.4		0.266667		0.487276
1.4		0.333333		0.368726
1.4		0.4		0.446915
1.4		0.466667		0.554474
1.4		0.533333		0.549744
1.4		0.6		0.43136
1.4		0.666667		0.373051
1.4		0.733333		0.393938
1.4		0.8		0.438447
1.4		0.866667		0.3568
1.4		0.933333		0.441885
1.42		0		0.515178
1.42		0.0666667		0.34764
1.42		0.133333		0.372885
1.42		0.2		0.522988
1.42		0.266667		0.530384
1.42		0.333333		0.399393
1.42		0.4		0.526333
1.42		0.466667		0.57107
1.42		0.533333		0.549739
1.42		0.6		0.39495
1.42		0.666667		0.390722
1.42		0.733333		0.349421
1.42		0.8		0.443773
1.42		0.866667		0.364328
1.42		0.933333		0.467135
1.44		0		0.522122
1.44		0.0666667		0.380791
1.44		0.133333		0.374862
1.44		0.2		0.449028
1.44		0.266667		0.499569
1.44		0.333333		0.45018
1.44		0.4		0.59823
1.44		0.466667		0.58141
1.44		0.533333		0.523727
1.44		0.6		0.500051
1.44		0.666667		0.431435
1.44		0.733333		0.337162
1.44		0.8		0.46494
1.44		0.866667		0.377335
1.44		0.933333		0.495206
1.46		0		0.528859
1.46		0.0666667		0.421715
1.46		0.133333		0.382833
1.46		0.2		0.397386
1.46		0.266667		0.480924
1.46		0.333333		0.442773
1.46		0.4		0.610454
1.46		0.466667		0.560445
1.46		0.533333		0.506521
1.46		0.6		0.546645
1.46		0.666667		0.481467
1.46		0.733333		0.381463
1.46		0.8		0.516393
1.46		0.866667		0.379447
1.46		0.933333		0.526138
1.48		0		0.528527
1.48		0.0666667		0.458559
1.48		0.133333		0.396741
1.48		0.2		0.370592
1.48		0.266667		0.41618
1.48		0.333333		0.427313
1.48		0.4		0.586284
1.48		0.466667		0.502294
1.48		0.533333		0.478109
1.48		0.6		0.502312
1.48		0.666667		0.539077
1.48		0.733333		0.428059
1.48		0.8		0.562029
1.48		0.866667		0.372632
1.48		0.933333		0.560148
1.5		0		0.528437
1.5		0.0666667		0.478721
1.5		0.133333		0.41688
1.5		0.2		0.346123
1.5		0.266667		0.374826
1.5		0.333333		0.389039
1.5		0.4		0.483061
1.5		0.466667		0.449925
1.5		0.533333		0.409577
1.5		0.6		0.444061
1.5		0.666667		0.604484
1.5		0.733333		0.439658
1.5		0.8		0.578433
1.5		0.866667		0.368918
1.5		0.933333		0.569639
1.52		0		0.528567
1.52		0.0666667		0.479639
1.52		0.133333		0.443692
1.52		0.2		0.352181
1.52		0.266667		0.358965
1.52		0.333333		0.397562
1.52		0.4		0.360992
1.52		0.466667		0.408504
1.52		0.533333		0.356022
1.52		0.6		0.409477
1.52		0.666667		0.675022
1.52		0.733333		0.388652
1.52		0.8		0.59731
1.52		0.866667		0.367712
1.52		0.933333		0.556623
1.54		0		0.528893
1.54		0.0666667		0.484185
1.54		0.133333		0.477697
1.54		0.2		0.383137
1.54		0.266667		0.365051
1.54		0.333333		0.477083
1.54		0.4		0.314194
1.54		0.466667		0.375878
1.54		0.533333		0.352227
1.54		0.6		0.409784
1.54		0.666667		0.716858
1.54		0.733333		0.326365
1.54		0.8		0.609486
1.54		0.866667		0.366441
1.54		0.933333		0.546917
1.56		0		0.529397
1.56		0.0666667		0.481019
1.56		0.133333		0.492228
1.56		0.2		0.430004
1.56		0.266667		0.374439
1.56		0.333333		0.457279
1.56		0.4		0.34495
1.56		0.466667		0.35073
1.56		0.533333		0.389339
1.56		0.6		0.431186
1.56		0.666667		0.729987
1.56		0.733333		0.338155
1.56		0.8		0.591087
1.56		0.866667		0.358569
1.56		0.933333		0.539582
1.58		0		0.530062
1.58		0.0666667		0.478306
1.58		0.133333		0.480744
1.58		0.2		0.5116
1.58		0.266667		0.386736
1.58		0.333333		0.447202
1.58		0.4		0.341822
1.58		0.466667		0.333079
1.58		0.533333		0.385444
1.58		0.6		0.422392
1.58		0.666667		0.675838
1.58		0.733333		0.398421
1.58		0.8		0.580046
1.58		0.866667		0.353188
1.58		0.933333		0.533977
1.6		0		0.530872
1.6		0.0666667		0.450944
1.6		0.133333		0.462691
1.6		0.2		0.614521
1.6		0.266667		0.365173
1.6		0.333333		0.464426
1.6		0.4		0.334427
1.6		0.466667		0.329274
1.6		0.533333		0.360455
1.6		0.6		0.337003
1.6		0.666667		0.626169
1.6		0.733333		0.480098
1.6		0.8		0.577405
1.6		0.866667		0.350507
1.6		0.933333		0.529666
1.62		0		0.531813
1.62		0.0666667		0.44827
1.62		0.133333		0.451695
1.62		0.2		0.598455
1.62		0.266667		0.369683
1.62		0.333333		0.501541
1.62		0.4		0.319758
1.62		0.466667		0.344825
1.62		0.533333		0.317599
1.62		0.6		0.320248
1.62		0.666667		0.587148
1.62		0.733333		0.478073
1.62		0.8		0.591696
1.62		0.866667		0.350635
1.62		0.933333		0.516705
1.64		0		0.532874
1.64		0.0666667		0.447194
1.64		0.133333		0.446836
1.64		0.2		0.519336
1.64		0.266667		0.381045
1.64		0.333333		0.558037
1.64		0.4		0.298894
1.64		0.466667		0.356775
1.64		0.533333		0.301875
1.64		0.6		0.283149
1.64		0.666667		0.558426
1.64		0.733333		0.459489
1.64		0.8		0.591874
1.64		0.866667		0.353209
1.64		0.933333		0.504437
1.66		0		0.534044
1.66		0.0666667		0.447196
1.66		0.133333		0.436636
1.66		0.2		0.48956
1.66		0.266667		0.397049
1.66		0.333333		0.552402
1.66		0.4		0.370178
1.66		0.466667		0.360576
1.66		0.533333		0.29366
1.66		0.6		0.299762
1.66		0.666667		0.482682
1.66		0.733333		0.455982
1.66		0.8		0.564127
1.66		0.866667		0.357658
1.66		0.933333		0.493582
1.68		0		0.535312
1.68		0.0666667		0.451929
1.68		0.133333		0.422013
1.68		0.2		0.494562
1.68		0.266667		0.418076
1.68		0.333333		0.527941
1.68		0.4		0.439933
1.68		0.466667		0.378265
1.68		0.533333		0.311325
1.68		0.6		0.357068
1.68		0.666667		0.415191
1.68		0.733333		0.468155
1.68		0.8		0.524548
1.68		0.866667		0.363675
1.68		0.933333		0.482341
1.7		0		0.536671
1.7		0.0666667		0.4614
1.7		0.133333		0.412914
1.7		0.2		0.476476
1.7		0.266667		0.445183
1.7		0.333333		0.462883
1.7		0.4		0.479809
1.7		0.466667		0.367417
1.7		0.533333		0.346915
1.7		0.6		0.441161
1.7		0.666667		0.404665
1.7		0.733333		0.476679
1.7		0.8		0.485724
1.7		0.866667		0.371366
1.7		0.933333		0.470765
1.72		0		0.538111
1.72		0.0666667		0.476061
1.72		0.133333		0.398897
1.72		0.2		0.404719
1.72		0.266667		0.473426
1.72		0.333333		0.514491
1.72		0.4		0.497627
1.72		0.466667		0.340666
1.72		0.533333		0.379843
1.72		0.6		0.428648
1.72		0.666667		0.433464
1.72		0.733333		0.483968
1.72		0.8		0.494945
1.72		0.866667		0.38133
1.72		0.933333		0.46139
1.74		0		0.539626
1.74		0.0666667		0.49815
1.74		0.133333		0.382729
1.74		0.2		0.38108
1.74		0.266667		0.482267
1.74		0.333333		0.464321
1.74		0.4		0.518793
1.74		0.466667		0.321882
1.74		0.533333		0.397639
1.74		0.6		0.385896
1.74		0.666667		0.374738
1.74		0.733333		0.462082
1.74		0.8		0.419394
1.74		0.866667		0.394888
1.74		0.933333		0.457626
1.76		0		0.54121
1.76		0.0666667		0.522594
1.76		0.133333		0.372458
1.76		0.2		0.417393
1.76		0.266667		0.494577
1.76		0.333333		0.442602
1.76		0.4		0.504707
1.76		0.466667		0.3274
1.76		0.533333		0.427851
1.76		0.6		0.31899
1.76		0.666667		0.357354
1.76		0.733333		0.455536
1.76		0.8		0.364365
1.76		0.866667		0.403326
1.76		0.933333		0.460259
1.78		0		0.542857
1.78		0.0666667		0.5244
1.78		0.133333		0.36691
1.78		0.2		0.461019
1.78		0.266667		0.493984
1.78		0.333333		0.514754
1.78		0.4		0.488951
1.78		0.466667		0.353086
1.78		0.533333		0.460929
1.78		0.6		0.296076
1.78		0.666667		0.365846
1.78		0.733333		0.457875
1.78		0.8		0.372582
1.78		0.866667		0.399344
1.78		0.933333		0.464909
1.8		0		0.54456
1.8		0.0666667		0.521625
1.8		0.133333		0.364801
1.8		0.2		0.516756
1.8		0.266667		0.464764
1.8		0.333333		0.427929
1.8		0.4		0.470699
1.8		0.466667		0.387304
1.8		0.533333		0.439366
1.8		0.6		0.37641
1.8		0.666667		0.37788
1.8		0.733333		0.462753
1.8		0.8		0.399332
1.8		0.866667		0.399896
1.8		0.933333		0.470221
1.82		0		0.546072
1.82		0.0666667		0.513535
1.82		0.133333		0.365279
1.82		0.2		0.558595
1.82		0.266667		0.423233
1.82		0.333333		0.439008
1.82		0.4		0.471496
1.82		0.466667		0.428351
1.82		0.533333		0.436287
1.82		0.6		0.314458
1.82		0.666667		0.395341
1.82		0.733333		0.463888
1.82		0.8		0.431903
1.82		0.866667		0.398283
1.82		0.933333		0.475905
1.84		0		0.546755
1.84		0.0666667		0.49962
1.84		0.133333		0.367858
1.84		0.2		0.574938
1.84		0.266667		0.390203
1.84		0.333333		0.460643
1.84		0.4		0.478201
1.84		0.466667		0.42923
1.84		0.533333		0.447192
1.84		0.6		0.416562
1.84		0.666667		0.420135
1.84		0.733333		0.460578
1.84		0.8		0.436785
1.84		0.866667		0.388295
1.84		0.933333		0.48187
1.86		0		0.543086
1.86		0.0666667		0.487993
1.86		0.133333		0.372264
1.86		0.2		0.521882
1.86		0.266667		0.367727
1.86		0.333333		0.425522
1.86		0.4		0.344773
1.86		0.466667		0.434967
1.86		0.533333		0.462608
1.86		0.6		0.440457
1.86		0.666667		0.418681
1.86		0.733333		0.449631
1.86		0.8		0.449767
1.86		0.866667		0.382095
1.86		0.933333		0.488077
1.88		0		0.539251
1.88		0.0666667		0.482275
1.88		0.133333		0.378334
1.88		0.2		0.479251
1.88		0.266667		0.366413
1.88		0.333333		0.417697
1.88		0.4		0.344291
1.88		0.466667		0.435951
1.88		0.533333		0.44697
1.88		0.6		0.432822
1.88		0.666667		0.421687
1.88		0.733333		0.436436
1.88		0.8		0.425542
1.88		0.866667		0.379635
1.88		0.933333		0.494506
1.9		0		0.535614
1.9		0.0666667		0.45716
1.9		0.133333		0.38596
1.9		0.2		0.47986
1.9		0.266667		0.39295
1.9		0.333333		0.429118
1.9		0.4		0.381622
1.9		0.466667		0.423023
1.9		0.533333		0.437226
1.9		0.6		0.480421
1.9		0.666667		0.431571
1.9		0.733333		0.438335
1.9		0.8		0.393017
1.9		0.866667		0.382412
1.9		0.933333		0.501144
1.92		0		0.532161
1.92		0.0666667		0.438273
1.92		0.133333		0.395053
1.92		0.2		0.486977
1.92		0.266667		0.351564
1.92		0.333333		0.401747
1.92		0.4		0.425319
1.92		0.466667		0.415685
1.92		0.533333		0.431995
1.92		0.6		0.504697
1.92		0.666667		0.446415
1.92		0.733333		0.449784
1.92		0.8		0.383201
1.92		0.866667		0.394705
1.92		0.933333		0.50798
1.94		0		0.52888
1.94		0.0666667		0.436143
1.94		0.133333		0.405519
1.94		0.2		0.530169
1.94		0.266667		0.332494
1.94		0.333333		0.383585
1.94		0.4		0.452152
1.94		0.466667		0.412692
1.94		0.533333		0.428257
1.94		0.6		0.490336
1.94		0.666667		0.457761
1.94		0.733333		0.426961
1.94		0.8		0.377998
1.94		0.866667		0.413656
1.94		0.933333		0.515006
1.96		0		0.525759
1.96		0.0666667		0.439935
1.96		0.133333		0.417243
1.96		0.2		0.531405
1.96		0.266667		0.343675
1.96		0.333333		0.372615
1.96		0.4		0.458696
1.96		0.466667		0.413419
1.96		0.533333		0.419686
1.96		0.6		0.488997
1.96		0.666667		0.448509
1.96		0.733333		0.414229
1.96		0.8		0.34138
1.96		0.866667		0.415765
1.96		0.933333		0.522213
1.98		0		0.522788
1.98		0.0666667		0.450854
1.98		0.133333		0.430092
1.98		0.2		0.518562
1.98		0.266667		0.383512
1.98		0.333333		0.344322
1.98		0.4		0.448931
1.98		0.466667		0.417481
1.98		0.533333		0.427691
1.98		0.6		0.490961
1.98		0.666667		0.444682
1.98		0.733333		0.408359
1.98		0.8		0.343189
1.98		0.866667		0.39746
1.98		0.933333		0.529593
2		0		0.519957
2		0.0666667		0.470653
2		0.133333		0.443926
2		0.2		0.523049
2		0.266667		0.395586
2		0.333333		0.288616
2		0.4		0.458048
2		0.466667		0.424436
2		0.533333		0.456283
2		0.6		0.499094
2		0.666667		0.445186
2		0.733333		0.407067
2		0.8		0.395941
2		0.866667		0.384202
2		0.933333		0.537139
2.02		0		0.517257
2.02		0.0666667		0.43777
2.02		0.133333		0.45861
2.02		0.2		0.528702
2.02		0.266667		0.414083
2.02		0.333333		0.361475
2.02		0.4		0.461798
2.02		0.466667		0.43373
2.02		0.533333		0.478446
2.02		0.6		0.512971
2.02		0.666667		0.449188
2.02		0.733333		0.409061
2.02		0.8		0.405456
2.02		0.866667		0.377718
2.02		0.933333		0.544842
2.04		0		0.51468
2.04		0.0666667		0.414328
2.04		0.133333		0.474024
2.04		0.2		0.520205
2.04		0.266667		0.437909
2.04		0.333333		0.295651
2.04		0.4		0.456607
2.04		0.466667		0.44485
2.04		0.533333		0.456799
2.04		0.6		0.523088
2.04		0.666667		0.456006
2.04		0.733333		0.413628
2.04		0.8		0.342553
2.04		0.866667		0.346439
2.04		0.933333		0.552694
2.06		0		0.512218
2.06		0.0666667		0.405917
2.06		0.133333		0.490069
2.06		0.2		0.508836
2.06		0.266667		0.457701
2.06		0.333333		0.2634
2.06		0.4		0.449507
2.06		0.466667		0.457435
2.06		0.533333		0.448343
2.06		0.6		0.525742
2.06		0.666667		0.465088
2.06		0.733333		0.420432
2.06		0.8		0.325778
2.06		0.866667		0.313812
2.06		0.933333		0.559888
2.08		0		0.509866
2.08		0.0666667		0.403929
2.08		0.133333		0.496043
2.08		0.2		0.497841
2.08		0.266667		0.425578
2.08		0.333333		0.328651
2.08		0.4		0.46831
2.08		0.466667		0.470209
2.08		0.533333		0.445642
2.08		0.6		0.521676
2.08		0.666667		0.476002
2.08		0.733333		0.429492
2.08		0.8		0.398211
2.08		0.866667		0.286924
2.08		0.933333		0.560253
2.1		0		0.507615
2.1		0.0666667		0.415517
2.1		0.133333		0.495344
2.1		0.2		0.498128
2.1		0.266667		0.403108
2.1		0.333333		0.410437
2.1		0.4		0.510559
2.1		0.466667		0.478703
2.1		0.533333		0.445681
2.1		0.6		0.510606
2.1		0.666667		0.488421
2.1		0.733333		0.441471
2.1		0.8		0.374717
2.1		0.866667		0.264809
2.1		0.933333		0.553912
2.12		0		0.505461
2.12		0.0666667		0.433569
2.12		0.133333		0.495892
2.12		0.2		0.532512
2.12		0.266667		0.387326
2.12		0.333333		0.350485
2.12		0.4		0.439619
2.12		0.466667		0.476288
2.12		0.533333		0.44782
2.12		0.6		0.48305
2.12		0.666667		0.502113
2.12		0.733333		0.437827
2.12		0.8		0.435544
2.12		0.866667		0.246967
2.12		0.933333		0.548194
2.14		0		0.503398
2.14		0.0666667		0.452687
2.14		0.133333		0.497531
2.14		0.2		0.526513
2.14		0.266667		0.376553
2.14		0.333333		0.290445
2.14		0.4		0.411096
2.14		0.466667		0.47513
2.14		0.533333		0.451836
2.14		0.6		0.449825
2.14		0.666667		0.516925
2.14		0.733333		0.430622
2.14		0.8		0.49945
2.14		0.866667		0.233224
2.14		0.933333		0.543023
2.16		0		0.50142
2.16		0.0666667		0.473159
2.16		0.133333		0.500135
2.16		0.2		0.519823
2.16		0.266667		0.369763
2.16		0.333333		0.313403
2.16		0.4		0.423483
2.16		0.466667		0.475189
2.16		0.533333		0.455978
2.16		0.6		0.41867
2.16		0.666667		0.518644
2.16		0.733333		0.415673
2.16		0.8		0.516931
2.16		0.866667		0.223684
2.16		0.933333		0.538336
2.18		0		0.499524
2.18		0.0666667		0.495387
2.18		0.133333		0.503602
2.18		0.2		0.505236
2.18		0.266667		0.366227
2.18		0.333333		0.322418
2.18		0.4		0.427356
2.18		0.466667		0.476461
2.18		0.533333		0.461425
2.18		0.6		0.385555
2.18		0.666667		0.519122
2.18		0.733333		0.402387
2.18		0.8		0.529632
2.18		0.866667		0.218675
2.18		0.933333		0.534081
2.2		0		0.497705
2.2		0.0666667		0.519953
2.2		0.133333		0.507851
2.2		0.2		0.495596
2.2		0.266667		0.365328
2.2		0.333333		0.398643
2.2		0.4		0.374248
2.2		0.466667		0.478977
2.2		0.533333		0.469305
2.2		0.6		0.371225
2.2		0.666667		0.520517
2.2		0.733333		0.390528
2.2		0.8		0.538676
2.2		0.866667		0.218389
2.2		0.933333		0.530212
2.22		0		0.495958
2.22		0.0666667		0.547733
2.22		0.133333		0.512812
2.22		0.2		0.489518
2.22		0.266667		0.366513
2.22		0.333333		0.451056
2.22		0.4		0.364917
2.22		0.466667		0.4828
2.22		0.533333		0.480529
2.22		0.6		0.39215
2.22		0.666667		0.52265
2.22		0.733333		0.379905
2.22		0.8		0.555135
2.22		0.866667		0.222305
2.22		0.933333		0.526694
2.24		0		0.494281
2.24		0.0666667		0.567073
2.24		0.133333		0.518432
2.24		0.2		0.512825
2.24		0.266667		0.369321
2.24		0.333333		0.384984
2.24		0.4		0.393618
2.24		0.466667		0.488037
2.24		0.533333		0.496738
2.24		0.6		0.365221
2.24		0.666667		0.525384
2.24		0.733333		0.370364
2.24		0.8		0.570075
2.24		0.866667		0.229463
2.24		0.933333		0.523493
2.26		0		0.492669
2.26		0.0666667		0.561657
2.26		0.133333		0.524665
2.26		0.2		0.539856
2.26		0.266667		0.370579
2.26		0.333333		0.331691
2.26		0.4		0.445711
2.26		0.466667		0.494841
2.26		0.533333		0.489782
2.26		0.6		0.317321
2.26		0.666667		0.528616
2.26		0.733333		0.361778
2.26		0.8		0.579947
2.26		0.866667		0.239104
2.26		0.933333		0.520581
2.28		0		0.491118
2.28		0.0666667		0.559524
2.28		0.133333		0.531474
2.28		0.2		0.549656
2.28		0.266667		0.368726
2.28		0.333333		0.326437
2.28		0.4		0.401769
2.28		0.466667		0.487601
2.28		0.533333		0.475118
2.28		0.6		0.319272
2.28		0.666667		0.532267
2.28		0.733333		0.354041
2.28		0.8		0.578719
2.28		0.866667		0.250799
2.28		0.933333		0.517934
2.3		0		0.489627
2.3		0.0666667		0.545036
2.3		0.133333		0.53883
2.3		0.2		0.562597
2.3		0.266667		0.368304
2.3		0.333333		0.393493
2.3		0.4		0.348719
2.3		0.466667		0.472826
2.3		0.533333		0.466919
2.3		0.6		0.34797
2.3		0.666667		0.536279
2.3		0.733333		0.347064
2.3		0.8		0.568831
2.3		0.866667		0.26432
2.3		0.933333		0.515531
2.32		0		0.488192
2.32		0.0666667		0.533031
2.32		0.133333		0.544459
2.32		0.2		0.579022
2.32		0.266667		0.369986
2.32		0.333333		0.362298
2.32		0.4		0.35549
2.32		0.466667		0.459084
2.32		0.533333		0.471587
2.32		0.6		0.378947
2.32		0.666667		0.539296
2.32		0.733333		0.340773
2.32		0.8		0.545814
2.32		0.866667		0.279546
2.32		0.933333		0.513353
2.34		0		0.486811
2.34		0.0666667		0.523364
2.34		0.133333		0.546936
2.34		0.2		0.5991
2.34		0.266667		0.369711
2.34		0.333333		0.370994
2.34		0.4		0.387725
2.34		0.466667		0.446603
2.34		0.533333		0.495633
2.34		0.6		0.401233
2.34		0.666667		0.541784
2.34		0.733333		0.335103
2.34		0.8		0.505652
2.34		0.866667		0.285698
2.34		0.933333		0.511382
2.36		0		0.48548
2.36		0.0666667		0.515654
2.36		0.133333		0.549853
2.36		0.2		0.617513
2.36		0.266667		0.369652
2.36		0.333333		0.427655
2.36		0.4		0.419701
2.36		0.466667		0.435227
2.36		0.533333		0.509842
2.36		0.6		0.396788
2.36		0.666667		0.544782
2.36		0.733333		0.330004
2.36		0.8		0.470745
2.36		0.866667		0.284804
2.36		0.933333		0.509604
2.38		0		0.484197
2.38		0.0666667		0.507411
2.38		0.133333		0.549491
2.38		0.2		0.620788
2.38		0.266667		0.370393
2.38		0.333333		0.496042
2.38		0.4		0.453572
2.38		0.466667		0.424827
2.38		0.533333		0.488077
2.38		0.6		0.399088
2.38		0.666667		0.548241
2.38		0.733333		0.332131
2.38		0.8		0.440093
2.38		0.866667		0.285623
2.38		0.933333		0.508005
2.4		0		0.482961
2.4		0.0666667		0.513299
2.4		0.133333		0.548478
2.4		0.2		0.62864
2.4		0.266667		0.371812
2.4		0.333333		0.506448
2.4		0.4		0.461143
2.4		0.466667		0.415294
2.4		0.533333		0.482098
2.4		0.6		0.405884
2.4		0.666667		0.551862
2.4		0.733333		0.335904
2.4		0.8		0.412939
2.4		0.866667		0.287905
2.4		0.933333		0.506574
2.42		0		0.481565
2.42		0.0666667		0.521094
2.42		0.133333		0.547787
2.42		0.2		0.612844
2.42		0.266667		0.373858
2.42		0.333333		0.470925
2.42		0.4		0.464589
2.42		0.466667		0.406537
2.42		0.533333		0.492735
2.42		0.6		0.416222
2.42		0.666667		0.549859
2.42		0.733333		0.339925
2.42		0.8		0.388706
2.42		0.866667		0.291434
2.42		0.933333		0.505298
2.44		0		0.480187
2.44		0.0666667		0.530875
2.44		0.133333		0.547402
2.44		0.2		0.592508
2.44		0.266667		0.376495
2.44		0.333333		0.447026
2.44		0.4		0.473342
2.44		0.466667		0.398477
2.44		0.533333		0.513351
2.44		0.6		0.429733
2.44		0.666667		0.548446
2.44		0.733333		0.344174
2.44		0.8		0.367045
2.44		0.866667		0.296031
2.44		0.933333		0.504167
2.46		0		0.478854
2.46		0.0666667		0.54126
2.46		0.133333		0.547308
2.46		0.2		0.566034
2.46		0.266667		0.379695
2.46		0.333333		0.449313
2.46		0.4		0.486224
2.46		0.466667		0.389157
2.46		0.533333		0.534934
2.46		0.6		0.446389
2.46		0.666667		0.547575
2.46		0.733333		0.348633
2.46		0.8		0.362164
2.46		0.866667		0.301546
2.46		0.933333		0.500594
2.48		0		0.477563
2.48		0.0666667		0.547823
2.48		0.133333		0.547491
2.48		0.2		0.543127
2.48		0.266667		0.383435
2.48		0.333333		0.466142
2.48		0.4		0.502817
2.48		0.466667		0.380238
2.48		0.533333		0.555302
2.48		0.6		0.466398
2.48		0.666667		0.547207
2.48		0.733333		0.353285
2.48		0.8		0.360945
2.48		0.866667		0.307859
2.48		0.933333		0.496724
2.5		0		0.476313
2.5		0.0666667		0.557789
2.5		0.133333		0.54794
2.5		0.2		0.523084
2.5		0.266667		0.387696
2.5		0.333333		0.483058
2.5		0.4		0.523142
2.5		0.466667		0.371912
2.5		0.533333		0.576279
2.5		0.6		0.490186
2.5		0.666667		0.547312
2.5		0.733333		0.358111
2.5		0.8		0.360317
2.5		0.866667		0.31487
2.5		0.933333		0.493084
2.52		0		0.475102
2.52		0.0666667		0.572027
2.52		0.133333		0.545812
2.52		0.2		0.505383
2.52		0.266667		0.392467
2.52		0.333333		0.500047
2.52		0.4		0.547558
2.52		0.466667		0.364174
2.52		0.533333		0.593661
2.52		0.6		0.516305
2.52		0.666667		0.547868
2.52		0.733333		0.363096
2.52		0.8		0.360224
2.52		0.866667		0.322498
2.52		0.933333		0.489662
2.54		0		0.473929
2.54		0.0666667		0.560835
2.54		0.133333		0.537515
2.54		0.2		0.489623
2.54		0.266667		0.397743
2.54		0.333333		0.517098
2.54		0.4		0.553049
2.54		0.466667		0.357222
2.54		0.533333		0.592291
2.54		0.6		0.500853
2.54		0.666667		0.548871
2.54		0.733333		0.368224
2.54		0.8		0.373789
2.54		0.866667		0.330677
2.54		0.933333		0.486445
2.56		0		0.472791
2.56		0.0666667		0.543972
2.56		0.133333		0.529708
2.56		0.2		0.475491
2.56		0.266667		0.403528
2.56		0.333333		0.524211
2.56		0.4		0.530063
2.56		0.466667		0.353278
2.56		0.533333		0.593977
2.56		0.6		0.487992
2.56		0.666667		0.550354
2.56		0.733333		0.373476
2.56		0.8		0.389408
2.56		0.866667		0.339347
2.56		0.933333		0.483421
2.58		0		0.471688
2.58		0.0666667		0.530642
2.58		0.133333		0.522361
2.58		0.2		0.462741
2.58		0.266667		0.409023
2.58		0.333333		0.523603
2.58		0.4		0.508523
2.58		0.466667		0.35392
2.58		0.533333		0.597886
2.58		0.6		0.479267
2.58		0.666667		0.552423
2.58		0.733333		0.378837
2.58		0.8		0.405765
2.58		0.866667		0.348462
2.58		0.933333		0.48058
2.6		0		0.470618
2.6		0.0666667		0.519973
2.6		0.133333		0.515447
2.6		0.2		0.459949
2.6		0.266667		0.414618
2.6		0.333333		0.523257
2.6		0.4		0.490042
2.6		0.466667		0.355464
2.6		0.533333		0.603526
2.6		0.6		0.466421
2.6		0.666667		0.555296
2.6		0.733333		0.384289
2.6		0.8		0.422958
2.6		0.866667		0.357979
2.6		0.933333		0.477911
2.62		0		0.46958
2.62		0.0666667		0.511371
2.62		0.133333		0.508941
2.62		0.2		0.466643
2.62		0.266667		0.420814
2.62		0.333333		0.523155
2.62		0.4		0.474044
2.62		0.466667		0.357281
2.62		0.533333		0.604392
2.62		0.6		0.44729
2.62		0.666667		0.559075
2.62		0.733333		0.389815
2.62		0.8		0.441108
2.62		0.866667		0.367863
2.62		0.933333		0.475405
2.64		0		0.468573
2.64		0.0666667		0.504415
2.64		0.133333		0.502822
2.64		0.2		0.473372
2.64		0.266667		0.427645
2.64		0.333333		0.523278
2.64		0.4		0.465739
2.64		0.466667		0.35928
2.64		0.533333		0.597732
2.64		0.6		0.429984
2.64		0.666667		0.563515
2.64		0.733333		0.395399
2.64		0.8		0.460361
2.64		0.866667		0.378081
2.64		0.933333		0.473055
2.66		0		0.467595
2.66		0.0666667		0.498796
2.66		0.133333		0.497069
2.66		0.2		0.480135
2.66		0.266667		0.434889
2.66		0.333333		0.523612
2.66		0.4		0.450168
2.66		0.466667		0.361432
2.66		0.533333		0.590794
2.66		0.6		0.414364
2.66		0.666667		0.568342
2.66		0.733333		0.401023
2.66		0.8		0.480899
2.66		0.866667		0.388607
2.66		0.933333		0.470851
2.68		0		0.466645
2.68		0.0666667		0.496035
2.68		0.133333		0.491665
2.68		0.2		0.48693
2.68		0.266667		0.429564
2.68		0.333333		0.524146
2.68		0.4		0.437844
2.68		0.466667		0.363724
2.68		0.533333		0.584694
2.68		0.6		0.400368
2.68		0.666667		0.57341
2.68		0.733333		0.406672
2.68		0.8		0.502948
2.68		0.866667		0.395196
2.68		0.933333		0.468786
2.7		0		0.465723
2.7		0.0666667		0.50367
2.7		0.133333		0.486594
2.7		0.2		0.493757
2.7		0.266667		0.424845
2.7		0.333333		0.524868
2.7		0.4		0.4286
2.7		0.466667		0.366146
2.7		0.533333		0.579323
2.7		0.6		0.388032
2.7		0.666667		0.578656
2.7		0.733333		0.412328
2.7		0.8		0.526791
2.7		0.866667		0.397694
2.7		0.933333		0.466853
2.72		0		0.464827
2.72		0.0666667		0.511309
2.72		0.133333		0.481842
2.72		0.2		0.500613
2.72		0.266667		0.42068
2.72		0.333333		0.525771
2.72		0.4		0.422408
2.72		0.466667		0.36869
2.72		0.533333		0.572206
2.72		0.6		0.373389
2.72		0.666667		0.579095
2.72		0.733333		0.417976
2.72		0.8		0.552792
2.72		0.866667		0.39917
2.72		0.933333		0.465045
2.74		0		0.463956
2.74		0.0666667		0.518953
2.74		0.133333		0.477396
2.74		0.2		0.507499
2.74		0.266667		0.417022
2.74		0.333333		0.526847
2.74		0.4		0.419394
2.74		0.466667		0.371351
2.74		0.533333		0.564264
2.74		0.6		0.35825
2.74		0.666667		0.579667
2.74		0.733333		0.423603
2.74		0.8		0.578884
2.74		0.866667		0.401164
2.74		0.933333		0.463356
2.76		0		0.463109
2.76		0.0666667		0.5266
2.76		0.133333		0.473243
2.76		0.2		0.514414
2.76		0.266667		0.413828
2.76		0.333333		0.52809
2.76		0.4		0.420206
2.76		0.466667		0.374122
2.76		0.533333		0.556928
2.76		0.6		0.34656
2.76		0.666667		0.580453
2.76		0.733333		0.429195
2.76		0.8		0.588411
2.76		0.866667		0.403632
2.76		0.933333		0.46178
2.78		0		0.462286
2.78		0.0666667		0.534251
2.78		0.133333		0.469376
2.78		0.2		0.521356
2.78		0.266667		0.411058
2.78		0.333333		0.529495
2.78		0.4		0.439506
2.78		0.466667		0.376999
2.78		0.533333		0.550144
2.78		0.6		0.35261
2.78		0.666667		0.581435
2.78		0.733333		0.43474
2.78		0.8		0.572698
2.78		0.866667		0.406536
2.78		0.933333		0.460311
2.8		0		0.461486
2.8		0.0666667		0.541905
2.8		0.133333		0.465783
2.8		0.2		0.528325
2.8		0.266667		0.408676
2.8		0.333333		0.531058
2.8		0.4		0.442127
2.8		0.466667		0.379978
2.8		0.533333		0.543864
2.8		0.6		0.35948
2.8		0.666667		0.582745
2.8		0.733333		0.44033
2.8		0.8		0.553782
2.8		0.866667		0.407554
2.8		0.933333		0.458045
2.82		0		0.460707
2.82		0.0666667		0.549564
2.82		0.133333		0.462459
2.82		0.2		0.53532
2.82		0.266667		0.40665
2.82		0.333333		0.532777
2.82		0.4		0.42829
2.82		0.466667		0.383054
2.82		0.533333		0.53805
2.82		0.6		0.369031
2.82		0.666667		0.584945
2.82		0.733333		0.442766
2.82		0.8		0.537564
2.82		0.866667		0.404671
2.82		0.933333		0.455752
2.84		0		0.459949
2.84		0.0666667		0.557226
2.84		0.133333		0.459395
2.84		0.2		0.54234
2.84		0.266667		0.404951
2.84		0.333333		0.53465
2.84		0.4		0.417489
2.84		0.466667		0.386222
2.84		0.533333		0.532666
2.84		0.6		0.380725
2.84		0.666667		0.587281
2.84		0.733333		0.441814
2.84		0.8		0.523587
2.84		0.866667		0.402278
2.84		0.933333		0.453567
2.86		0		0.459212
2.86		0.0666667		0.564891
2.86		0.133333		0.456307
2.86		0.2		0.549384
2.86		0.266667		0.403553
2.86		0.333333		0.536675
2.86		0.4		0.408946
2.86		0.466667		0.389479
2.86		0.533333		0.527681
2.86		0.6		0.394159
2.86		0.666667		0.58974
2.86		0.733333		0.441055
2.86		0.8		0.511489
2.86		0.866667		0.400339
2.86		0.933333		0.451485
2.88		0		0.458494
2.88		0.0666667		0.57256
2.88		0.133333		0.452856
2.88		0.2		0.556453
2.88		0.266667		0.402433
2.88		0.333333		0.538851
2.88		0.4		0.402134
2.88		0.466667		0.392822
2.88		0.533333		0.523069
2.88		0.6		0.408966
2.88		0.666667		0.592312
2.88		0.733333		0.440459
2.88		0.8		0.500986
2.88		0.866667		0.395358
2.88		0.933333		0.449501
2.9		0		0.457796
2.9		0.0666667		0.580232
2.9		0.133333		0.449687
2.9		0.2		0.563544
2.9		0.266667		0.401569
2.9		0.333333		0.541179
2.9		0.4		0.396683
2.9		0.466667		0.396246
2.9		0.533333		0.518805
2.9		0.6		0.424701
2.9		0.666667		0.59499
2.9		0.733333		0.440003
2.9		0.8		0.491848
2.9		0.866667		0.388965
2.9		0.933333		0.44761
2.92		0		0.457115
2.92		0.0666667		0.587907
2.92		0.133333		0.446794
2.92		0.2		0.570657
2.92		0.266667		0.400943
2.92		0.333333		0.543659
2.92		0.4		0.392324
2.92		0.466667		0.399749
2.92		0.533333		0.514867
2.92		0.6		0.418786
2.92		0.666667		0.597752
2.92		0.733333		0.43967
2.92		0.8		0.483886
2.92		0.866667		0.38306
2.92		0.933333		0.445808
2.94		0		0.456452
2.94		0.0666667		0.595585
2.94		0.133333		0.443333
2.94		0.2		0.577793
2.94		0.266667		0.400537
2.94		0.333333		0.546292
2.94		0.4		0.387025
2.94		0.466667		0.403328
2.94		0.533333		0.511154
2.94		0.6		0.414778
2.94		0.666667		0.59703
2.94		0.733333		0.439449
2.94		0.8		0.473624
2.94		0.866667		0.377612
2.94		0.933333		0.444089
2.96		0		0.455807
2.96		0.0666667		0.603266
2.96		0.133333		0.438672
2.96		0.2		0.584949
2.96		0.266667		0.400336
2.96		0.333333		0.549079
2.96		0.4		0.392314
2.96		0.466667		0.406978
2.96		0.533333		0.50548
2.96		0.6		0.413323
2.96		0.666667		0.594466
2.96		0.733333		0.439332
2.96		0.8		0.460237
2.96		0.866667		0.372591
2.96		0.933333		0.44245
2.98		0		0.455178
2.98		0.0666667		0.610951
2.98		0.133333		0.434288
2.98		0.2		0.591024
2.98		0.266667		0.400325
2.98		0.333333		0.552024
2.98		0.4		0.406862
2.98		0.466667		0.410699
2.98		0.533333		0.500102
2.98		0.6		0.413894
2.98		0.666667		0.59114
2.98		0.733333		0.439318
2.98		0.8		0.447937
2.98		0.866667		0.367971
2.98		0.933333		0.440887
3		0		0.454564
3		0.0666667		0.611489
3		0.133333		0.430178
3		0.2		0.590637
3		0.266667		0.400492
3		0.333333		0.555128
3		0.4		0.422452
3		0.466667		0.414486
3		0.533333		0.495004
3		0.6		0.416076
3		0.666667		0.587987
3		0.733333		0.438941
3		0.8		0.436599
3		0.866667		0.363729
3		0.933333		0.439395
3.02		0		0.453967
3.02		0.0666667		0.610105
3.02		0.133333		0.426339
3.02		0.2		0.590614
3.02		0.266667		0.400826
3.02		0.333333		0.556825
3.02		0.4		0.439244
3.02		0.466667		0.418337
3.02		0.533333		0.49017
3.02		0.6		0.419531
3.02		0.666667		0.584998
3.02		0.733333		0.43776
3.02		0.8		0.434738
3.02		0.866667		0.359844
3.02		0.933333		0.437971
3.04		0		0.453384
3.04		0.0666667		0.609191
3.04		0.133333		0.422767
3.04		0.2		0.586703
3.04		0.266667		0.401315
3.04		0.333333		0.553583
3.04		0.4		0.457434
3.04		0.466667		0.42225
3.04		0.533333		0.485588
3.04		0.6		0.42398
3.04		0.666667		0.582164
3.04		0.733333		0.436723
3.04		0.8		0.440573
3.04		0.866667		0.356297
3.04		0.933333		0.436611
3.06		0		0.452816
3.06		0.0666667		0.608676
3.06		0.133333		0.41946
3.06		0.2		0.580348
3.06		0.266667		0.401952
3.06		0.333333		0.548155
3.06		0.4		0.477271
3.06		0.466667		0.426223
3.06		0.533333		0.481245
3.06		0.6		0.429193
3.06		0.666667		0.579479
3.06		0.733333		0.435831
3.06		0.8		0.446423
3.06		0.866667		0.35307
3.06		0.933333		0.435312
3.08		0		0.452262
3.08		0.0666667		0.608501
3.08		0.133333		0.416414
3.08		0.2		0.574504
3.08		0.266667		0.401834
3.08		0.333333		0.5429
3.08		0.4		0.497859
3.08		0.466667		0.430252
3.08		0.533333		0.477128
3.08		0.6		0.434987
3.08		0.666667		0.576933
3.08		0.733333		0.435086
3.08		0.8		0.452285
3.08		0.866667		0.350149
3.08		0.933333		0.43407
3.1		0		0.451721
3.1		0.0666667		0.608619
3.1		0.133333		0.413624
3.1		0.2		0.56911
3.1		0.266667		0.39798
3.1		0.333333		0.537809
3.1		0.4		0.502066
3.1		0.466667		0.434337
3.1		0.533333		0.473228
3.1		0.6		0.441214
3.1		0.666667		0.57452
3.1		0.733333		0.434489
3.1		0.8		0.458157
3.1		0.866667		0.347519
3.1		0.933333		0.432884
3.12		0		0.451194
3.12		0.0666667		0.608992
3.12		0.133333		0.411085
3.12		0.2		0.564118
3.12		0.266667		0.394582
3.12		0.333333		0.532875
3.12		0.4		0.508558
3.12		0.466667		0.438474
3.12		0.533333		0.469534
3.12		0.6		0.447762
3.12		0.666667		0.572233
3.12		0.733333		0.43404
3.12		0.8		0.46404
3.12		0.866667		0.345166
3.12		0.933333		0.431748
3.14		0		0.450679
3.14		0.0666667		0.609589
3.14		0.133333		0.408793
3.14		0.2		0.559483
3.14		0.266667		0.39369
3.14		0.333333		0.52809
3.14		0.4		0.517465
3.14		0.466667		0.442663
3.14		0.533333		0.464673
3.14		0.6		0.454544
3.14		0.666667		0.570066
3.14		0.733333		0.433739
3.14		0.8		0.469933
3.14		0.866667		0.34308
3.14		0.933333		0.430662
3.16		0		0.450177
3.16		0.0666667		0.610382
3.16		0.133333		0.406742
3.16		0.2		0.555171
3.16		0.266667		0.395246
3.16		0.333333		0.523447
3.16		0.4		0.529058
3.16		0.466667		0.445574
3.16		0.533333		0.456983
3.16		0.6		0.461495
3.16		0.666667		0.568014
3.16		0.733333		0.433584
3.16		0.8		0.475837
3.16		0.866667		0.341249
3.16		0.933333		0.429621
3.18		0		0.449686
3.18		0.0666667		0.611349
3.18		0.133333		0.404924
3.18		0.2		0.551148
3.18		0.266667		0.397059
3.18		0.333333		0.518939
3.18		0.4		0.521938
3.18		0.466667		0.445076
3.18		0.533333		0.449588
3.18		0.6		0.468566
3.18		0.666667		0.566071
3.18		0.733333		0.433573
3.18		0.8		0.481752
3.18		0.866667		0.339663
3.18		0.933333		0.428624
3.2		0		0.449208
3.2		0.0666667		0.612471
3.2		0.133333		0.403334
3.2		0.2		0.547386
3.2		0.266667		0.398932
3.2		0.333333		0.514562
3.2		0.4		0.51097
3.2		0.466667		0.444774
3.2		0.533333		0.442472
3.2		0.6		0.47572
3.2		0.666667		0.564231
3.2		0.733333		0.433703
3.2		0.8		0.487678
3.2		0.866667		0.338314
3.2		0.933333		0.427669
3.22		0		0.44874
3.22		0.0666667		0.613732
3.22		0.133333		0.401964
3.22		0.2		0.543863
3.22		0.266667		0.400836
3.22		0.333333		0.510309
3.22		0.4		0.502203
3.22		0.466667		0.444653
3.22		0.533333		0.43562
3.22		0.6		0.477368
3.22		0.666667		0.562491
3.22		0.733333		0.43397
3.22		0.8		0.493614
3.22		0.866667		0.337191
3.22		0.933333		0.426753
3.24		0		0.448284
3.24		0.0666667		0.61156
3.24		0.133333		0.400808
3.24		0.2		0.540555
3.24		0.266667		0.402761
3.24		0.333333		0.506175
3.24		0.4		0.492069
3.24		0.466667		0.444701
3.24		0.533333		0.429018
3.24		0.6		0.477827
3.24		0.666667		0.560845
3.24		0.733333		0.43437
3.24		0.8		0.499562
3.24		0.866667		0.336289
3.24		0.933333		0.425874
3.26		0		0.447838
3.26		0.0666667		0.607482
3.26		0.133333		0.399857
3.26		0.2		0.537446
3.26		0.266667		0.404706
3.26		0.333333		0.502156
3.26		0.4		0.480344
3.26		0.466667		0.444906
3.26		0.533333		0.422655
3.26		0.6		0.474186
3.26		0.666667		0.559288
3.26		0.733333		0.434898
3.26		0.8		0.50552
3.26		0.866667		0.335599
3.26		0.933333		0.42503
3.28		0		0.447402
3.28		0.0666667		0.603679
3.28		0.133333		0.399105
3.28		0.2		0.534517
3.28		0.266667		0.406667
3.28		0.333333		0.498247
3.28		0.4		0.464788
3.28		0.466667		0.445257
3.28		0.533333		0.41652
3.28		0.6		0.467695
3.28		0.666667		0.557818
3.28		0.733333		0.435549
3.28		0.8		0.51149
3.28		0.866667		0.335115
3.28		0.933333		0.424219
3.3		0		0.446977
3.3		0.0666667		0.600123
3.3		0.133333		0.398546
3.3		0.2		0.531754
3.3		0.266667		0.408645
3.3		0.333333		0.494444
3.3		0.4		0.446788
3.3		0.466667		0.445744
3.3		0.533333		0.410611
3.3		0.6		0.461437
3.3		0.666667		0.55643
3.3		0.733333		0.436317
3.3		0.8		0.517472
3.3		0.866667		0.334831
3.3		0.933333		0.42344
3.32		0		0.446561
3.32		0.0666667		0.596791
3.32		0.133333		0.398171
3.32		0.2		0.529144
3.32		0.266667		0.410638
3.32		0.333333		0.490742
3.32		0.4		0.430339
3.32		0.466667		0.446359
3.32		0.533333		0.404947
3.32		0.6		0.455555
3.32		0.666667		0.555121
3.32		0.733333		0.437198
3.32		0.8		0.523465
3.32		0.866667		0.334741
3.32		0.933333		0.422691
3.34		0		0.446155
3.34		0.0666667		0.593664
3.34		0.133333		0.397975
3.34		0.2		0.526675
3.34		0.266667		0.412646
3.34		0.333333		0.487139
3.34		0.4		0.415231
3.34		0.466667		0.447093
3.34		0.533333		0.400248
3.34		0.6		0.450008
3.34		0.666667		0.553887
3.34		0.733333		0.438185
3.34		0.8		0.52947
3.34		0.866667		0.33484
3.34		0.933333		0.42197
3.36		0		0.445758
3.36		0.0666667		0.590723
3.36		0.133333		0.397953
3.36		0.2		0.524337
3.36		0.266667		0.414668
3.36		0.333333		0.48363
3.36		0.4		0.401291
3.36		0.466667		0.447941
3.36		0.533333		0.400422
3.36		0.6		0.444761
3.36		0.666667		0.552725
3.36		0.733333		0.439273
3.36		0.8		0.535486
3.36		0.866667		0.335122
3.36		0.933333		0.421276
3.38		0		0.445369
3.38		0.0666667		0.587953
3.38		0.133333		0.398097
3.38		0.2		0.52212
3.38		0.266667		0.416705
3.38		0.333333		0.480213
3.38		0.4		0.388378
3.38		0.466667		0.446857
3.38		0.533333		0.401376
3.38		0.6		0.439786
3.38		0.666667		0.551632
3.38		0.733333		0.440457
3.38		0.8		0.541514
3.38		0.866667		0.335584
3.38		0.933333		0.420608
3.4		0		0.44499
3.4		0.0666667		0.585339
3.4		0.133333		0.398404
3.4		0.2		0.520015
3.4		0.266667		0.418756
3.4		0.333333		0.476883
3.4		0.4		0.390321
3.4		0.466667		0.443889
3.4		0.533333		0.402474
3.4		0.6		0.435058
3.4		0.666667		0.550605
3.4		0.733333		0.44173
3.4		0.8		0.547553
3.4		0.866667		0.336221
3.4		0.933333		0.419965
3.42		0		0.444618
3.42		0.0666667		0.582869
3.42		0.133333		0.398869
3.42		0.2		0.518015
3.42		0.266667		0.42082
3.42		0.333333		0.473639
3.42		0.4		0.394769
3.42		0.466667		0.441099
3.42		0.533333		0.403681
3.42		0.6		0.430556
3.42		0.666667		0.549641
3.42		0.733333		0.443089
3.42		0.8		0.553604
3.42		0.866667		0.337029
3.42		0.933333		0.419344
3.44		0		0.444255
3.44		0.0666667		0.580532
3.44		0.133333		0.399487
3.44		0.2		0.516113
3.44		0.266667		0.422898
3.44		0.333333		0.470478
3.44		0.4		0.39926
3.44		0.466667		0.438476
3.44		0.533333		0.404985
3.44		0.6		0.42626
3.44		0.666667		0.548738
3.44		0.733333		0.444362
3.44		0.8		0.559666
3.44		0.866667		0.338005
3.44		0.933333		0.418746
3.46		0		0.4439
3.46		0.0666667		0.578317
3.46		0.133333		0.400254
3.46		0.2		0.514301
3.46		0.266667		0.424989
3.46		0.333333		0.467396
3.46		0.4		0.403797
3.46		0.466667		0.436008
3.46		0.533333		0.406162
3.46		0.6		0.422156
3.46		0.666667		0.547893
3.46		0.733333		0.445426
3.46		0.8		0.56574
3.46		0.866667		0.339146
3.46		0.933333		0.418169
3.48		0		0.443553
3.48		0.0666667		0.576216
3.48		0.133333		0.401167
3.48		0.2		0.512575
3.48		0.266667		0.427093
3.48		0.333333		0.464391
3.48		0.4		0.409023
3.48		0.466667		0.433688
3.48		0.533333		0.405599
3.48		0.6		0.418229
3.48		0.666667		0.547104
3.48		0.733333		0.446581
3.48		0.8		0.571825
3.48		0.866667		0.340447
3.48		0.933333		0.417612
3.5		0		0.443213
3.5		0.0666667		0.57422
3.5		0.133333		0.402222
3.5		0.2		0.510929
3.5		0.266667		0.429211
3.5		0.333333		0.461461
3.5		0.4		0.415374
3.5		0.466667		0.431505
3.5		0.533333		0.405145
3.5		0.6		0.414469
3.5		0.666667		0.546369
3.5		0.733333		0.447823
3.5		0.8		0.576373
3.5		0.866667		0.341907
3.5		0.933333		0.417073
3.52		0		0.442881
3.52		0.0666667		0.572322
3.52		0.133333		0.403418
3.52		0.2		0.509358
3.52		0.266667		0.43134
3.52		0.333333		0.458603
3.52		0.4		0.421754
3.52		0.466667		0.429453
3.52		0.533333		0.404796
3.52		0.6		0.410865
3.52		0.666667		0.545685
3.52		0.733333		0.449147
3.52		0.8		0.575613
3.52		0.866667		0.343523
3.52		0.933333		0.416554
3.54		0		0.442556
3.54		0.0666667		0.570514
3.54		0.133333		0.404751
3.54		0.2		0.507857
3.54		0.266667		0.433483
3.54		0.333333		0.455816
3.54		0.4		0.428151
3.54		0.466667		0.427524
3.54		0.533333		0.404548
3.54		0.6		0.407407
3.54		0.666667		0.545051
3.54		0.733333		0.45055
3.54		0.8		0.569679
3.54		0.866667		0.345293
3.54		0.933333		0.416051
3.56		0		0.442237
3.56		0.0666667		0.568791
3.56		0.133333		0.406219
3.56		0.2		0.506422
3.56		0.266667		0.435638
3.56		0.333333		0.453097
3.56		0.4		0.434563
3.56		0.466667		0.42571
3.56		0.533333		0.404395
3.56		0.6		0.40409
3.56		0.666667		0.544464
3.56		0.733333		0.452028
3.56		0.8		0.564168
3.56		0.866667		0.347213
3.56		0.933333		0.415565
3.58		0		0.441926
3.58		0.0666667		0.567148
3.58		0.133333		0.407821
3.58		0.2		0.50505
3.58		0.266667		0.437805
3.58		0.333333		0.450444
3.58		0.4		0.440991
3.58		0.466667		0.424007
3.58		0.533333		0.404334
3.58		0.6		0.400906
3.58		0.666667		0.543924
3.58		0.733333		0.453576
3.58		0.8		0.559034
3.58		0.866667		0.349283
3.58		0.933333		0.415095
3.6		0		0.441621
3.6		0.0666667		0.565578
3.6		0.133333		0.409555
3.6		0.2		0.503737
3.6		0.266667		0.439984
3.6		0.333333		0.447855
3.6		0.4		0.447434
3.6		0.466667		0.422407
3.6		0.533333		0.404362
3.6		0.6		0.397851
3.6		0.666667		0.543427
3.6		0.733333		0.455192
3.6		0.8		0.554241
3.6		0.866667		0.351501
3.6		0.933333		0.41464
3.62		0		0.441322
3.62		0.0666667		0.564078
3.62		0.133333		0.41142
3.62		0.2		0.50248
3.62		0.266667		0.442175
3.62		0.333333		0.445329
3.62		0.4		0.453892
3.62		0.466667		0.420905
3.62		0.533333		0.404475
3.62		0.6		0.394919
3.62		0.666667		0.542973
3.62		0.733333		0.456873
3.62		0.8		0.549755
3.62		0.866667		0.353864
3.62		0.933333		0.4142
3.64		0		0.44103
3.64		0.0666667		0.562642
3.64		0.133333		0.413382
3.64		0.2		0.501276
3.64		0.266667		0.444377
3.64		0.333333		0.442864
3.64		0.4		0.460365
3.64		0.466667		0.419497
3.64		0.533333		0.404669
3.64		0.6		0.392106
3.64		0.666667		0.542559
3.64		0.733333		0.458615
3.64		0.8		0.545546
3.64		0.866667		0.356372
3.64		0.933333		0.413773
3.66		0		0.440743
3.66		0.0666667		0.561268
3.66		0.133333		0.414467
3.66		0.2		0.500121
3.66		0.266667		0.446591
3.66		0.333333		0.440457
3.66		0.4		0.466852
3.66		0.466667		0.418177
3.66		0.533333		0.404942
3.66		0.6		0.389411
3.66		0.666667		0.542185
3.66		0.733333		0.460416
3.66		0.8		0.541591
3.66		0.866667		0.359023
3.66		0.933333		0.41336
3.68		0		0.440463
3.68		0.0666667		0.559951
3.68		0.133333		0.415678
3.68		0.2		0.499013
3.68		0.266667		0.448817
3.68		0.333333		0.438108
3.68		0.4		0.473352
3.68		0.466667		0.416941
3.68		0.533333		0.40529
3.68		0.6		0.38683
3.68		0.666667		0.541849
3.68		0.733333		0.462273
3.68		0.8		0.537865
3.68		0.866667		0.361816
3.68		0.933333		0.412959
3.7		0		0.440188
3.7		0.0666667		0.558688
3.7		0.133333		0.417014
3.7		0.2		0.497951
3.7		0.266667		0.451054
3.7		0.333333		0.435815
3.7		0.4		0.479867
3.7		0.466667		0.415786
3.7		0.533333		0.405711
3.7		0.6		0.384362
3.7		0.666667		0.541549
3.7		0.733333		0.464184
3.7		0.8		0.534351
3.7		0.866667		0.36453
3.7		0.933333		0.412571
3.72		0		0.439919
3.72		0.0666667		0.557476
3.72		0.133333		0.418474
3.72		0.2		0.496931
3.72		0.266667		0.453302
3.72		0.333333		0.433477
3.72		0.4		0.486396
3.72		0.466667		0.414706
3.72		0.533333		0.406202
3.72		0.6		0.382007
3.72		0.666667		0.541285
3.72		0.733333		0.466147
3.72		0.8		0.531029
3.72		0.866667		0.363812
3.72		0.933333		0.412195
3.74		0		0.439656
3.74		0.0666667		0.556312
3.74		0.133333		0.420059
3.74		0.2		0.495951
3.74		0.266667		0.455561
3.74		0.333333		0.431191
3.74		0.4		0.492939
3.74		0.466667		0.4137
3.74		0.533333		0.40676
3.74		0.6		0.379763
3.74		0.666667		0.541054
3.74		0.733333		0.468158
3.74		0.8		0.527884
3.74		0.866667		0.36325
3.74		0.933333		0.411829
3.76		0		0.439398
3.76		0.0666667		0.555193
3.76		0.133333		0.421767
3.76		0.2		0.49501
3.76		0.266667		0.457831
3.76		0.333333		0.428969
3.76		0.4		0.499494
3.76		0.466667		0.412762
3.76		0.533333		0.407384
3.76		0.6		0.37763
3.76		0.666667		0.540857
3.76		0.733333		0.470217
3.76		0.8		0.524903
3.76		0.866667		0.362838
3.76		0.933333		0.411475
3.78		0		0.439145
3.78		0.0666667		0.554117
3.78		0.133333		0.420101
3.78		0.2		0.494106
3.78		0.266667		0.460112
3.78		0.333333		0.426811
3.78		0.4		0.506063
3.78		0.466667		0.41189
3.78		0.533333		0.40807
3.78		0.6		0.37561
3.78		0.666667		0.540691
3.78		0.733333		0.472322
3.78		0.8		0.522073
3.78		0.866667		0.362572
3.78		0.933333		0.41113
3.8		0		0.438897
3.8		0.0666667		0.553082
3.8		0.133333		0.416558
3.8		0.2		0.493236
3.8		0.266667		0.462403
3.8		0.333333		0.424714
3.8		0.4		0.512646
3.8		0.466667		0.411082
3.8		0.533333		0.408816
3.8		0.6		0.373703
3.8		0.666667		0.540555
3.8		0.733333		0.474469
3.8		0.8		0.519383
3.8		0.866667		0.362451
3.8		0.933333		0.410796
3.82		0		0.438654
3.82		0.0666667		0.552085
3.82		0.133333		0.41316
3.82		0.2		0.4924
3.82		0.266667		0.464705
3.82		0.333333		0.422677
3.82		0.4		0.519241
3.82		0.466667		0.410334
3.82		0.533333		0.409621
3.82		0.6		0.371909
3.82		0.666667		0.540449
3.82		0.733333		0.476659
3.82		0.8		0.516821
3.82		0.866667		0.362469
3.82		0.933333		0.410471
3.84		0		0.438416
3.84		0.0666667		0.551125
3.84		0.133333		0.4099
3.84		0.2		0.491596
3.84		0.266667		0.467017
3.84		0.333333		0.420698
3.84		0.4		0.520642
3.84		0.466667		0.409643
3.84		0.533333		0.410483
3.84		0.6		0.37023
3.84		0.666667		0.540371
3.84		0.733333		0.478888
3.84		0.8		0.514381
3.84		0.866667		0.362624
3.84		0.933333		0.410156
3.86		0		0.438182
3.86		0.0666667		0.550199
3.86		0.133333		0.406771
3.86		0.2		0.490822
3.86		0.266667		0.469339
3.86		0.333333		0.418776
3.86		0.4		0.5207
3.86		0.466667		0.409007
3.86		0.533333		0.411399
3.86		0.6		0.368667
3.86		0.666667		0.539829
3.86		0.733333		0.481157
3.86		0.8		0.512052
3.86		0.866667		0.362914
3.86		0.933333		0.409849
3.88		0		0.437954
3.88		0.0666667		0.549306
3.88		0.133333		0.403767
3.88		0.2		0.490077
3.88		0.266667		0.471671
3.88		0.333333		0.41691
3.88		0.4		0.521021
3.88		0.466667		0.408424
3.88		0.533333		0.412367
3.88		0.6		0.367221
3.88		0.666667		0.539173
3.88		0.733333		0.483462
3.88		0.8		0.509827
3.88		0.866667		0.363336
3.88		0.933333		0.409551
3.9		0		0.437729
3.9		0.0666667		0.548444
3.9		0.133333		0.400882
3.9		0.2		0.48936
3.9		0.266667		0.474013
3.9		0.333333		0.415097
3.9		0.4		0.521575
3.9		0.466667		0.407892
3.9		0.533333		0.413387
3.9		0.6		0.365892
3.9		0.666667		0.538547
3.9		0.733333		0.485803
3.9		0.8		0.5077
3.9		0.866667		0.363887
3.9		0.933333		0.409261
3.92		0		0.437509
3.92		0.0666667		0.547612
3.92		0.133333		0.398111
3.92		0.2		0.48867
3.92		0.266667		0.476365
3.92		0.333333		0.413338
3.92		0.4		0.522338
3.92		0.466667		0.407408
3.92		0.533333		0.414456
3.92		0.6		0.36468
3.92		0.666667		0.53795
3.92		0.733333		0.488179
3.92		0.8		0.505664
3.92		0.866667		0.364566
3.92		0.933333		0.408979
3.94		0		0.437294
3.94		0.0666667		0.546808
3.94		0.133333		0.395448
3.94		0.2		0.488005
3.94		0.266667		0.478726
3.94		0.333333		0.41163
3.94		0.4		0.52329
3.94		0.466667		0.40697
3.94		0.533333		0.415573
3.94		0.6		0.363583
3.94		0.666667		0.537382
3.94		0.733333		0.490587
3.94		0.8		0.503713
3.94		0.866667		0.36537
3.94		0.933333		0.408704
3.96		0		0.437082
3.96		0.0666667		0.546031
3.96		0.133333		0.392888
3.96		0.2		0.48709
3.96		0.266667		0.481098
3.96		0.333333		0.409972
3.96		0.4		0.52441
3.96		0.466667		0.406577
3.96		0.533333		0.416735
3.96		0.6		0.3626
3.96		0.666667		0.536842
3.96		0.733333		0.493028
3.96		0.8		0.501842
3.96		0.866667		0.364927
3.96		0.933333		0.408437
3.98		0		0.436875
3.98		0.0666667		0.54528
3.98		0.133333		0.390426
3.98		0.2		0.485966
3.98		0.266667		0.483478
3.98		0.333333		0.408363
3.98		0.4		0.521535
3.98		0.466667		0.406227
3.98		0.533333		0.417943
3.98		0.6		0.361728
3.98		0.666667		0.53633
3.98		0.733333		0.4955
3.98		0.8		0.500047
3.98		0.866667		0.363238
3.98		0.933333		0.408177
4		0		0.436672
4		0.0666667		0.544554
4		0.133333		0.388058
4		0.2		0.484868
4		0.266667		0.485868
4		0.333333		0.406802
4		0.4		0.517717
4		0.466667		0.405918
4		0.533333		0.419194
4		0.6		0.360965
4		0.666667		0.535843
4		0.733333		0.498001
4		0.8		0.498322
4		0.866667		0.361679
4		0.933333		0.407924
4.02		0		0.436472
4.02		0.0666667		0.543851
4.02		0.133333		0.385779
4.02		0.2		0.483793
4.02		0.266667		0.488268
4.02		0.333333		0.405287
4.02		0.4		0.512929
4.02		0.466667		0.405648
4.02		0.533333		0.420486
4.02		0.6		0.360305
4.02		0.666667		0.535382
4.02		0.733333		0.500531
4.02		0.8		0.496665
4.02		0.866667		0.360247
4.02		0.933333		0.407677
4.04		0		0.436277
4.04		0.0666667		0.54317
4.04		0.133333		0.383586
4.04		0.2		0.482743
4.04		0.266667		0.490676
4.04		0.333333		0.403818
4.04		0.4		0.508406
4.04		0.466667		0.405416
4.04		0.533333		0.42182
4.04		0.6		0.359745
4.04		0.666667		0.534946
4.04		0.733333		0.503089
4.04		0.8		0.49507
4.04		0.866667		0.358939
4.04		0.933333		0.407437
4.06		0		0.436085
4.06		0.0666667		0.54251
4.06		0.133333		0.381475
4.06		0.2		0.481715
4.06		0.266667		0.493094
4.06		0.333333		0.402393
4.06		0.4		0.504127
4.06		0.466667		0.405221
4.06		0.533333		0.423193
4.06		0.6		0.359278
4.06		0.666667		0.534534
4.06		0.733333		0.505673
4.06		0.8		0.493534
4.06		0.866667		0.357752
4.06		0.933333		0.407203
4.08		0		0.435896
4.08		0.0666667		0.541871
4.08		0.133333		0.379442
4.08		0.2		0.480708
4.08		0.266667		0.495521
4.08		0.333333		0.401011
4.08		0.4		0.500072
4.08		0.466667		0.405061
4.08		0.533333		0.424604
4.08		0.6		0.358901
4.08		0.666667		0.533682
4.08		0.733333		0.508284
4.08		0.8		0.492055
4.08		0.866667		0.356686
4.08		0.933333		0.406975
4.1		0		0.435711
4.1		0.0666667		0.541252
4.1		0.133333		0.377484
4.1		0.2		0.479723
4.1		0.266667		0.497957
4.1		0.333333		0.399642
4.1		0.4		0.496223
4.1		0.466667		0.404935
4.1		0.533333		0.425659
4.1		0.6		0.358607
4.1		0.666667		0.531686
4.1		0.733333		0.509674
4.1		0.8		0.490629
4.1		0.866667		0.355736
4.1		0.933333		0.406753
4.12		0		0.43553
4.12		0.0666667		0.540652
4.12		0.133333		0.375598
4.12		0.2		0.478759
4.12		0.266667		0.500404
4.12		0.333333		0.398235
4.12		0.4		0.492564
4.12		0.466667		0.404842
4.12		0.533333		0.426622
4.12		0.6		0.35839
4.12		0.666667		0.529126
4.12		0.733333		0.510207
4.12		0.8		0.489253
4.12		0.866667		0.354902
4.12		0.933333		0.406536
4.14		0		0.435352
4.14		0.0666667		0.540069
4.14		0.133333		0.37378
4.14		0.2		0.477814
4.14		0.266667		0.502861
4.14		0.333333		0.39686
4.14		0.4		0.489081
4.14		0.466667		0.40478
4.14		0.533333		0.427619
4.14		0.6		0.358247
4.14		0.666667		0.526615
4.14		0.733333		0.510783
4.14		0.8		0.487925
4.14		0.866667		0.354183
4.14		0.933333		0.406324
4.16		0		0.435178
4.16		0.0666667		0.539504
4.16		0.133333		0.372028
4.16		0.2		0.476889
4.16		0.266667		0.50533
4.16		0.333333		0.395516
4.16		0.4		0.485763
4.16		0.466667		0.404749
4.16		0.533333		0.428648
4.16		0.6		0.358171
4.16		0.666667		0.52415
4.16		0.733333		0.511401
4.16		0.8		0.486642
4.16		0.866667		0.353575
4.16		0.933333		0.406118
4.18		0		0.435006
4.18		0.0666667		0.538955
4.18		0.133333		0.37034
4.18		0.2		0.475982
4.18		0.266667		0.507816
4.18		0.333333		0.394203
4.18		0.4		0.482597
4.18		0.466667		0.40435
4.18		0.533333		0.429709
4.18		0.6		0.358159
4.18		0.666667		0.521731
4.18		0.733333		0.512061
4.18		0.8		0.485402
4.18		0.866667		0.353079
4.18		0.933333		0.405917
4.2		0		0.434838
4.2		0.0666667		0.538422
4.2		0.133333		0.368712
4.2		0.2		0.475092
4.2		0.266667		0.51033
4.2		0.333333		0.392921
4.2		0.4		0.479573
4.2		0.466667		0.403109
4.2		0.533333		0.4308
4.2		0.6		0.358205
4.2		0.666667		0.519357
4.2		0.733333		0.51276
4.2		0.8		0.484203
4.2		0.866667		0.352693
4.2		0.933333		0.40572
4.22		0		0.434673
4.22		0.0666667		0.537904
4.22		0.133333		0.367143
4.22		0.2		0.474221
4.22		0.266667		0.512908
4.22		0.333333		0.391668
4.22		0.4		0.476683
4.22		0.466667		0.401906
4.22		0.533333		0.431921
4.22		0.6		0.358306
4.22		0.666667		0.517025
4.22		0.733333		0.513496
4.22		0.8		0.483044
4.22		0.866667		0.352416
4.22		0.933333		0.405529
4.24		0		0.434511
4.24		0.0666667		0.537401
4.24		0.133333		0.365629
4.24		0.2		0.473366
4.24		0.266667		0.514626
4.24		0.333333		0.390446
4.24		0.4		0.473917
4.24		0.466667		0.400739
4.24		0.533333		0.433071
4.24		0.6		0.358458
4.24		0.666667		0.514735
4.24		0.733333		0.51427
4.24		0.8		0.481921
4.24		0.866667		0.352248
4.24		0.933333		0.405342
4.26		0		0.434352
4.26		0.0666667		0.536912
4.26		0.133333		0.36417
4.26		0.2		0.472527
4.26		0.266667		0.514753
4.26		0.333333		0.389254
4.26		0.4		0.471268
4.26		0.466667		0.399607
4.26		0.533333		0.434249
4.26		0.6		0.358658
4.26		0.666667		0.512486
4.26		0.733333		0.51508
4.26		0.8		0.480834
4.26		0.866667		0.352187
4.26		0.933333		0.405159
4.28		0		0.434195
4.28		0.0666667		0.536437
4.28		0.133333		0.362763
4.28		0.2		0.471704
4.28		0.266667		0.514965
4.28		0.333333		0.388094
4.28		0.4		0.468728
4.28		0.466667		0.398509
4.28		0.533333		0.435455
4.28		0.6		0.358903
4.28		0.666667		0.510276
4.28		0.733333		0.515923
4.28		0.8		0.47978
4.28		0.866667		0.352234
4.28		0.933333		0.404981
4.3		0		0.434042
4.3		0.0666667		0.535975
4.3		0.133333		0.361406
4.3		0.2		0.470897
4.3		0.266667		0.515236
4.3		0.333333		0.386968
4.3		0.4		0.466293
4.3		0.466667		0.397444
4.3		0.533333		0.436687
4.3		0.6		0.35919
4.3		0.666667		0.508105
4.3		0.733333		0.516801
4.3		0.8		0.478759
4.3		0.866667		0.352389
4.3		0.933333		0.404806
4.32		0		0.433891
4.32		0.0666667		0.535525
4.32		0.133333		0.360099
4.32		0.2		0.470105
4.32		0.266667		0.515553
4.32		0.333333		0.385884
4.32		0.4		0.463955
4.32		0.466667		0.396412
4.32		0.533333		0.437946
4.32		0.6		0.359516
4.32		0.666667		0.505971
4.32		0.733333		0.51771
4.32		0.8		0.477769
4.32		0.866667		0.35265
4.32		0.933333		0.404636
4.34		0		0.433743
4.34		0.0666667		0.535087
4.34		0.133333		0.358838
4.34		0.2		0.469327
4.34		0.266667		0.515913
4.34		0.333333		0.38486
4.34		0.4		0.461709
4.34		0.466667		0.39541
4.34		0.533333		0.43923
4.34		0.6		0.359879
4.34		0.666667		0.503874
4.34		0.733333		0.518651
4.34		0.8		0.476808
4.34		0.866667		0.35302
4.34		0.933333		0.40447
4.36		0		0.433598
4.36		0.0666667		0.534661
4.36		0.133333		0.357623
4.36		0.2		0.468563
4.36		0.266667		0.516313
4.36		0.333333		0.383951
4.36		0.4		0.45955
4.36		0.466667		0.394438
4.36		0.533333		0.440538
4.36		0.6		0.360278
4.36		0.666667		0.501811
4.36		0.733333		0.519621
4.36		0.8		0.475875
4.36		0.866667		0.353498
4.36		0.933333		0.404308
4.38		0		0.433455
4.38		0.0666667		0.534246
4.38		0.133333		0.356452
4.38		0.2		0.467812
4.38		0.266667		0.516749
4.38		0.333333		0.383369
4.38		0.4		0.457474
4.38		0.466667		0.393496
4.38		0.533333		0.441871
4.38		0.6		0.36071
4.38		0.666667		0.499784
4.38		0.733333		0.520621
4.38		0.8		0.474969
4.38		0.866667		0.354084
4.38		0.933333		0.404149
4.4		0		0.433315
4.4		0.0666667		0.533842
4.4		0.133333		0.355324
4.4		0.2		0.467075
4.4		0.266667		0.517219
4.4		0.333333		0.383526
4.4		0.4		0.455477
4.4		0.466667		0.392582
4.4		0.533333		0.441302
4.4		0.6		0.361173
4.4		0.666667		0.497789
4.4		0.733333		0.52165
4.4		0.8		0.474089
4.4		0.866667		0.35478
4.4		0.933333		0.403994
4.42		0		0.433177
4.42		0.0666667		0.533449
4.42		0.133333		0.354239
4.42		0.2		0.466351
4.42		0.266667		0.517722
4.42		0.333333		0.384243
4.42		0.4		0.453554
4.42		0.466667		0.391695
4.42		0.533333		0.439463
4.42		0.6		0.361666
4.42		0.666667		0.495828
4.42		0.733333		0.522705
4.42		0.8		0.473234
4.42		0.866667		0.355588
4.42		0.933333		0.403842
4.44		0		0.433042
4.44		0.0666667		0.533065
4.44		0.133333		0.353194
4.44		0.2		0.46564
4.44		0.266667		0.518257
4.44		0.333333		0.385146
4.44		0.4		0.451702
4.44		0.466667		0.390836
4.44		0.533333		0.437701
4.44		0.6		0.362188
4.44		0.666667		0.493898
4.44		0.733333		0.523788
4.44		0.8		0.472403
4.44		0.866667		0.356508
4.44		0.933333		0.403694
4.46		0		0.432909
4.46		0.0666667		0.532692
4.46		0.133333		0.352189
4.46		0.2		0.464941
4.46		0.266667		0.518821
4.46		0.333333		0.386117
4.46		0.4		0.449918
4.46		0.466667		0.390002
4.46		0.533333		0.436011
4.46		0.6		0.362737
4.46		0.666667		0.492
4.46		0.733333		0.524895
4.46		0.8		0.471594
4.46		0.866667		0.357541
4.46		0.933333		0.403549
4.48		0		0.432779
4.48		0.0666667		0.532327
4.48		0.133333		0.351224
4.48		0.2		0.464254
4.48		0.266667		0.519413
4.48		0.333333		0.387124
4.48		0.4		0.448198
4.48		0.466667		0.389194
4.48		0.533333		0.434391
4.48		0.6		0.363313
4.48		0.666667		0.490132
4.48		0.733333		0.526028
4.48		0.8		0.470808
4.48		0.866667		0.358691
4.48		0.933333		0.403407
4.5		0		0.43265
4.5		0.0666667		0.531972
4.5		0.133333		0.350296
4.5		0.2		0.463578
4.5		0.266667		0.520033
4.5		0.333333		0.388152
4.5		0.4		0.44654
4.5		0.466667		0.38841
4.5		0.533333		0.432837
4.5		0.6		0.363913
4.5		0.666667		0.488293
4.5		0.733333		0.527185
4.5		0.8		0.470042
4.5		0.866667		0.359959
4.5		0.933333		0.403268
4.52		0		0.432524
4.52		0.0666667		0.531625
4.52		0.133333		0.349407
4.52		0.2		0.462914
4.52		0.266667		0.520678
4.52		0.333333		0.389197
4.52		0.4		0.444941
4.52		0.466667		0.38765
4.52		0.533333		0.431346
4.52		0.6		0.364538
4.52		0.666667		0.486484
4.52		0.733333		0.528365
4.52		0.8		0.469297
4.52		0.866667		0.361347
4.52		0.933333		0.403133
4.54		0		0.432401
4.54		0.0666667		0.531287
4.54		0.133333		0.347062
4.54		0.2		0.462261
4.54		0.266667		0.521348
4.54		0.333333		0.390257
4.54		0.4		0.443398
4.54		0.466667		0.386914
4.54		0.533333		0.429916
4.54		0.6		0.365185
4.54		0.666667		0.484702
4.54		0.733333		0.529568
4.54		0.8		0.468572
4.54		0.866667		0.360423
4.54		0.933333		0.403
4.56		0		0.432279
4.56		0.0666667		0.530958
4.56		0.133333		0.344495
4.56		0.2		0.461618
4.56		0.266667		0.522041
4.56		0.333333		0.391328
4.56		0.4		0.44191
4.56		0.466667		0.3862
4.56		0.533333		0.428543
4.56		0.6		0.365855
4.56		0.666667		0.482948
4.56		0.733333		0.530494
4.56		0.8		0.467865
4.56		0.866667		0.357422
4.56		0.933333		0.40287
4.58		0		0.432159
4.58		0.0666667		0.530636
4.58		0.133333		0.342
4.58		0.2		0.460986
4.58		0.266667		0.522758
4.58		0.333333		0.392241
4.58		0.4		0.440473
4.58		0.466667		0.385508
4.58		0.533333		0.427226
4.58		0.6		0.366547
4.58		0.666667		0.481221
4.58		0.733333		0.530551
4.58		0.8		0.467176
4.58		0.866667		0.354509
4.58		0.933333		0.402743
4.6		0		0.432042
4.6		0.0666667		0.530321
4.6		0.133333		0.339576
4.6		0.2		0.460364
4.6		0.266667		0.523496
4.6		0.333333		0.39292
4.6		0.4		0.439086
4.6		0.466667		0.384837
4.6		0.533333		0.425961
4.6		0.6		0.367259
4.6		0.666667		0.47952
4.6		0.733333		0.530637
4.6		0.8		0.466504
4.6		0.866667		0.35168
4.6		0.933333		0.402619
4.62		0		0.431926
4.62		0.0666667		0.530015
4.62		0.133333		0.337221
4.62		0.2		0.459752
4.62		0.266667		0.524254
4.62		0.333333		0.393611
4.62		0.4		0.437746
4.62		0.466667		0.384188
4.62		0.533333		0.424748
4.62		0.6		0.367992
4.62		0.666667		0.477844
4.62		0.733333		0.530753
4.62		0.8		0.46585
4.62		0.866667		0.348934
4.62		0.933333		0.402497
4.64		0		0.431813
4.64		0.0666667		0.529715
4.64		0.133333		0.334937
4.64		0.2		0.45915
4.64		0.266667		0.525033
4.64		0.333333		0.394314
4.64		0.4		0.436453
4.64		0.466667		0.383559
4.64		0.533333		0.423582
4.64		0.6		0.368744
4.64		0.666667		0.476194
4.64		0.733333		0.530897
4.64		0.8		0.465211
4.64		0.866667		0.346268
4.64		0.933333		0.402378
4.66		0		0.431701
4.66		0.0666667		0.529422
4.66		0.133333		0.332723
4.66		0.2		0.458557
4.66		0.266667		0.525831
4.66		0.333333		0.395029
4.66		0.4		0.435205
4.66		0.466667		0.38295
4.66		0.533333		0.422464
4.66		0.6		0.369515
4.66		0.666667		0.474568
4.66		0.733333		0.530205
4.66		0.8		0.464588
4.66		0.866667		0.34368
4.66		0.933333		0.402261
4.68		0		0.431591
4.68		0.0666667		0.529136
4.68		0.133333		0.330578
4.68		0.2		0.457974
4.68		0.266667		0.526647
4.68		0.333333		0.395756
4.68		0.4		0.433999
4.68		0.466667		0.38236
4.68		0.533333		0.421391
4.68		0.6		0.370304
4.68		0.666667		0.472966
4.68		0.733333		0.528939
4.68		0.8		0.463981
4.68		0.866667		0.341169
4.68		0.933333		0.402147
4.7		0		0.431484
4.7		0.0666667		0.528857
4.7		0.133333		0.328502
4.7		0.2		0.4574
4.7		0.266667		0.527481
4.7		0.333333		0.396493
4.7		0.4		0.432834
4.7		0.466667		0.381789
4.7		0.533333		0.42036
4.7		0.6		0.371111
4.7		0.666667		0.471387
4.7		0.733333		0.527715
4.7		0.8		0.463387
4.7		0.866667		0.338731
4.7		0.933333		0.402035
4.72		0		0.431378
4.72		0.0666667		0.528584
4.72		0.133333		0.326496
4.72		0.2		0.456834
4.72		0.266667		0.528331
4.72		0.333333		0.397241
4.72		0.4		0.43171
4.72		0.466667		0.381236
4.72		0.533333		0.419372
4.72		0.6		0.371936
4.72		0.666667		0.469831
4.72		0.733333		0.526531
4.72		0.8		0.462808
4.72		0.866667		0.336364
4.72		0.933333		0.401925
4.74		0		0.431273
4.74		0.0666667		0.528317
4.74		0.133333		0.32456
4.74		0.2		0.456277
4.74		0.266667		0.529198
4.74		0.333333		0.398
4.74		0.4		0.430624
4.74		0.466667		0.380701
4.74		0.533333		0.418423
4.74		0.6		0.372777
4.74		0.666667		0.468298
4.74		0.733333		0.525385
4.74		0.8		0.462243
4.74		0.866667		0.334068
4.74		0.933333		0.401818
4.76		0		0.431171
4.76		0.0666667		0.528056
4.76		0.133333		0.322693
4.76		0.2		0.455729
4.76		0.266667		0.530081
4.76		0.333333		0.398769
4.76		0.4		0.429575
4.76		0.466667		0.380184
4.76		0.533333		0.417512
4.76		0.6		0.373636
4.76		0.666667		0.466786
4.76		0.733333		0.524277
4.76		0.8		0.46169
4.76		0.866667		0.33184
4.76		0.933333		0.401713
4.78		0		0.43107
4.78		0.0666667		0.527801
4.78		0.133333		0.320897
4.78		0.2		0.455188
4.78		0.266667		0.530979
4.78		0.333333		0.399548
4.78		0.4		0.428563
4.78		0.466667		0.379684
4.78		0.533333		0.416638
4.78		0.6		0.373683
4.78		0.666667		0.465296
4.78		0.733333		0.523207
4.78		0.8		0.46115
4.78		0.866667		0.329678
4.78		0.933333		0.40161
4.8		0		0.430971
4.8		0.0666667		0.527551
4.8		0.133333		0.319171
4.8		0.2		0.454656
4.8		0.266667		0.531891
4.8		0.333333		0.400337
4.8		0.4		0.427586
4.8		0.466667		0.3792
4.8		0.533333		0.415801
4.8		0.6		0.372922
4.8		0.666667		0.463826
4.8		0.733333		0.522172
4.8		0.8		0.460623
4.8		0.866667		0.32758
4.8		0.933333		0.401509
4.82		0		0.430874
4.82		0.0666667		0.527307
4.82		0.133333		0.317516
4.82		0.2		0.454132
4.82		0.266667		0.532817
4.82		0.333333		0.401136
4.82		0.4		0.426643
4.82		0.466667		0.378733
4.82		0.533333		0.414997
4.82		0.6		0.372195
4.82		0.666667		0.462377
4.82		0.733333		0.521173
4.82		0.8		0.460107
4.82		0.866667		0.325545
4.82		0.933333		0.40141
4.84		0		0.430778
4.84		0.0666667		0.527068
4.84		0.133333		0.315932
4.84		0.2		0.453615
4.84		0.266667		0.533757
4.84		0.333333		0.401945
4.84		0.4		0.425733
4.84		0.466667		0.378282
4.84		0.533333		0.414227
4.84		0.6		0.3715
4.84		0.666667		0.460949
4.84		0.733333		0.520207
4.84		0.8		0.459603
4.84		0.866667		0.323571
4.84		0.933333		0.401313
4.86		0		0.430684
4.86		0.0666667		0.526835
4.86		0.133333		0.31442
4.86		0.2		0.453106
4.86		0.266667		0.53471
4.86		0.333333		0.402762
4.86		0.4		0.424855
4.86		0.466667		0.377846
4.86		0.533333		0.413488
4.86		0.6		0.370836
4.86		0.666667		0.459539
4.86		0.733333		0.519275
4.86		0.8		0.45911
4.86		0.866667		0.321657
4.86		0.933333		0.401218
4.88		0		0.430591
4.88		0.0666667		0.526606
4.88		0.133333		0.31298
4.88		0.2		0.452605
4.88		0.266667		0.535675
4.88		0.333333		0.40359
4.88		0.4		0.424009
4.88		0.466667		0.377425
4.88		0.533333		0.412781
4.88		0.6		0.370202
4.88		0.666667		0.458149
4.88		0.733333		0.518376
4.88		0.8		0.458628
4.88		0.866667		0.319801
4.88		0.933333		0.401125
4.9		0		0.4305
4.9		0.0666667		0.526382
4.9		0.133333		0.311612
4.9		0.2		0.45211
4.9		0.266667		0.536652
4.9		0.333333		0.404426
4.9		0.4		0.423193
4.9		0.466667		0.37702
4.9		0.533333		0.412104
4.9		0.6		0.369598
4.9		0.666667		0.456778
4.9		0.733333		0.517508
4.9		0.8		0.458156
4.9		0.866667		0.318002
4.9		0.933333		0.401033
4.92		0		0.43041
4.92		0.0666667		0.526163
4.92		0.133333		0.310316
4.92		0.2		0.451623
4.92		0.266667		0.53764
4.92		0.333333		0.405271
4.92		0.4		0.422407
4.92		0.466667		0.376628
4.92		0.533333		0.411455
4.92		0.6		0.369023
4.92		0.666667		0.455425
4.92		0.733333		0.516627
4.92		0.8		0.457695
4.92		0.866667		0.316257
4.92		0.933333		0.400944
4.94		0		0.430322
4.94		0.0666667		0.525949
4.94		0.133333		0.309091
4.94		0.2		0.451142
4.94		0.266667		0.53864
4.94		0.333333		0.406125
4.94		0.4		0.42165
4.94		0.466667		0.376251
4.94		0.533333		0.410835
4.94		0.6		0.368476
4.94		0.666667		0.454091
4.94		0.733333		0.51557
4.94		0.8		0.457243
4.94		0.866667		0.314567
4.94		0.933333		0.400856
4.96		0		0.430236
4.96		0.0666667		0.525739
4.96		0.133333		0.307939
4.96		0.2		0.450668
4.96		0.266667		0.539651
4.96		0.333333		0.406987
4.96		0.4		0.420922
4.96		0.466667		0.375277
4.96		0.533333		0.410241
4.96		0.6		0.367956
4.96		0.666667		0.452774
4.96		0.733333		0.514541
4.96		0.8		0.456801
4.96		0.866667		0.312929
4.96		0.933333		0.40077
4.98		0		0.43015
4.98		0.0666667		0.525533
4.98		0.133333		0.306859
4.98		0.2		0.450201
4.98		0.266667		0.540672
4.98		0.333333		0.407859
4.98		0.4		0.420221
4.98		0.466667		0.373909
4.98		0.533333		0.409674
4.98		0.6		0.367463
4.98		0.666667		0.451474
4.98		0.733333		0.513537
4.98		0.8		0.456368
4.98		0.866667		0.311343
4.98		0.933333		0.400686
5		0		0.430066
5		0.0666667		0.525331
5		0.133333		0.305849
5		0.2		0.449741
5		0.266667		0.541703
5		0.333333		0.408738
5		0.4		0.419548
5		0.466667		0.37256
5		0.533333		0.409132
5		0.6		0.366996
5		0.666667		0.450191
5		0.733333		0.512559
5		0.8		0.455944
5		0.866667		0.309807
5		0.933333		0.400603
