0.02		0		0.483297
0.02		0.0666667		0.551581
0.02		0.133333		0.0378477
0.02		0.2		0.212953
0.02		0.266667		0.408447
0.02		0.333333		0.0185645
0.02		0.4		0.18805
0.02		0.466667		0.0317273
0.02		0.533333		0.0370152
0.02		0.6		0.183839
0.02		0.666667		0.0185645
0.02		0.733333		0.428143
0.02		0.8		0.307857
0.02		0.866667		0.00684025
0.02		0.933333		0.610715
0.04		0		0.486387
0.04		0.0666667		0.540215
0.04		0.133333		0.0519795
0.04		0.2		0.212784
0.04		0.266667		0.418974
0.04		0.333333		0.0415362
0.04		0.4		0.394922
0.04		0.466667		0.0713047
0.04		0.533333		0.0831888
0.04		0.6		0.358689
0.04		0.666667		0.0415362
0.04		0.733333		0.438261
0.04		0.8		0.321299
0.04		0.866667		0.014607
0.04		0.933333		0.597906
0.06		0		0.490439
0.06		0.0666667		0.532406
0.06		0.133333		0.0686314
0.06		0.2		0.216917
0.06		0.266667		0.434355
0.06		0.333333		0.0703779
0.06		0.4		0.465556
0.06		0.466667		0.122759
0.06		0.533333		0.143219
0.06		0.6		0.546917
0.06		0.666667		0.0703778
0.06		0.733333		0.452446
0.06		0.8		0.340441
0.06		0.866667		0.0235284
0.06		0.933333		0.588371
0.08		0		0.495499
0.08		0.0666667		0.528512
0.08		0.133333		0.088402
0.08		0.2		0.22609
0.08		0.266667		0.45805
0.08		0.333333		0.107243
0.08		0.4		0.519147
0.08		0.466667		0.19366
0.08		0.533333		0.225938
0.08		0.6		0.552982
0.08		0.666667		0.107242
0.08		0.733333		0.474302
0.08		0.8		0.366291
0.08		0.866667		0.0339038
0.08		0.933333		0.582353
0.1		0		0.501621
0.1		0.0666667		0.52308
0.1		0.133333		0.112098
0.1		0.2		0.241903
0.1		0.266667		0.499866
0.1		0.333333		0.155425
0.1		0.4		0.588375
0.1		0.466667		0.300459
0.1		0.533333		0.350541
0.1		0.6		0.499076
0.1		0.666667		0.155424
0.1		0.733333		0.513763
0.1		0.8		0.37107
0.1		0.866667		0.0461345
0.1		0.933333		0.574385
0.12		0		0.508867
0.12		0.0666667		0.496617
0.12		0.133333		0.140832
0.12		0.2		0.267584
0.12		0.266667		0.600265
0.12		0.333333		0.220211
0.12		0.4		0.5407
0.12		0.466667		0.318148
0.12		0.533333		0.371155
0.12		0.6		0.457997
0.12		0.666667		0.220206
0.12		0.733333		0.6114
0.12		0.8		0.382581
0.12		0.866667		0.0607709
0.12		0.933333		0.544477
0.14		0		0.516876
0.14		0.0666667		0.470842
0.14		0.133333		0.176178
0.14		0.2		0.310028
0.14		0.266667		0.512587
0.14		0.333333		0.232857
0.14		0.4		0.444313
0.14		0.466667		0.241125
0.14		0.533333		0.281282
0.14		0.6		0.421571
0.14		0.666667		0.232866
0.14		0.733333		0.520645
0.14		0.8		0.413566
0.14		0.866667		0.0785891
0.14		0.933333		0.513773
0.16		0		0.519716
0.16		0.0666667		0.446053
0.16		0.133333		0.220437
0.16		0.2		0.338258
0.16		0.266667		0.584132
0.16		0.333333		0.234564
0.16		0.4		0.3632
0.16		0.466667		0.200809
0.16		0.533333		0.234228
0.16		0.6		0.380955
0.16		0.666667		0.234575
0.16		0.733333		0.561833
0.16		0.8		0.424388
0.16		0.866667		0.10072
0.16		0.933333		0.480503
0.18		0		0.52412
0.18		0.0666667		0.422526
0.18		0.133333		0.277098
0.18		0.2		0.326765
0.18		0.266667		0.43569
0.18		0.333333		0.196213
0.18		0.4		0.251062
0.18		0.466667		0.28068
0.18		0.533333		0.327493
0.18		0.6		0.301898
0.18		0.666667		0.196225
0.18		0.733333		0.385593
0.18		0.8		0.4058
0.18		0.866667		0.128874
0.18		0.933333		0.428804
0.2		0		0.530271
0.2		0.0666667		0.409874
0.2		0.133333		0.332498
0.2		0.2		0.275146
0.2		0.266667		0.27008
0.2		0.333333		0.13243
0.2		0.4		0.321589
0.2		0.466667		0.42415
0.2		0.533333		0.494932
0.2		0.6		0.402651
0.2		0.666667		0.132444
0.2		0.733333		0.263507
0.2		0.8		0.330213
0.2		0.866667		0.165776
0.2		0.933333		0.404803
0.22		0		0.452108
0.22		0.0666667		0.421196
0.22		0.133333		0.295186
0.22		0.2		0.18787
0.22		0.266667		0.475955
0.22		0.333333		0.168278
0.22		0.4		0.383486
0.22		0.466667		0.51359
0.22		0.533333		0.59879
0.22		0.6		0.495949
0.22		0.666667		0.168251
0.22		0.733333		0.460298
0.22		0.8		0.221017
0.22		0.866667		0.128588
0.22		0.933333		0.414883
0.24		0		0.540712
0.24		0.0666667		0.359068
0.24		0.133333		0.263026
0.24		0.2		0.135967
0.24		0.266667		0.454311
0.24		0.333333		0.154525
0.24		0.4		0.30423
0.24		0.466667		0.361193
0.24		0.533333		0.42092
0.24		0.6		0.386208
0.24		0.666667		0.154035
0.24		0.733333		0.417965
0.24		0.8		0.13262
0.24		0.866667		0.0964397
0.24		0.933333		0.409637
0.26		0		0.36262
0.26		0.0666667		0.31608
0.26		0.133333		0.236181
0.26		0.2		0.16862
0.26		0.266667		0.405146
0.26		0.333333		0.113974
0.26		0.4		0.37842
0.26		0.466667		0.263985
0.26		0.533333		0.30721
0.26		0.6		0.398399
0.26		0.666667		0.0875869
0.26		0.733333		0.288299
0.26		0.8		0.377408
0.26		0.866667		0.0696123
0.26		0.933333		0.395802
0.28		0		0.443324
0.28		0.0666667		0.364838
0.28		0.133333		0.213575
0.28		0.2		0.217114
0.28		0.266667		0.287342
0.28		0.333333		0.306358
0.28		0.4		0.301587
0.28		0.466667		0.196077
0.28		0.533333		0.226929
0.28		0.6		0.328086
0.28		0.666667		0.266524
0.28		0.733333		0.244816
0.28		0.8		0.325076
0.28		0.866667		0.0470347
0.28		0.933333		0.353423
0.3		0		0.592418
0.3		0.0666667		0.433904
0.3		0.133333		0.194412
0.3		0.2		0.194775
0.3		0.266667		0.371644
0.3		0.333333		0.315804
0.3		0.4		0.377469
0.3		0.466667		0.143132
0.3		0.533333		0.137588
0.3		0.6		0.404393
0.3		0.666667		0.163196
0.3		0.733333		0.290841
0.3		0.8		0.260246
0.3		0.866667		0.0279289
0.3		0.933333		0.33346
0.32		0		0.504701
0.32		0.0666667		0.511795
0.32		0.133333		0.307895
0.32		0.2		0.215233
0.32		0.266667		0.202692
0.32		0.333333		0.197422
0.32		0.4		0.329328
0.32		0.466667		0.316614
0.32		0.533333		0.200102
0.32		0.6		0.320042
0.32		0.666667		0.281134
0.32		0.733333		0.163604
0.32		0.8		0.166578
0.32		0.866667		0.144136
0.32		0.933333		0.412733
0.34		0		0.399894
0.34		0.0666667		0.514495
0.34		0.133333		0.187837
0.34		0.2		0.276235
0.34		0.266667		0.1212
0.34		0.333333		0.274855
0.34		0.4		0.422932
0.34		0.466667		0.2483
0.34		0.533333		0.288424
0.34		0.6		0.282642
0.34		0.666667		0.264632
0.34		0.733333		0.190118
0.34		0.8		0.329723
0.34		0.866667		0.0324404
0.34		0.933333		0.493361
0.36		0		0.361727
0.36		0.0666667		0.589345
0.36		0.133333		0.346775
0.36		0.2		0.253536
0.36		0.266667		0.160727
0.36		0.333333		0.134033
0.36		0.4		0.349234
0.36		0.466667		0.44219
0.36		0.533333		0.515292
0.36		0.6		0.291026
0.36		0.666667		0.169425
0.36		0.733333		0.191264
0.36		0.8		0.189803
0.36		0.866667		0.217472
0.36		0.933333		0.582998
0.38		0		0.349255
0.38		0.0666667		0.515025
0.38		0.133333		0.333466
0.38		0.2		0.26771
0.38		0.266667		0.311965
0.38		0.333333		0.143232
0.38		0.4		0.579406
0.38		0.466667		0.31228
0.38		0.533333		0.359706
0.38		0.6		0.534194
0.38		0.666667		0.196452
0.38		0.733333		0.26131
0.38		0.8		0.198825
0.38		0.866667		0.101276
0.38		0.933333		0.54961
0.4		0		0.356515
0.4		0.0666667		0.441756
0.4		0.133333		0.163449
0.4		0.2		0.348517
0.4		0.266667		0.182496
0.4		0.333333		0.331499
0.4		0.4		0.440126
0.4		0.466667		0.202111
0.4		0.533333		0.234293
0.4		0.6		0.44557
0.4		0.666667		0.23014
0.4		0.733333		0.252501
0.4		0.8		0.283428
0.4		0.866667		0.119332
0.4		0.933333		0.460387
0.42		0		0.388946
0.42		0.0666667		0.631673
0.42		0.133333		0.22505
0.42		0.2		0.221075
0.42		0.266667		0.203539
0.42		0.333333		0.164069
0.42		0.4		0.582263
0.42		0.466667		0.4077
0.42		0.533333		0.47079
0.42		0.6		0.601012
0.42		0.666667		0.270501
0.42		0.733333		0.192359
0.42		0.8		0.202833
0.42		0.866667		0.136218
0.42		0.933333		0.551988
0.44		0		0.424417
0.44		0.0666667		0.485828
0.44		0.133333		0.275393
0.44		0.2		0.308995
0.44		0.266667		0.219228
0.44		0.333333		0.135862
0.44		0.4		0.46946
0.44		0.466667		0.382363
0.44		0.533333		0.441826
0.44		0.6		0.524079
0.44		0.666667		0.217342
0.44		0.733333		0.26136
0.44		0.8		0.307429
0.44		0.866667		0.204321
0.44		0.933333		0.581669
0.46		0		0.456273
0.46		0.0666667		0.40996
0.46		0.133333		0.273128
0.46		0.2		0.276956
0.46		0.266667		0.359967
0.46		0.333333		0.304946
0.46		0.4		0.37549
0.46		0.466667		0.349589
0.46		0.533333		0.397642
0.46		0.6		0.429486
0.46		0.666667		0.346017
0.46		0.733333		0.303581
0.46		0.8		0.36443
0.46		0.866667		0.245966
0.46		0.933333		0.488515
0.48		0		0.478048
0.48		0.0666667		0.37147
0.48		0.133333		0.28127
0.48		0.2		0.223793
0.48		0.266667		0.199561
0.48		0.333333		0.209034
0.48		0.4		0.437869
0.48		0.466667		0.302686
0.48		0.533333		0.339204
0.48		0.6		0.407249
0.48		0.666667		0.236252
0.48		0.733333		0.20873
0.48		0.8		0.349497
0.48		0.866667		0.265236
0.48		0.933333		0.433612
0.5		0		0.485598
0.5		0.0666667		0.359785
0.5		0.133333		0.284727
0.5		0.2		0.210178
0.5		0.266667		0.174628
0.5		0.333333		0.169674
0.5		0.4		0.458608
0.5		0.466667		0.247183
0.5		0.533333		0.317535
0.5		0.6		0.382238
0.5		0.666667		0.190168
0.5		0.733333		0.194577
0.5		0.8		0.353604
0.5		0.866667		0.262099
0.5		0.933333		0.410136
0.52		0		0.478614
0.52		0.0666667		0.370656
0.52		0.133333		0.28155
0.52		0.2		0.222459
0.52		0.266667		0.197573
0.52		0.333333		0.205502
0.52		0.4		0.44403
0.52		0.466667		0.284989
0.52		0.533333		0.349007
0.52		0.6		0.407404
0.52		0.666667		0.239935
0.52		0.733333		0.230022
0.52		0.8		0.362357
0.52		0.866667		0.243217
0.52		0.933333		0.413394
0.54		0		0.460268
0.54		0.0666667		0.402494
0.54		0.133333		0.274386
0.54		0.2		0.264624
0.54		0.266667		0.315816
0.54		0.333333		0.32129
0.54		0.4		0.388786
0.54		0.466667		0.323602
0.54		0.533333		0.397044
0.54		0.6		0.426097
0.54		0.666667		0.3595
0.54		0.733333		0.27628
0.54		0.8		0.38275
0.54		0.866667		0.207185
0.54		0.933333		0.440733
0.56		0		0.435379
0.56		0.0666667		0.456451
0.56		0.133333		0.27122
0.56		0.2		0.357452
0.56		0.266667		0.249681
0.56		0.333333		0.19419
0.56		0.4		0.417454
0.56		0.466667		0.355509
0.56		0.533333		0.431049
0.56		0.6		0.482853
0.56		0.666667		0.235538
0.56		0.733333		0.255267
0.56		0.8		0.249614
0.56		0.866667		0.159056
0.56		0.933333		0.494615
0.58		0		0.408543
0.58		0.0666667		0.540738
0.58		0.133333		0.29819
0.58		0.2		0.260403
0.58		0.266667		0.183997
0.58		0.333333		0.119137
0.58		0.4		0.594406
0.58		0.466667		0.386236
0.58		0.533333		0.443295
0.58		0.6		0.618151
0.58		0.666667		0.196552
0.58		0.733333		0.250215
0.58		0.8		0.218112
0.58		0.866667		0.124891
0.58		0.933333		0.590089
0.6		0		0.383157
0.6		0.0666667		0.619315
0.6		0.133333		0.178034
0.6		0.2		0.249948
0.6		0.266667		0.236933
0.6		0.333333		0.184516
0.6		0.4		0.521439
0.6		0.466667		0.32938
0.6		0.533333		0.453127
0.6		0.6		0.564519
0.6		0.666667		0.243178
0.6		0.733333		0.251635
0.6		0.8		0.356286
0.6		0.866667		0.163575
0.6		0.933333		0.568387
0.62		0		0.361288
0.62		0.0666667		0.469687
0.62		0.133333		0.106873
0.62		0.2		0.379082
0.62		0.266667		0.156055
0.62		0.333333		0.301087
0.62		0.4		0.433451
0.62		0.466667		0.187338
0.62		0.533333		0.270414
0.62		0.6		0.437463
0.62		0.666667		0.173914
0.62		0.733333		0.206652
0.62		0.8		0.278311
0.62		0.866667		0.211184
0.62		0.933333		0.486193
0.64		0		0.343958
0.64		0.0666667		0.455014
0.64		0.133333		0.176196
0.64		0.2		0.348934
0.64		0.266667		0.337074
0.64		0.333333		0.233013
0.64		0.4		0.375777
0.64		0.466667		0.271971
0.64		0.533333		0.248779
0.64		0.6		0.355548
0.64		0.666667		0.152535
0.64		0.733333		0.253356
0.64		0.8		0.23189
0.64		0.866667		0.225578
0.64		0.933333		0.510774
0.66		0		0.35048
0.66		0.0666667		0.497763
0.66		0.133333		0.362583
0.66		0.2		0.239679
0.66		0.266667		0.320372
0.66		0.333333		0.144293
0.66		0.4		0.662441
0.66		0.466667		0.278489
0.66		0.533333		0.336482
0.66		0.6		0.581215
0.66		0.666667		0.25892
0.66		0.733333		0.248783
0.66		0.8		0.171944
0.66		0.866667		0.151224
0.66		0.933333		0.530441
0.68		0		0.363563
0.68		0.0666667		0.532165
0.68		0.133333		0.329492
0.68		0.2		0.266196
0.68		0.266667		0.359282
0.68		0.333333		0.117201
0.68		0.4		0.36062
0.68		0.466667		0.412493
0.68		0.533333		0.42333
0.68		0.6		0.309724
0.68		0.666667		0.202456
0.68		0.733333		0.436752
0.68		0.8		0.212736
0.68		0.866667		0.0661523
0.68		0.933333		0.485187
0.7		0		0.351744
0.7		0.0666667		0.563825
0.7		0.133333		0.310516
0.7		0.2		0.235974
0.7		0.266667		0.0929237
0.7		0.333333		0.154506
0.7		0.4		0.280964
0.7		0.466667		0.435084
0.7		0.533333		0.497547
0.7		0.6		0.291086
0.7		0.666667		0.148307
0.7		0.733333		0.119192
0.7		0.8		0.271654
0.7		0.866667		0.0215262
0.7		0.933333		0.439094
0.72		0		0.376241
0.72		0.0666667		0.524271
0.72		0.133333		0.22552
0.72		0.2		0.313287
0.72		0.266667		0.173828
0.72		0.333333		0.34614
0.72		0.4		0.365623
0.72		0.466667		0.288836
0.72		0.533333		0.361109
0.72		0.6		0.293541
0.72		0.666667		0.272971
0.72		0.733333		0.211653
0.72		0.8		0.339351
0.72		0.866667		0.0742546
0.72		0.933333		0.416652
0.74		0		0.408161
0.74		0.0666667		0.514001
0.74		0.133333		0.157525
0.74		0.2		0.259696
0.74		0.266667		0.164303
0.74		0.333333		0.196093
0.74		0.4		0.379967
0.74		0.466667		0.222573
0.74		0.533333		0.253073
0.74		0.6		0.209468
0.74		0.666667		0.175931
0.74		0.733333		0.299995
0.74		0.8		0.211638
0.74		0.866667		0.144233
0.74		0.933333		0.382107
0.76		0		0.448996
0.76		0.0666667		0.51512
0.76		0.133333		0.197327
0.76		0.2		0.228428
0.76		0.266667		0.370636
0.76		0.333333		0.00750619
0.76		0.4		0.351381
0.76		0.466667		0.23525
0.76		0.533333		0.203924
0.76		0.6		0.251206
0.76		0.666667		0.0390352
0.76		0.733333		0.382889
0.76		0.8		0.148695
0.76		0.866667		0.0419234
0.76		0.933333		0.350098
0.78		0		0.501042
0.78		0.0666667		0.513024
0.78		0.133333		0.296822
0.78		0.2		0.218899
0.78		0.266667		0.206957
0.78		0.333333		0.186414
0.78		0.4		0.33018
0.78		0.466667		0.307695
0.78		0.533333		0.174076
0.78		0.6		0.293898
0.78		0.666667		0.284276
0.78		0.733333		0.130654
0.78		0.8		0.175215
0.78		0.866667		0.0120977
0.78		0.933333		0.344668
0.8		0		0.567902
0.8		0.0666667		0.475823
0.8		0.133333		0.253065
0.8		0.2		0.221118
0.8		0.266667		0.122333
0.8		0.333333		0.383941
0.8		0.4		0.313887
0.8		0.466667		0.213234
0.8		0.533333		0.136125
0.8		0.6		0.358768
0.8		0.666667		0.375395
0.8		0.733333		0.238492
0.8		0.8		0.215388
0.8		0.866667		0.018269
0.8		0.933333		0.335043
0.82		0		0.604079
0.82		0.0666667		0.446312
0.82		0.133333		0.189521
0.82		0.2		0.225203
0.82		0.266667		0.234288
0.82		0.333333		0.279842
0.82		0.4		0.336008
0.82		0.466667		0.144523
0.82		0.533333		0.0413776
0.82		0.6		0.36484
0.82		0.666667		0.152343
0.82		0.733333		0.207746
0.82		0.8		0.2549
0.82		0.866667		0.0245479
0.82		0.933333		0.320612
0.84		0		0.567562
0.84		0.0666667		0.427441
0.84		0.133333		0.19562
0.84		0.2		0.186044
0.84		0.266667		0.437748
0.84		0.333333		0.244371
0.84		0.4		0.2769
0.84		0.466667		0.139555
0.84		0.533333		0.0935645
0.84		0.6		0.320073
0.84		0.666667		0.202583
0.84		0.733333		0.337073
0.84		0.8		0.293776
0.84		0.866667		0.0309098
0.84		0.933333		0.315699
0.86		0		0.510784
0.86		0.0666667		0.404206
0.86		0.133333		0.202116
0.86		0.2		0.216569
0.86		0.266667		0.426953
0.86		0.333333		0.0736424
0.86		0.4		0.273081
0.86		0.466667		0.163228
0.86		0.533333		0.154771
0.86		0.6		0.291549
0.86		0.666667		0.0565177
0.86		0.733333		0.258848
0.86		0.8		0.316581
0.86		0.866667		0.0373413
0.86		0.933333		0.320761
0.88		0		0.467441
0.88		0.0666667		0.378602
0.88		0.133333		0.208635
0.88		0.2		0.290897
0.88		0.266667		0.223622
0.88		0.333333		0.303771
0.88		0.4		0.239653
0.88		0.466667		0.182003
0.88		0.533333		0.188965
0.88		0.6		0.274635
0.88		0.666667		0.232368
0.88		0.733333		0.200089
0.88		0.8		0.245331
0.88		0.866667		0.0438332
0.88		0.933333		0.326259
0.9		0		0.43092
0.9		0.0666667		0.356497
0.9		0.133333		0.215184
0.9		0.2		0.201428
0.9		0.266667		0.379259
0.9		0.333333		0.326305
0.9		0.4		0.558657
0.9		0.466667		0.200701
0.9		0.533333		0.217116
0.9		0.6		0.477232
0.9		0.666667		0.338999
0.9		0.733333		0.271218
0.9		0.8		0.388967
0.9		0.866667		0.0503783
0.9		0.933333		0.331346
0.92		0		0.399491
0.92		0.0666667		0.337326
0.92		0.133333		0.221763
0.92		0.2		0.159417
0.92		0.266667		0.383855
0.92		0.333333		0.190484
0.92		0.4		0.502745
0.92		0.466667		0.220006
0.92		0.533333		0.243563
0.92		0.6		0.497766
0.92		0.666667		0.2385
0.92		0.733333		0.410543
0.92		0.8		0.350498
0.92		0.866667		0.0569702
0.92		0.933333		0.33578
0.94		0		0.371986
0.94		0.0666667		0.32062
0.94		0.133333		0.228373
0.94		0.2		0.251483
0.94		0.266667		0.444891
0.94		0.333333		0.157651
0.94		0.4		0.361698
0.94		0.466667		0.240163
0.94		0.533333		0.269798
0.94		0.6		0.435939
0.94		0.666667		0.0902711
0.94		0.733333		0.287452
0.94		0.8		0.327321
0.94		0.866667		0.063604
0.94		0.933333		0.339903
0.96		0		0.360476
0.96		0.0666667		0.315797
0.96		0.133333		0.235012
0.96		0.2		0.197148
0.96		0.266667		0.403186
0.96		0.333333		0.116751
0.96		0.4		0.45803
0.96		0.466667		0.261321
0.96		0.533333		0.296513
0.96		0.6		0.420035
0.96		0.666667		0.145471
0.96		0.733333		0.212132
0.96		0.8		0.295171
0.96		0.866667		0.0702751
0.96		0.933333		0.34344
0.98		0		0.391183
0.98		0.0666667		0.325476
0.98		0.133333		0.241677
0.98		0.2		0.156026
0.98		0.266667		0.355108
0.98		0.333333		0.148455
0.98		0.4		0.30085
0.98		0.466667		0.283604
0.98		0.533333		0.32411
0.98		0.6		0.321702
0.98		0.666667		0.119087
0.98		0.733333		0.362851
0.98		0.8		0.170248
0.98		0.866667		0.0769797
0.98		0.933333		0.346409
1		0		0.428197
1		0.0666667		0.33589
1		0.133333		0.248368
1		0.2		0.223278
1		0.266667		0.493379
1		0.333333		0.0423388
1		0.4		0.222691
1		0.466667		0.307133
1		0.533333		0.352875
1		0.6		0.280806
1		0.666667		0.0806773
1		0.733333		0.503459
1		0.8		0.097638
1		0.866667		0.0837144
1		0.933333		0.348835
1.02		0		0.474406
1.02		0.0666667		0.346971
1.02		0.133333		0.255081
1.02		0.2		0.167289
1.02		0.266667		0.550957
1.02		0.333333		0.0477703
1.02		0.4		0.228799
1.02		0.466667		0.332041
1.02		0.533333		0.383045
1.02		0.6		0.285154
1.02		0.666667		0.0681184
1.02		0.733333		0.482829
1.02		0.8		0.166342
1.02		0.866667		0.0904762
1.02		0.933333		0.350728
1.04		0		0.534972
1.04		0.0666667		0.358659
1.04		0.133333		0.261815
1.04		0.2		0.131114
1.04		0.266667		0.464365
1.04		0.333333		0.060391
1.04		0.4		0.298166
1.04		0.466667		0.358478
1.04		0.533333		0.414845
1.04		0.6		0.362677
1.04		0.666667		0.121871
1.04		0.733333		0.269818
1.04		0.8		0.276592
1.04		0.866667		0.0972626
1.04		0.933333		0.352078
1.06		0		0.534036
1.06		0.0666667		0.370901
1.06		0.133333		0.268567
1.06		0.2		0.150519
1.06		0.266667		0.350822
1.06		0.333333		0.197266
1.06		0.4		0.396692
1.06		0.466667		0.386615
1.06		0.533333		0.448505
1.06		0.6		0.465457
1.06		0.666667		0.150927
1.06		0.733333		0.353857
1.06		0.8		0.312905
1.06		0.866667		0.104071
1.06		0.933333		0.352855
1.08		0		0.49779
1.08		0.0666667		0.38365
1.08		0.133333		0.275337
1.08		0.2		0.225221
1.08		0.266667		0.40148
1.08		0.333333		0.250847
1.08		0.4		0.403235
1.08		0.466667		0.416655
1.08		0.533333		0.48428
1.08		0.6		0.530137
1.08		0.666667		0.184634
1.08		0.733333		0.557316
1.08		0.8		0.329351
1.08		0.866667		0.1109
1.08		0.933333		0.353003
1.1		0		0.474619
1.1		0.0666667		0.396865
1.1		0.133333		0.282123
1.1		0.2		0.202159
1.1		0.266667		0.52193
1.1		0.333333		0.202487
1.1		0.4		0.441279
1.1		0.466667		0.448837
1.1		0.533333		0.522454
1.1		0.6		0.570089
1.1		0.666667		0.223986
1.1		0.733333		0.470304
1.1		0.8		0.288198
1.1		0.866667		0.117747
1.1		0.933333		0.352434
1.12		0		0.459817
1.12		0.0666667		0.410508
1.12		0.133333		0.288923
1.12		0.2		0.188515
1.12		0.266667		0.497451
1.12		0.333333		0.204574
1.12		0.4		0.437519
1.12		0.466667		0.483447
1.12		0.533333		0.56336
1.12		0.6		0.60792
1.12		0.666667		0.149993
1.12		0.733333		0.44123
1.12		0.8		0.275486
1.12		0.866667		0.12461
1.12		0.933333		0.351021
1.14		0		0.450706
1.14		0.0666667		0.424545
1.14		0.133333		0.295736
1.14		0.2		0.18662
1.14		0.266667		0.481216
1.14		0.333333		0.0619459
1.14		0.4		0.369231
1.14		0.466667		0.520831
1.14		0.533333		0.600105
1.14		0.6		0.541742
1.14		0.666667		0.0680267
1.14		0.733333		0.492489
1.14		0.8		0.261671
1.14		0.866667		0.131489
1.14		0.933333		0.348587
1.16		0		0.462956
1.16		0.0666667		0.438948
1.16		0.133333		0.302561
1.16		0.2		0.165448
1.16		0.266667		0.464882
1.16		0.333333		0.293871
1.16		0.4		0.313547
1.16		0.466667		0.55444
1.16		0.533333		0.622736
1.16		0.6		0.407516
1.16		0.666667		0.213361
1.16		0.733333		0.497307
1.16		0.8		0.237133
1.16		0.866667		0.138381
1.16		0.933333		0.344881
1.18		0		0.478627
1.18		0.0666667		0.441219
1.18		0.133333		0.309396
1.18		0.2		0.187995
1.18		0.266667		0.475626
1.18		0.333333		0.146618
1.18		0.4		0.339575
1.18		0.466667		0.538588
1.18		0.533333		0.618069
1.18		0.6		0.335741
1.18		0.666667		0.21605
1.18		0.733333		0.451622
1.18		0.8		0.251447
1.18		0.866667		0.145286
1.18		0.933333		0.339557
1.2		0		0.49435
1.2		0.0666667		0.42949
1.2		0.133333		0.316241
1.2		0.2		0.213243
1.2		0.266667		0.507156
1.2		0.333333		0.113044
1.2		0.4		0.386153
1.2		0.466667		0.500948
1.2		0.533333		0.574587
1.2		0.6		0.35077
1.2		0.666667		0.0807653
1.2		0.733333		0.366723
1.2		0.8		0.277001
1.2		0.866667		0.152202
1.2		0.933333		0.33215
1.22		0		0.510116
1.22		0.0666667		0.419711
1.22		0.133333		0.323094
1.22		0.2		0.238822
1.22		0.266667		0.474028
1.22		0.333333		0.120716
1.22		0.4		0.39639
1.22		0.466667		0.467209
1.22		0.533333		0.535607
1.22		0.6		0.375933
1.22		0.666667		0.0726376
1.22		0.733333		0.294691
1.22		0.8		0.302814
1.22		0.866667		0.159129
1.22		0.933333		0.322101
1.24		0		0.525919
1.24		0.0666667		0.411478
1.24		0.133333		0.329956
1.24		0.2		0.264675
1.24		0.266667		0.269772
1.24		0.333333		0.128454
1.24		0.4		0.339493
1.24		0.466667		0.436799
1.24		0.533333		0.500471
1.24		0.6		0.361768
1.24		0.666667		0.0777845
1.24		0.733333		0.306627
1.24		0.8		0.328822
1.24		0.866667		0.166066
1.24		0.933333		0.309
1.26		0		0.5286
1.26		0.0666667		0.40993
1.26		0.133333		0.32932
1.26		0.2		0.290745
1.26		0.266667		0.352272
1.26		0.333333		0.136251
1.26		0.4		0.30266
1.26		0.466667		0.409252
1.26		0.533333		0.468638
1.26		0.6		0.289406
1.26		0.666667		0.0830751
1.26		0.733333		0.264356
1.26		0.8		0.35497
1.26		0.866667		0.160555
1.26		0.933333		0.293756
1.28		0		0.527519
1.28		0.0666667		0.410165
1.28		0.133333		0.323009
1.28		0.2		0.316979
1.28		0.266667		0.495491
1.28		0.333333		0.144104
1.28		0.4		0.275362
1.28		0.466667		0.384185
1.28		0.533333		0.439669
1.28		0.6		0.244803
1.28		0.666667		0.0884738
1.28		0.733333		0.318201
1.28		0.8		0.381204
1.28		0.866667		0.154351
1.28		0.933333		0.295165
1.3		0		0.526514
1.3		0.0666667		0.410469
1.3		0.133333		0.317164
1.3		0.2		0.343324
1.3		0.266667		0.515076
1.3		0.333333		0.152007
1.3		0.4		0.249584
1.3		0.466667		0.361279
1.3		0.533333		0.413194
1.3		0.6		0.228346
1.3		0.666667		0.0939546
1.3		0.733333		0.486448
1.3		0.8		0.407474
1.3		0.866667		0.148603
1.3		0.933333		0.300171
1.32		0		0.52558
1.32		0.0666667		0.411967
1.32		0.133333		0.310129
1.32		0.2		0.337771
1.32		0.266667		0.46034
1.32		0.333333		0.16082
1.32		0.4		0.235014
1.32		0.466667		0.340268
1.32		0.533333		0.388908
1.32		0.6		0.220226
1.32		0.666667		0.100319
1.32		0.733333		0.610326
1.32		0.8		0.425521
1.32		0.866667		0.143263
1.32		0.933333		0.302918
1.34		0		0.52471
1.34		0.0666667		0.415106
1.34		0.133333		0.299916
1.34		0.2		0.328937
1.34		0.266667		0.516805
1.34		0.333333		0.170996
1.34		0.4		0.244314
1.34		0.466667		0.320927
1.34		0.533333		0.366551
1.34		0.6		0.23373
1.34		0.666667		0.107983
1.34		0.733333		0.484182
1.34		0.8		0.416505
1.34		0.866667		0.138288
1.34		0.933333		0.324904
1.36		0		0.5239
1.36		0.0666667		0.418183
1.36		0.133333		0.290389
1.36		0.2		0.323133
1.36		0.266667		0.538934
1.36		0.333333		0.181226
1.36		0.4		0.246548
1.36		0.466667		0.303067
1.36		0.533333		0.345904
1.36		0.6		0.247003
1.36		0.666667		0.115694
1.36		0.733333		0.403878
1.36		0.8		0.410852
1.36		0.866667		0.133644
1.36		0.933333		0.344948
1.38		0		0.523144
1.38		0.0666667		0.421199
1.38		0.133333		0.281482
1.38		0.2		0.319527
1.38		0.266667		0.436199
1.38		0.333333		0.191506
1.38		0.4		0.248503
1.38		0.466667		0.286525
1.38		0.533333		0.32678
1.38		0.6		0.258469
1.38		0.666667		0.123444
1.38		0.733333		0.400255
1.38		0.8		0.407618
1.38		0.866667		0.129299
1.38		0.933333		0.36202
1.4		0		0.52244
1.4		0.0666667		0.424153
1.4		0.133333		0.273138
1.4		0.2		0.317564
1.4		0.266667		0.352818
1.4		0.333333		0.201835
1.4		0.4		0.250753
1.4		0.466667		0.271161
1.4		0.533333		0.309016
1.4		0.6		0.268366
1.4		0.666667		0.131226
1.4		0.733333		0.449338
1.4		0.8		0.406179
1.4		0.866667		0.125224
1.4		0.933333		0.376491
1.42		0		0.521783
1.42		0.0666667		0.427049
1.42		0.133333		0.265305
1.42		0.2		0.316863
1.42		0.266667		0.370557
1.42		0.333333		0.212211
1.42		0.4		0.253393
1.42		0.466667		0.256854
1.42		0.533333		0.292473
1.42		0.6		0.27714
1.42		0.666667		0.139035
1.42		0.733333		0.367844
1.42		0.8		0.406109
1.42		0.866667		0.121396
1.42		0.933333		0.388908
1.44		0		0.521169
1.44		0.0666667		0.429886
1.44		0.133333		0.257939
1.44		0.2		0.317152
1.44		0.266667		0.451891
1.44		0.333333		0.22263
1.44		0.4		0.258832
1.44		0.466667		0.2435
1.44		0.533333		0.277031
1.44		0.6		0.287647
1.44		0.666667		0.146865
1.44		0.733333		0.326153
1.44		0.8		0.407105
1.44		0.866667		0.117793
1.44		0.933333		0.399732
1.46		0		0.520596
1.46		0.0666667		0.432665
1.46		0.133333		0.250999
1.46		0.2		0.31823
1.46		0.266667		0.505213
1.46		0.333333		0.233093
1.46		0.4		0.276234
1.46		0.466667		0.231006
1.46		0.533333		0.262583
1.46		0.6		0.309615
1.46		0.666667		0.154713
1.46		0.733333		0.324127
1.46		0.8		0.408944
1.46		0.866667		0.114396
1.46		0.933333		0.409314
1.48		0		0.520061
1.48		0.0666667		0.435389
1.48		0.133333		0.244451
1.48		0.2		0.319948
1.48		0.266667		0.474916
1.48		0.333333		0.243595
1.48		0.4		0.293454
1.48		0.466667		0.219293
1.48		0.533333		0.249038
1.48		0.6		0.316081
1.48		0.666667		0.162576
1.48		0.733333		0.403071
1.48		0.8		0.411464
1.48		0.866667		0.111188
1.48		0.933333		0.41791
1.5		0		0.519561
1.5		0.0666667		0.438057
1.5		0.133333		0.238263
1.5		0.2		0.322192
1.5		0.266667		0.40812
1.5		0.333333		0.241975
1.5		0.4		0.310494
1.5		0.466667		0.208291
1.5		0.533333		0.236313
1.5		0.6		0.313946
1.5		0.666667		0.17045
1.5		0.733333		0.491495
1.5		0.8		0.414538
1.5		0.866667		0.108153
1.5		0.933333		0.425711
1.52		0		0.519093
1.52		0.0666667		0.440672
1.52		0.133333		0.232405
1.52		0.2		0.324873
1.52		0.266667		0.462626
1.52		0.333333		0.239109
1.52		0.4		0.327353
1.52		0.466667		0.197936
1.52		0.533333		0.224336
1.52		0.6		0.312795
1.52		0.666667		0.178334
1.52		0.733333		0.593575
1.52		0.8		0.41807
1.52		0.866667		0.105279
1.52		0.933333		0.43286
1.54		0		0.518656
1.54		0.0666667		0.443234
1.54		0.133333		0.226853
1.54		0.2		0.327922
1.54		0.266667		0.540941
1.54		0.333333		0.236722
1.54		0.4		0.344029
1.54		0.466667		0.199174
1.54		0.533333		0.220421
1.54		0.6		0.312433
1.54		0.666667		0.186224
1.54		0.733333		0.700958
1.54		0.8		0.421983
1.54		0.866667		0.102552
1.54		0.933333		0.439466
1.56		0		0.518246
1.56		0.0666667		0.445744
1.56		0.133333		0.221584
1.56		0.2		0.331282
1.56		0.266667		0.626271
1.56		0.333333		0.234767
1.56		0.4		0.360522
1.56		0.466667		0.201417
1.56		0.533333		0.223209
1.56		0.6		0.312713
1.56		0.666667		0.194118
1.56		0.733333		0.71954
1.56		0.8		0.426216
1.56		0.866667		0.0999616
1.56		0.933333		0.445612
1.58		0		0.517864
1.58		0.0666667		0.448205
1.58		0.133333		0.216576
1.58		0.2		0.334908
1.58		0.266667		0.654888
1.58		0.333333		0.2332
1.58		0.4		0.376831
1.58		0.466667		0.203949
1.58		0.533333		0.226316
1.58		0.6		0.313518
1.58		0.666667		0.202015
1.58		0.733333		0.641993
1.58		0.8		0.430722
1.58		0.866667		0.0974982
1.58		0.933333		0.451365
1.6		0		0.517505
1.6		0.0666667		0.450616
1.6		0.133333		0.211812
1.6		0.2		0.338764
1.6		0.266667		0.683662
1.6		0.333333		0.231983
1.6		0.4		0.392954
1.6		0.466667		0.206746
1.6		0.533333		0.229715
1.6		0.6		0.31476
1.6		0.666667		0.209913
1.6		0.733333		0.587034
1.6		0.8		0.435459
1.6		0.866667		0.0951527
1.6		0.933333		0.456776
1.62		0		0.51717
1.62		0.0666667		0.452978
1.62		0.133333		0.207273
1.62		0.2		0.342819
1.62		0.266667		0.599864
1.62		0.333333		0.231085
1.62		0.4		0.408892
1.62		0.466667		0.209787
1.62		0.533333		0.233384
1.62		0.6		0.316368
1.62		0.666667		0.21781
1.62		0.733333		0.522237
1.62		0.8		0.440396
1.62		0.866667		0.0929166
1.62		0.933333		0.461888
1.64		0		0.516856
1.64		0.0666667		0.455294
1.64		0.133333		0.202946
1.64		0.2		0.343939
1.64		0.266667		0.530453
1.64		0.333333		0.230477
1.64		0.4		0.421412
1.64		0.466667		0.213052
1.64		0.533333		0.237299
1.64		0.6		0.318284
1.64		0.666667		0.225705
1.64		0.733333		0.467063
1.64		0.8		0.445504
1.64		0.866667		0.0907827
1.64		0.933333		0.466736
1.66		0		0.516563
1.66		0.0666667		0.457564
1.66		0.133333		0.198814
1.66		0.2		0.336821
1.66		0.266667		0.477006
1.66		0.333333		0.230133
1.66		0.4		0.422597
1.66		0.466667		0.216524
1.66		0.533333		0.241444
1.66		0.6		0.320462
1.66		0.666667		0.233597
1.66		0.733333		0.439764
1.66		0.8		0.441814
1.66		0.866667		0.088744
1.66		0.933333		0.471168
1.68		0		0.516288
1.68		0.0666667		0.45979
1.68		0.133333		0.194867
1.68		0.2		0.330267
1.68		0.266667		0.434453
1.68		0.333333		0.23003
1.68		0.4		0.42458
1.68		0.466667		0.220187
1.68		0.533333		0.245799
1.68		0.6		0.322865
1.68		0.666667		0.241484
1.68		0.733333		0.465765
1.68		0.8		0.436081
1.68		0.866667		0.0867945
1.68		0.933333		0.472524
1.7		0		0.516031
1.7		0.0666667		0.461971
1.7		0.133333		0.191091
1.7		0.2		0.324213
1.7		0.266667		0.428672
1.7		0.333333		0.23015
1.7		0.4		0.42724
1.7		0.466667		0.224027
1.7		0.533333		0.25035
1.7		0.6		0.325461
1.7		0.666667		0.249366
1.7		0.733333		0.491763
1.7		0.8		0.430857
1.7		0.866667		0.0849283
1.7		0.933333		0.473796
1.72		0		0.51579
1.72		0.0666667		0.46411
1.72		0.133333		0.187476
1.72		0.2		0.318606
1.72		0.266667		0.454113
1.72		0.333333		0.230473
1.72		0.4		0.430479
1.72		0.466667		0.228031
1.72		0.533333		0.255083
1.72		0.6		0.328224
1.72		0.666667		0.257241
1.72		0.733333		0.517742
1.72		0.8		0.426085
1.72		0.866667		0.0831404
1.72		0.933333		0.474996
1.74		0		0.515565
1.74		0.0666667		0.466208
1.74		0.133333		0.184012
1.74		0.2		0.3134
1.74		0.266667		0.479552
1.74		0.333333		0.230985
1.74		0.4		0.434219
1.74		0.466667		0.232188
1.74		0.533333		0.259984
1.74		0.6		0.331133
1.74		0.666667		0.265108
1.74		0.733333		0.543701
1.74		0.8		0.421717
1.74		0.866667		0.0814258
1.74		0.933333		0.476132
1.76		0		0.515354
1.76		0.0666667		0.468264
1.76		0.133333		0.18069
1.76		0.2		0.308554
1.76		0.266667		0.504985
1.76		0.333333		0.23167
1.76		0.4		0.438395
1.76		0.466667		0.236487
1.76		0.533333		0.265042
1.76		0.6		0.334169
1.76		0.666667		0.272968
1.76		0.733333		0.56964
1.76		0.8		0.417712
1.76		0.866667		0.0797802
1.76		0.933333		0.477213
1.78		0		0.515157
1.78		0.0666667		0.470281
1.78		0.133333		0.177501
1.78		0.2		0.304033
1.78		0.266667		0.530414
1.78		0.333333		0.232516
1.78		0.4		0.442955
1.78		0.466667		0.240918
1.78		0.533333		0.270245
1.78		0.6		0.337317
1.78		0.666667		0.273109
1.78		0.733333		0.59556
1.78		0.8		0.414032
1.78		0.866667		0.0781996
1.78		0.933333		0.478246
1.8		0		0.514973
1.8		0.0666667		0.472259
1.8		0.133333		0.174438
1.8		0.2		0.299807
1.8		0.266667		0.555839
1.8		0.333333		0.233512
1.8		0.4		0.447856
1.8		0.466667		0.245472
1.8		0.533333		0.275585
1.8		0.6		0.340563
1.8		0.666667		0.272335
1.8		0.733333		0.621462
1.8		0.8		0.410646
1.8		0.866667		0.0766802
1.8		0.933333		0.479236
1.82		0		0.514353
1.82		0.0666667		0.4742
1.82		0.133333		0.171493
1.82		0.2		0.295849
1.82		0.266667		0.581259
1.82		0.333333		0.234646
1.82		0.4		0.453061
1.82		0.466667		0.250141
1.82		0.533333		0.281051
1.82		0.6		0.343897
1.82		0.666667		0.271796
1.82		0.733333		0.647347
1.82		0.8		0.407527
1.82		0.866667		0.0752184
1.82		0.933333		0.480189
1.84		0		0.513672
1.84		0.0666667		0.476104
1.84		0.133333		0.168661
1.84		0.2		0.292135
1.84		0.266667		0.606675
1.84		0.333333		0.235909
1.84		0.4		0.458541
1.84		0.466667		0.254917
1.84		0.533333		0.286637
1.84		0.6		0.347308
1.84		0.666667		0.271472
1.84		0.733333		0.673215
1.84		0.8		0.404648
1.84		0.866667		0.0738112
1.84		0.933333		0.481107
1.86		0		0.513012
1.86		0.0666667		0.477972
1.86		0.133333		0.165934
1.86		0.2		0.288643
1.86		0.266667		0.632088
1.86		0.333333		0.237293
1.86		0.4		0.46427
1.86		0.466667		0.259795
1.86		0.533333		0.292333
1.86		0.6		0.350788
1.86		0.666667		0.271349
1.86		0.733333		0.699067
1.86		0.8		0.40199
1.86		0.866667		0.0724554
1.86		0.933333		0.481994
1.88		0		0.512372
1.88		0.0666667		0.479804
1.88		0.133333		0.163306
1.88		0.2		0.285357
1.88		0.266667		0.657359
1.88		0.333333		0.238789
1.88		0.4		0.470227
1.88		0.466667		0.264766
1.88		0.533333		0.298134
1.88		0.6		0.354329
1.88		0.666667		0.271412
1.88		0.733333		0.699297
1.88		0.8		0.399531
1.88		0.866667		0.0711485
1.88		0.933333		0.482855
1.9		0		0.511752
1.9		0.0666667		0.481603
1.9		0.133333		0.160774
1.9		0.2		0.282257
1.9		0.266667		0.654242
1.9		0.333333		0.240391
1.9		0.4		0.476395
1.9		0.466667		0.269826
1.9		0.533333		0.304032
1.9		0.6		0.357926
1.9		0.666667		0.271647
1.9		0.733333		0.688563
1.9		0.8		0.397256
1.9		0.866667		0.0698876
1.9		0.933333		0.48369
1.92		0		0.511151
1.92		0.0666667		0.483368
1.92		0.133333		0.158331
1.92		0.2		0.279331
1.92		0.266667		0.653489
1.92		0.333333		0.242091
1.92		0.4		0.482758
1.92		0.466667		0.27497
1.92		0.533333		0.310022
1.92		0.6		0.361572
1.92		0.666667		0.272044
1.92		0.733333		0.669171
1.92		0.8		0.395149
1.92		0.866667		0.0686706
1.92		0.933333		0.484502
1.94		0		0.510567
1.94		0.0666667		0.485101
1.94		0.133333		0.155973
1.94		0.2		0.276564
1.94		0.266667		0.654536
1.94		0.333333		0.243884
1.94		0.4		0.489305
1.94		0.466667		0.280191
1.94		0.533333		0.316098
1.94		0.6		0.365262
1.94		0.666667		0.27259
1.94		0.733333		0.652486
1.94		0.8		0.393196
1.94		0.866667		0.0674951
1.94		0.933333		0.485293
1.96		0		0.510001
1.96		0.0666667		0.486802
1.96		0.133333		0.153696
1.96		0.2		0.273944
1.96		0.266667		0.650719
1.96		0.333333		0.245764
1.96		0.4		0.496024
1.96		0.466667		0.285487
1.96		0.533333		0.322255
1.96		0.6		0.368993
1.96		0.666667		0.273277
1.96		0.733333		0.637976
1.96		0.8		0.391384
1.96		0.866667		0.0663591
1.96		0.933333		0.486064
1.98		0		0.509451
1.98		0.0666667		0.488472
1.98		0.133333		0.151496
1.98		0.2		0.27146
1.98		0.266667		0.633805
1.98		0.333333		0.245343
1.98		0.4		0.502907
1.98		0.466667		0.290851
1.98		0.533333		0.328488
1.98		0.6		0.37276
1.98		0.666667		0.274096
1.98		0.733333		0.62524
1.98		0.8		0.389703
1.98		0.866667		0.0652606
1.98		0.933333		0.486818
2		0		0.508916
2		0.0666667		0.490111
2		0.133333		0.149368
2		0.2		0.269103
2		0.266667		0.619034
2		0.333333		0.240088
2		0.4		0.509947
2		0.466667		0.296281
2		0.533333		0.334793
2		0.6		0.376559
2		0.666667		0.275037
2		0.733333		0.61397
2		0.8		0.388143
2		0.866667		0.0641977
2		0.933333		0.487556
2.02		0		0.508397
2.02		0.0666667		0.491721
2.02		0.133333		0.14731
2.02		0.2		0.266864
2.02		0.266667		0.606017
2.02		0.333333		0.235046
2.02		0.4		0.517138
2.02		0.466667		0.301772
2.02		0.533333		0.341166
2.02		0.6		0.380389
2.02		0.666667		0.276094
2.02		0.733333		0.603926
2.02		0.8		0.386694
2.02		0.866667		0.0631689
2.02		0.933333		0.488277
2.04		0		0.507893
2.04		0.0666667		0.493303
2.04		0.133333		0.145318
2.04		0.2		0.264734
2.04		0.266667		0.594454
2.04		0.333333		0.230205
2.04		0.4		0.524476
2.04		0.466667		0.307322
2.04		0.533333		0.347603
2.04		0.6		0.384245
2.04		0.666667		0.27726
2.04		0.733333		0.594916
2.04		0.8		0.385348
2.04		0.866667		0.0621724
2.04		0.933333		0.488984
2.06		0		0.507402
2.06		0.0666667		0.494856
2.06		0.133333		0.143389
2.06		0.2		0.262706
2.06		0.266667		0.584111
2.06		0.333333		0.225553
2.06		0.4		0.531957
2.06		0.466667		0.312927
2.06		0.533333		0.3541
2.06		0.6		0.388126
2.06		0.666667		0.278527
2.06		0.733333		0.586788
2.06		0.8		0.384098
2.06		0.866667		0.0612068
2.06		0.933333		0.489678
2.08		0		0.506925
2.08		0.0666667		0.496382
2.08		0.133333		0.141521
2.08		0.2		0.260774
2.08		0.266667		0.574801
2.08		0.333333		0.221079
2.08		0.4		0.539579
2.08		0.466667		0.318584
2.08		0.533333		0.360654
2.08		0.6		0.392641
2.08		0.666667		0.279892
2.08		0.733333		0.579418
2.08		0.8		0.382936
2.08		0.866667		0.0602707
2.08		0.933333		0.490359
2.1		0		0.506461
2.1		0.0666667		0.497881
2.1		0.133333		0.139709
2.1		0.2		0.25893
2.1		0.266667		0.566373
2.1		0.333333		0.216774
2.1		0.4		0.547544
2.1		0.466667		0.32429
2.1		0.533333		0.367263
2.1		0.6		0.399377
2.1		0.666667		0.281347
2.1		0.733333		0.572704
2.1		0.8		0.381858
2.1		0.866667		0.0593627
2.1		0.933333		0.491027
2.12		0		0.506009
2.12		0.0666667		0.499354
2.12		0.133333		0.137953
2.12		0.2		0.25717
2.12		0.266667		0.558705
2.12		0.333333		0.212628
2.12		0.4		0.55595
2.12		0.466667		0.330043
2.12		0.533333		0.373922
2.12		0.6		0.406136
2.12		0.666667		0.278622
2.12		0.733333		0.56656
2.12		0.8		0.380856
2.12		0.866667		0.0584817
2.12		0.933333		0.491684
2.14		0		0.505569
2.14		0.0666667		0.500801
2.14		0.133333		0.136248
2.14		0.2		0.255489
2.14		0.266667		0.551697
2.14		0.333333		0.208633
2.14		0.4		0.564515
2.14		0.466667		0.33584
2.14		0.533333		0.38063
2.14		0.6		0.412918
2.14		0.666667		0.273388
2.14		0.733333		0.560918
2.14		0.8		0.379925
2.14		0.866667		0.0576263
2.14		0.933333		0.49233
2.16		0		0.505141
2.16		0.0666667		0.502224
2.16		0.133333		0.134594
2.16		0.2		0.253881
2.16		0.266667		0.545264
2.16		0.333333		0.20478
2.16		0.4		0.57324
2.16		0.466667		0.34168
2.16		0.533333		0.387384
2.16		0.6		0.41972
2.16		0.666667		0.268354
2.16		0.733333		0.555717
2.16		0.8		0.379062
2.16		0.866667		0.0567956
2.16		0.933333		0.492966
2.18		0		0.504723
2.18		0.0666667		0.503622
2.18		0.133333		0.132988
2.18		0.2		0.252342
2.18		0.266667		0.539337
2.18		0.333333		0.201064
2.18		0.4		0.582125
2.18		0.466667		0.347559
2.18		0.533333		0.394182
2.18		0.6		0.426542
2.18		0.666667		0.263509
2.18		0.733333		0.550907
2.18		0.8		0.37826
2.18		0.866667		0.0559884
2.18		0.933333		0.493592
2.2		0		0.504317
2.2		0.0666667		0.504996
2.2		0.133333		0.131428
2.2		0.2		0.250868
2.2		0.266667		0.533856
2.2		0.333333		0.197475
2.2		0.4		0.589578
2.2		0.466667		0.353476
2.2		0.533333		0.401021
2.2		0.6		0.431787
2.2		0.666667		0.258842
2.2		0.733333		0.546445
2.2		0.8		0.377517
2.2		0.866667		0.0552038
2.2		0.933333		0.494208
2.22		0		0.503921
2.22		0.0666667		0.506347
2.22		0.133333		0.129912
2.22		0.2		0.249456
2.22		0.266667		0.528773
2.22		0.333333		0.194009
2.22		0.4		0.591686
2.22		0.466667		0.359429
2.22		0.533333		0.407899
2.22		0.6		0.43154
2.22		0.666667		0.254344
2.22		0.733333		0.542294
2.22		0.8		0.376829
2.22		0.866667		0.0544408
2.22		0.933333		0.494814
2.24		0		0.503535
2.24		0.0666667		0.507676
2.24		0.133333		0.128438
2.24		0.2		0.248101
2.24		0.266667		0.524043
2.24		0.333333		0.190659
2.24		0.4		0.594137
2.24		0.466667		0.365417
2.24		0.533333		0.414814
2.24		0.6		0.431483
2.24		0.666667		0.250007
2.24		0.733333		0.538423
2.24		0.8		0.376192
2.24		0.866667		0.0536987
2.24		0.933333		0.495412
2.26		0		0.503158
2.26		0.0666667		0.508982
2.26		0.133333		0.127004
2.26		0.2		0.246801
2.26		0.266667		0.519631
2.26		0.333333		0.18742
2.26		0.4		0.596921
2.26		0.466667		0.371437
2.26		0.533333		0.421765
2.26		0.6		0.431604
2.26		0.666667		0.245821
2.26		0.733333		0.534804
2.26		0.8		0.375603
2.26		0.866667		0.0529764
2.26		0.933333		0.496002
2.28		0		0.502791
2.28		0.0666667		0.510267
2.28		0.133333		0.125609
2.28		0.2		0.245553
2.28		0.266667		0.515503
2.28		0.333333		0.184286
2.28		0.4		0.600031
2.28		0.466667		0.374315
2.28		0.533333		0.42875
2.28		0.6		0.43189
2.28		0.666667		0.24178
2.28		0.733333		0.531413
2.28		0.8		0.375058
2.28		0.866667		0.0522733
2.28		0.933333		0.496583
2.3		0		0.502432
2.3		0.0666667		0.511531
2.3		0.133333		0.124252
2.3		0.2		0.244353
2.3		0.266667		0.511634
2.3		0.333333		0.181251
2.3		0.4		0.603461
2.3		0.466667		0.365907
2.3		0.533333		0.428879
2.3		0.6		0.43233
2.3		0.666667		0.237876
2.3		0.733333		0.528229
2.3		0.8		0.374556
2.3		0.866667		0.0515885
2.3		0.933333		0.497156
2.32		0		0.502083
2.32		0.0666667		0.512774
2.32		0.133333		0.12293
2.32		0.2		0.2432
2.32		0.266667		0.507997
2.32		0.333333		0.178313
2.32		0.4		0.607209
2.32		0.466667		0.357889
2.32		0.533333		0.419355
2.32		0.6		0.432913
2.32		0.666667		0.234102
2.32		0.733333		0.525232
2.32		0.8		0.374094
2.32		0.866667		0.0509215
2.32		0.933333		0.497722
2.34		0		0.501741
2.34		0.0666667		0.513996
2.34		0.133333		0.121643
2.34		0.2		0.24209
2.34		0.266667		0.504573
2.34		0.333333		0.175466
2.34		0.4		0.61127
2.34		0.466667		0.350234
2.34		0.533333		0.410268
2.34		0.6		0.433631
2.34		0.666667		0.230452
2.34		0.733333		0.522408
2.34		0.8		0.373668
2.34		0.866667		0.0502714
2.34		0.933333		0.49828
2.36		0		0.501408
2.36		0.0666667		0.5152
2.36		0.133333		0.120389
2.36		0.2		0.241022
2.36		0.266667		0.501343
2.36		0.333333		0.172705
2.36		0.4		0.615644
2.36		0.466667		0.342918
2.36		0.533333		0.401585
2.36		0.6		0.434474
2.36		0.666667		0.226921
2.36		0.733333		0.51974
2.36		0.8		0.373278
2.36		0.866667		0.0496377
2.36		0.933333		0.49883
2.38		0		0.501082
2.38		0.0666667		0.516383
2.38		0.133333		0.119167
2.38		0.2		0.239993
2.38		0.266667		0.498289
2.38		0.333333		0.170028
2.38		0.4		0.616308
2.38		0.466667		0.335916
2.38		0.533333		0.393281
2.38		0.6		0.435436
2.38		0.666667		0.223502
2.38		0.733333		0.517217
2.38		0.8		0.372921
2.38		0.866667		0.0490198
2.38		0.933333		0.499374
2.4		0		0.500764
2.4		0.0666667		0.517548
2.4		0.133333		0.117976
2.4		0.2		0.239002
2.4		0.266667		0.495397
2.4		0.333333		0.167431
2.4		0.4		0.610908
2.4		0.466667		0.32921
2.4		0.533333		0.38533
2.4		0.6		0.436509
2.4		0.666667		0.22019
2.4		0.733333		0.514827
2.4		0.8		0.372595
2.4		0.866667		0.048417
2.4		0.933333		0.499911
2.42		0		0.500454
2.42		0.0666667		0.518695
2.42		0.133333		0.116814
2.42		0.2		0.238047
2.42		0.266667		0.492655
2.42		0.333333		0.16491
2.42		0.4		0.605805
2.42		0.466667		0.322779
2.42		0.533333		0.377709
2.42		0.6		0.437686
2.42		0.666667		0.216981
2.42		0.733333		0.512559
2.42		0.8		0.372298
2.42		0.866667		0.0478289
2.42		0.933333		0.500441
2.44		0		0.50015
2.44		0.0666667		0.519823
2.44		0.133333		0.115681
2.44		0.2		0.237125
2.44		0.266667		0.49005
2.44		0.333333		0.162462
2.44		0.4		0.600983
2.44		0.466667		0.316608
2.44		0.533333		0.370398
2.44		0.6		0.438961
2.44		0.666667		0.213871
2.44		0.733333		0.510404
2.44		0.8		0.372029
2.44		0.866667		0.0472548
2.44		0.933333		0.500965
2.46		0		0.499853
2.46		0.0666667		0.520934
2.46		0.133333		0.114575
2.46		0.2		0.236236
2.46		0.266667		0.487572
2.46		0.333333		0.160083
2.46		0.4		0.596427
2.46		0.466667		0.310679
2.46		0.533333		0.363378
2.46		0.6		0.440329
2.46		0.666667		0.210853
2.46		0.733333		0.508353
2.46		0.8		0.371786
2.46		0.866667		0.0466944
2.46		0.933333		0.501482
2.48		0		0.499563
2.48		0.0666667		0.522028
2.48		0.133333		0.113496
2.48		0.2		0.235377
2.48		0.266667		0.485212
2.48		0.333333		0.157771
2.48		0.4		0.592122
2.48		0.466667		0.304979
2.48		0.533333		0.35663
2.48		0.6		0.441785
2.48		0.666667		0.207926
2.48		0.733333		0.5064
2.48		0.8		0.371568
2.48		0.866667		0.046147
2.48		0.933333		0.501993
2.5		0		0.49928
2.5		0.0666667		0.523105
2.5		0.133333		0.112442
2.5		0.2		0.234548
2.5		0.266667		0.482961
2.5		0.333333		0.155524
2.5		0.4		0.588056
2.5		0.466667		0.299494
2.5		0.533333		0.350139
2.5		0.6		0.443323
2.5		0.666667		0.205084
2.5		0.733333		0.504537
2.5		0.8		0.371373
2.5		0.866667		0.0456123
2.5		0.933333		0.502498
2.52		0		0.499002
2.52		0.0666667		0.524165
2.52		0.133333		0.111413
2.52		0.2		0.233747
2.52		0.266667		0.480811
2.52		0.333333		0.153338
2.52		0.4		0.584215
2.52		0.466667		0.294212
2.52		0.533333		0.343891
2.52		0.6		0.444939
2.52		0.666667		0.202324
2.52		0.733333		0.502759
2.52		0.8		0.3712
2.52		0.866667		0.0450899
2.52		0.933333		0.502997
2.54		0		0.498731
2.54		0.0666667		0.52521
2.54		0.133333		0.110408
2.54		0.2		0.232972
2.54		0.266667		0.478755
2.54		0.333333		0.151211
2.54		0.4		0.58059
2.54		0.466667		0.289121
2.54		0.533333		0.337871
2.54		0.6		0.446629
2.54		0.666667		0.199643
2.54		0.733333		0.501058
2.54		0.8		0.371048
2.54		0.866667		0.0445793
2.54		0.933333		0.50349
2.56		0		0.498465
2.56		0.0666667		0.526238
2.56		0.133333		0.109426
2.56		0.2		0.232223
2.56		0.266667		0.476788
2.56		0.333333		0.149142
2.56		0.4		0.577169
2.56		0.466667		0.284211
2.56		0.533333		0.332067
2.56		0.6		0.44839
2.56		0.666667		0.197037
2.56		0.733333		0.499431
2.56		0.8		0.370915
2.56		0.866667		0.04408
2.56		0.933333		0.503977
2.58		0		0.498205
2.58		0.0666667		0.527251
2.58		0.133333		0.108466
2.58		0.2		0.231499
2.58		0.266667		0.474902
2.58		0.333333		0.147126
2.58		0.4		0.573943
2.58		0.466667		0.279473
2.58		0.533333		0.326466
2.58		0.6		0.450217
2.58		0.666667		0.194503
2.58		0.733333		0.497872
2.58		0.8		0.370801
2.58		0.866667		0.0435918
2.58		0.933333		0.504459
2.6		0		0.497951
2.6		0.0666667		0.528249
2.6		0.133333		0.107527
2.6		0.2		0.230798
2.6		0.266667		0.473094
2.6		0.333333		0.145164
2.6		0.4		0.570901
2.6		0.466667		0.274896
2.6		0.533333		0.321059
2.6		0.6		0.452107
2.6		0.666667		0.192039
2.6		0.733333		0.496378
2.6		0.8		0.370704
2.6		0.866667		0.0431143
2.6		0.933333		0.504935
2.62		0		0.497702
2.62		0.0666667		0.528591
2.62		0.133333		0.10661
2.62		0.2		0.230119
2.62		0.266667		0.471358
2.62		0.333333		0.143251
2.62		0.4		0.568036
2.62		0.466667		0.270473
2.62		0.533333		0.315835
2.62		0.6		0.454058
2.62		0.666667		0.189642
2.62		0.733333		0.494944
2.62		0.8		0.370625
2.62		0.866667		0.0426472
2.62		0.933333		0.505406
2.64		0		0.497458
2.64		0.0666667		0.528526
2.64		0.133333		0.105712
2.64		0.2		0.229462
2.64		0.266667		0.46969
2.64		0.333333		0.141388
2.64		0.4		0.565339
2.64		0.466667		0.266197
2.64		0.533333		0.310785
2.64		0.6		0.456065
2.64		0.666667		0.187309
2.64		0.733333		0.493566
2.64		0.8		0.370561
2.64		0.866667		0.04219
2.64		0.933333		0.505872
2.66		0		0.497219
2.66		0.0666667		0.528468
2.66		0.133333		0.104834
2.66		0.2		0.228825
2.66		0.266667		0.468085
2.66		0.333333		0.139571
2.66		0.4		0.562803
2.66		0.466667		0.262058
2.66		0.533333		0.3059
2.66		0.6		0.458128
2.66		0.666667		0.185037
2.66		0.733333		0.492242
2.66		0.8		0.370511
2.66		0.866667		0.0417425
2.66		0.933333		0.506333
2.68		0		0.496985
2.68		0.0666667		0.528417
2.68		0.133333		0.103975
2.68		0.2		0.228207
2.68		0.266667		0.46654
2.68		0.333333		0.137799
2.68		0.4		0.56042
2.68		0.466667		0.258052
2.68		0.533333		0.301171
2.68		0.6		0.460242
2.68		0.666667		0.182824
2.68		0.733333		0.490968
2.68		0.8		0.370477
2.68		0.866667		0.0413044
2.68		0.933333		0.506788
2.7		0		0.496756
2.7		0.0666667		0.528373
2.7		0.133333		0.103134
2.7		0.2		0.227609
2.7		0.266667		0.465052
2.7		0.333333		0.13607
2.7		0.4		0.558183
2.7		0.466667		0.254171
2.7		0.533333		0.296591
2.7		0.6		0.462406
2.7		0.666667		0.180669
2.7		0.733333		0.489741
2.7		0.8		0.370455
2.7		0.866667		0.0408753
2.7		0.933333		0.507239
2.72		0		0.496531
2.72		0.0666667		0.528336
2.72		0.133333		0.102311
2.72		0.2		0.227029
2.72		0.266667		0.463617
2.72		0.333333		0.134384
2.72		0.4		0.556087
2.72		0.466667		0.250409
2.72		0.533333		0.292154
2.72		0.6		0.464617
2.72		0.666667		0.178568
2.72		0.733333		0.488559
2.72		0.8		0.370446
2.72		0.866667		0.0404551
2.72		0.933333		0.507684
2.74		0		0.496311
2.74		0.0666667		0.528305
2.74		0.133333		0.101505
2.74		0.2		0.226466
2.74		0.266667		0.462233
2.74		0.333333		0.132738
2.74		0.4		0.554125
2.74		0.466667		0.246762
2.74		0.533333		0.287851
2.74		0.6		0.466873
2.74		0.666667		0.17652
2.74		0.733333		0.487419
2.74		0.8		0.37045
2.74		0.866667		0.0400434
2.74		0.933333		0.508125
2.76		0		0.496095
2.76		0.0666667		0.528279
2.76		0.133333		0.100715
2.76		0.2		0.22592
2.76		0.266667		0.460896
2.76		0.333333		0.131131
2.76		0.4		0.552292
2.76		0.466667		0.243223
2.76		0.533333		0.283678
2.76		0.6		0.469172
2.76		0.666667		0.174523
2.76		0.733333		0.48632
2.76		0.8		0.370464
2.76		0.866667		0.03964
2.76		0.933333		0.508561
2.78		0		0.495884
2.78		0.0666667		0.528259
2.78		0.133333		0.0999418
2.78		0.2		0.225389
2.78		0.266667		0.459604
2.78		0.333333		0.129562
2.78		0.4		0.550581
2.78		0.466667		0.239787
2.78		0.533333		0.279628
2.78		0.6		0.471513
2.78		0.666667		0.172575
2.78		0.733333		0.485258
2.78		0.8		0.37049
2.78		0.866667		0.0392446
2.78		0.933333		0.508993
2.8		0		0.495676
2.8		0.0666667		0.528245
2.8		0.133333		0.0991841
2.8		0.2		0.224875
2.8		0.266667		0.458355
2.8		0.333333		0.128028
2.8		0.4		0.548989
2.8		0.466667		0.236451
2.8		0.533333		0.275696
2.8		0.6		0.473893
2.8		0.666667		0.170675
2.8		0.733333		0.484232
2.8		0.8		0.370526
2.8		0.866667		0.038857
2.8		0.933333		0.50942
2.82		0		0.495473
2.82		0.0666667		0.528235
2.82		0.133333		0.0984415
2.82		0.2		0.224375
2.82		0.266667		0.457147
2.82		0.333333		0.126531
2.82		0.4		0.54751
2.82		0.466667		0.23321
2.82		0.533333		0.271876
2.82		0.6		0.476311
2.82		0.666667		0.16882
2.82		0.733333		0.48324
2.82		0.8		0.370571
2.82		0.866667		0.038477
2.82		0.933333		0.509842
2.84		0		0.495273
2.84		0.0666667		0.528231
2.84		0.133333		0.0977136
2.84		0.2		0.223889
2.84		0.266667		0.455977
2.84		0.333333		0.125067
2.84		0.4		0.546139
2.84		0.466667		0.230059
2.84		0.533333		0.268164
2.84		0.6		0.478765
2.84		0.666667		0.167009
2.84		0.733333		0.48228
2.84		0.8		0.370626
2.84		0.866667		0.0381043
2.84		0.933333		0.51026
2.86		0		0.495077
2.86		0.0666667		0.528231
2.86		0.133333		0.0970001
2.86		0.2		0.223417
2.86		0.266667		0.454844
2.86		0.333333		0.123635
2.86		0.4		0.544874
2.86		0.466667		0.226996
2.86		0.533333		0.264554
2.86		0.6		0.481254
2.86		0.666667		0.16524
2.86		0.733333		0.481351
2.86		0.8		0.37069
2.86		0.866667		0.0377387
2.86		0.933333		0.510674
2.88		0		0.494885
2.88		0.0666667		0.528235
2.88		0.133333		0.0963004
2.88		0.2		0.222958
2.88		0.266667		0.453746
2.88		0.333333		0.122236
2.88		0.4		0.543708
2.88		0.466667		0.224015
2.88		0.533333		0.261044
2.88		0.6		0.483777
2.88		0.666667		0.163513
2.88		0.733333		0.480452
2.88		0.8		0.370762
2.88		0.866667		0.0373801
2.88		0.933333		0.511083
2.9		0		0.494696
2.9		0.0666667		0.528244
2.9		0.133333		0.0956142
2.9		0.2		0.222512
2.9		0.266667		0.452681
2.9		0.333333		0.120867
2.9		0.4		0.542639
2.9		0.466667		0.221115
2.9		0.533333		0.257628
2.9		0.6		0.486331
2.9		0.666667		0.161825
2.9		0.733333		0.47958
2.9		0.8		0.370842
2.9		0.866667		0.0370283
2.9		0.933333		0.511489
2.92		0		0.494511
2.92		0.0666667		0.528257
2.92		0.133333		0.0949411
2.92		0.2		0.222078
2.92		0.266667		0.451648
2.92		0.333333		0.119528
2.92		0.4		0.541663
2.92		0.466667		0.218291
2.92		0.533333		0.254302
2.92		0.6		0.488917
2.92		0.666667		0.160176
2.92		0.733333		0.478735
2.92		0.8		0.370929
2.92		0.866667		0.0366829
2.92		0.933333		0.51189
2.94		0		0.49433
2.94		0.0666667		0.528273
2.94		0.133333		0.0942807
2.94		0.2		0.221656
2.94		0.266667		0.450645
2.94		0.333333		0.118218
2.94		0.4		0.540777
2.94		0.466667		0.21554
2.94		0.533333		0.251064
2.94		0.6		0.491531
2.94		0.666667		0.158564
2.94		0.733333		0.477916
2.94		0.8		0.371024
2.94		0.866667		0.036344
2.94		0.933333		0.512287
2.96		0		0.494151
2.96		0.0666667		0.528293
2.96		0.133333		0.0936327
2.96		0.2		0.221246
2.96		0.266667		0.449671
2.96		0.333333		0.116936
2.96		0.4		0.539976
2.96		0.466667		0.21286
2.96		0.533333		0.24791
2.96		0.6		0.494175
2.96		0.666667		0.156988
2.96		0.733333		0.47712
2.96		0.8		0.371125
2.96		0.866667		0.0360112
2.96		0.933333		0.51268
2.98		0		0.493976
2.98		0.0666667		0.528317
2.98		0.133333		0.0929967
2.98		0.2		0.220846
2.98		0.266667		0.448724
2.98		0.333333		0.115681
2.98		0.4		0.539258
2.98		0.466667		0.210248
2.98		0.533333		0.244836
2.98		0.6		0.496845
2.98		0.666667		0.155446
2.98		0.733333		0.476348
2.98		0.8		0.371233
2.98		0.866667		0.0356845
2.98		0.933333		0.513069
3		0		0.493804
3		0.0666667		0.528344
3		0.133333		0.0923724
3		0.2		0.220457
3		0.266667		0.447804
3		0.333333		0.114451
3		0.4		0.538621
3		0.466667		0.207701
3		0.533333		0.241839
3		0.6		0.499542
3		0.666667		0.153938
3		0.733333		0.475598
3		0.8		0.371347
3		0.866667		0.0353636
3		0.933333		0.513454
3.02		0		0.493635
3.02		0.0666667		0.528374
3.02		0.133333		0.0917595
3.02		0.2		0.220079
3.02		0.266667		0.446909
3.02		0.333333		0.113248
3.02		0.4		0.53806
3.02		0.466667		0.205217
3.02		0.533333		0.238916
3.02		0.6		0.502265
3.02		0.666667		0.152463
3.02		0.733333		0.474869
3.02		0.8		0.3709
3.02		0.866667		0.0350484
3.02		0.933333		0.513835
3.04		0		0.49347
3.04		0.0666667		0.528407
3.04		0.133333		0.0911577
3.04		0.2		0.21971
3.04		0.266667		0.446039
3.04		0.333333		0.112069
3.04		0.4		0.534685
3.04		0.466667		0.202794
3.04		0.533333		0.236065
3.04		0.6		0.502123
3.04		0.666667		0.151019
3.04		0.733333		0.47416
3.04		0.8		0.370062
3.04		0.866667		0.0347388
3.04		0.933333		0.514213
3.06		0		0.493307
3.06		0.0666667		0.528443
3.06		0.133333		0.0905667
3.06		0.2		0.219351
3.06		0.266667		0.445191
3.06		0.333333		0.110913
3.06		0.4		0.530813
3.06		0.466667		0.200428
3.06		0.533333		0.233283
3.06		0.6		0.501436
3.06		0.666667		0.149606
3.06		0.733333		0.473471
3.06		0.8		0.369242
3.06		0.866667		0.0344346
3.06		0.933333		0.514587
3.08		0		0.493146
3.08		0.0666667		0.528481
3.08		0.133333		0.0899862
3.08		0.2		0.219001
3.08		0.266667		0.444366
3.08		0.333333		0.109781
3.08		0.4		0.527052
3.08		0.466667		0.198119
3.08		0.533333		0.230567
3.08		0.6		0.500813
3.08		0.666667		0.148222
3.08		0.733333		0.4728
3.08		0.8		0.368439
3.08		0.866667		0.0341356
3.08		0.933333		0.514957
3.1		0		0.492989
3.1		0.0666667		0.528523
3.1		0.133333		0.0894159
3.1		0.2		0.21866
3.1		0.266667		0.443561
3.1		0.333333		0.108672
3.1		0.4		0.523398
3.1		0.466667		0.195864
3.1		0.533333		0.227915
3.1		0.6		0.500252
3.1		0.666667		0.146867
3.1		0.733333		0.472147
3.1		0.8		0.367652
3.1		0.866667		0.0338418
3.1		0.933333		0.515323
3.12		0		0.492834
3.12		0.0666667		0.528567
3.12		0.133333		0.0888556
3.12		0.2		0.218327
3.12		0.266667		0.442778
3.12		0.333333		0.107584
3.12		0.4		0.519848
3.12		0.466667		0.193661
3.12		0.533333		0.225325
3.12		0.6		0.499751
3.12		0.666667		0.14554
3.12		0.733333		0.471511
3.12		0.8		0.366881
3.12		0.866667		0.033553
3.12		0.933333		0.515686
3.14		0		0.492682
3.14		0.0666667		0.528613
3.14		0.133333		0.0883049
3.14		0.2		0.218003
3.14		0.266667		0.442014
3.14		0.333333		0.106517
3.14		0.4		0.516397
3.14		0.466667		0.191509
3.14		0.533333		0.222794
3.14		0.6		0.499308
3.14		0.666667		0.14424
3.14		0.733333		0.470892
3.14		0.8		0.366125
3.14		0.866667		0.0332691
3.14		0.933333		0.516046
3.16		0		0.492533
3.16		0.0666667		0.528661
3.16		0.133333		0.0877638
3.16		0.2		0.217688
3.16		0.266667		0.441269
3.16		0.333333		0.105471
3.16		0.4		0.513043
3.16		0.466667		0.189405
3.16		0.533333		0.220321
3.16		0.6		0.49892
3.16		0.666667		0.142966
3.16		0.733333		0.470288
3.16		0.8		0.365383
3.16		0.866667		0.0329899
3.16		0.933333		0.516402
3.18		0		0.492386
3.18		0.0666667		0.528712
3.18		0.133333		0.0872318
3.18		0.2		0.217379
3.18		0.266667		0.440542
3.18		0.333333		0.104445
3.18		0.4		0.509782
3.18		0.466667		0.187348
3.18		0.533333		0.217903
3.18		0.6		0.498587
3.18		0.666667		0.141718
3.18		0.733333		0.4697
3.18		0.8		0.364657
3.18		0.866667		0.0327153
3.18		0.933333		0.516754
3.2		0		0.492241
3.2		0.0666667		0.528764
3.2		0.133333		0.0867088
3.2		0.2		0.217079
3.2		0.266667		0.439833
3.2		0.333333		0.103439
3.2		0.4		0.506611
3.2		0.466667		0.185336
3.2		0.533333		0.215539
3.2		0.6		0.498305
3.2		0.666667		0.140494
3.2		0.733333		0.469126
3.2		0.8		0.363944
3.2		0.866667		0.0324453
3.2		0.933333		0.517103
3.22		0		0.492099
3.22		0.0666667		0.528819
3.22		0.133333		0.0861946
3.22		0.2		0.216786
3.22		0.266667		0.43914
3.22		0.333333		0.102451
3.22		0.4		0.503528
3.22		0.466667		0.183368
3.22		0.533333		0.213227
3.22		0.6		0.498074
3.22		0.666667		0.139294
3.22		0.733333		0.468566
3.22		0.8		0.363245
3.22		0.866667		0.0321797
3.22		0.933333		0.517449
3.24		0		0.491959
3.24		0.0666667		0.528875
3.24		0.133333		0.0856889
3.24		0.2		0.2165
3.24		0.266667		0.438464
3.24		0.333333		0.101482
3.24		0.4		0.50053
3.24		0.466667		0.181443
3.24		0.533333		0.210964
3.24		0.6		0.497892
3.24		0.666667		0.138118
3.24		0.733333		0.46802
3.24		0.8		0.36256
3.24		0.866667		0.0319183
3.24		0.933333		0.517792
3.26		0		0.491822
3.26		0.0666667		0.528934
3.26		0.133333		0.0851916
3.26		0.2		0.21622
3.26		0.266667		0.437803
3.26		0.333333		0.10053
3.26		0.4		0.497613
3.26		0.466667		0.179558
3.26		0.533333		0.20875
3.26		0.6		0.497757
3.26		0.666667		0.136964
3.26		0.733333		0.467487
3.26		0.8		0.361887
3.26		0.866667		0.0316612
3.26		0.933333		0.518131
3.28		0		0.491687
3.28		0.0666667		0.528993
3.28		0.133333		0.0847024
3.28		0.2		0.215948
3.28		0.266667		0.437158
3.28		0.333333		0.0995962
3.28		0.4		0.494775
3.28		0.466667		0.177714
3.28		0.533333		0.206583
3.28		0.6		0.497667
3.28		0.666667		0.135832
3.28		0.733333		0.466966
3.28		0.8		0.361227
3.28		0.866667		0.0314082
3.28		0.933333		0.518467
3.3		0		0.491554
3.3		0.0666667		0.529055
3.3		0.133333		0.0842211
3.3		0.2		0.215682
3.3		0.266667		0.436527
3.3		0.333333		0.0986791
3.3		0.4		0.492015
3.3		0.466667		0.175907
3.3		0.533333		0.204462
3.3		0.6		0.497622
3.3		0.666667		0.134722
3.3		0.733333		0.466458
3.3		0.8		0.36058
3.3		0.866667		0.0311592
3.3		0.933333		0.5188
3.32		0		0.491423
3.32		0.0666667		0.529118
3.32		0.133333		0.0837476
3.32		0.2		0.215422
3.32		0.266667		0.43591
3.32		0.333333		0.0977785
3.32		0.4		0.489329
3.32		0.466667		0.174138
3.32		0.533333		0.202384
3.32		0.6		0.497619
3.32		0.666667		0.133632
3.32		0.733333		0.465961
3.32		0.8		0.359944
3.32		0.866667		0.030914
3.32		0.933333		0.51913
3.34		0		0.491294
3.34		0.0666667		0.529182
3.34		0.133333		0.0832816
3.34		0.2		0.215168
3.34		0.266667		0.435306
3.34		0.333333		0.0968939
3.34		0.4		0.486715
3.34		0.466667		0.172405
3.34		0.533333		0.200349
3.34		0.6		0.497658
3.34		0.666667		0.132563
3.34		0.733333		0.465476
3.34		0.8		0.35932
3.34		0.866667		0.0306727
3.34		0.933333		0.519457
3.36		0		0.491167
3.36		0.0666667		0.529248
3.36		0.133333		0.0828231
3.36		0.2		0.21492
3.36		0.266667		0.434716
3.36		0.333333		0.0960249
3.36		0.4		0.484171
3.36		0.466667		0.170707
3.36		0.533333		0.198355
3.36		0.6		0.497737
3.36		0.666667		0.131514
3.36		0.733333		0.465001
3.36		0.8		0.358707
3.36		0.866667		0.0304351
3.36		0.933333		0.519781
3.38		0		0.491042
3.38		0.0666667		0.529315
3.38		0.133333		0.0823717
3.38		0.2		0.214678
3.38		0.266667		0.434138
3.38		0.333333		0.0951712
3.38		0.4		0.481696
3.38		0.466667		0.169043
3.38		0.533333		0.196401
3.38		0.6		0.497855
3.38		0.666667		0.130483
3.38		0.733333		0.464537
3.38		0.8		0.358105
3.38		0.866667		0.0302012
3.38		0.933333		0.520102
3.4		0		0.490919
3.4		0.0666667		0.529384
3.4		0.133333		0.0819274
3.4		0.2		0.214442
3.4		0.266667		0.433573
3.4		0.333333		0.0943323
3.4		0.4		0.479286
3.4		0.466667		0.167412
3.4		0.533333		0.194485
3.4		0.6		0.498011
3.4		0.666667		0.129471
3.4		0.733333		0.464083
3.4		0.8		0.357514
3.4		0.866667		0.0299708
3.4		0.933333		0.52042
3.42		0		0.490798
3.42		0.0666667		0.529453
3.42		0.133333		0.0814899
3.42		0.2		0.214211
3.42		0.266667		0.433019
3.42		0.333333		0.0935078
3.42		0.4		0.47694
3.42		0.466667		0.165812
3.42		0.533333		0.192608
3.42		0.6		0.498204
3.42		0.666667		0.128478
3.42		0.733333		0.463639
3.42		0.8		0.356933
3.42		0.866667		0.0297439
3.42		0.933333		0.520735
3.44		0		0.490679
3.44		0.0666667		0.529524
3.44		0.133333		0.0810592
3.44		0.2		0.213985
3.44		0.266667		0.432477
3.44		0.333333		0.0926974
3.44		0.4		0.474657
3.44		0.466667		0.164244
3.44		0.533333		0.190767
3.44		0.6		0.498432
3.44		0.666667		0.127502
3.44		0.733333		0.463204
3.44		0.8		0.356363
3.44		0.866667		0.0295204
3.44		0.933333		0.521047
3.46		0		0.490562
3.46		0.0666667		0.529596
3.46		0.133333		0.080635
3.46		0.2		0.213764
3.46		0.266667		0.431946
3.46		0.333333		0.0919007
3.46		0.4		0.472434
3.46		0.466667		0.162706
3.46		0.533333		0.188961
3.46		0.6		0.498695
3.46		0.666667		0.126543
3.46		0.733333		0.462779
3.46		0.8		0.355803
3.46		0.866667		0.0293002
3.46		0.933333		0.521357
3.48		0		0.490446
3.48		0.0666667		0.529669
3.48		0.133333		0.0802173
3.48		0.2		0.213548
3.48		0.266667		0.431426
3.48		0.333333		0.0911174
3.48		0.4		0.47027
3.48		0.466667		0.161196
3.48		0.533333		0.187189
3.48		0.6		0.498991
3.48		0.666667		0.125602
3.48		0.733333		0.462362
3.48		0.8		0.355252
3.48		0.866667		0.0290833
3.48		0.933333		0.521663
3.5		0		0.490332
3.5		0.0666667		0.529742
3.5		0.133333		0.0798059
3.5		0.2		0.213337
3.5		0.266667		0.430916
3.5		0.333333		0.0903472
3.5		0.4		0.469393
3.5		0.466667		0.159715
3.5		0.533333		0.185451
3.5		0.6		0.49932
3.5		0.666667		0.124676
3.5		0.733333		0.461954
3.5		0.8		0.354711
3.5		0.866667		0.0288695
3.5		0.933333		0.521967
3.52		0		0.49022
3.52		0.0666667		0.529817
3.52		0.133333		0.0794005
3.52		0.2		0.213131
3.52		0.266667		0.430417
3.52		0.333333		0.0895897
3.52		0.4		0.468612
3.52		0.466667		0.158262
3.52		0.533333		0.183746
3.52		0.6		0.499681
3.52		0.666667		0.123767
3.52		0.733333		0.461554
3.52		0.8		0.354179
3.52		0.866667		0.0286589
3.52		0.933333		0.522268
3.54		0		0.49011
3.54		0.0666667		0.529892
3.54		0.133333		0.0790012
3.54		0.2		0.212929
3.54		0.266667		0.429927
3.54		0.333333		0.0888446
3.54		0.4		0.467884
3.54		0.466667		0.156835
3.54		0.533333		0.182072
3.54		0.6		0.500073
3.54		0.666667		0.122873
3.54		0.733333		0.461163
3.54		0.8		0.353656
3.54		0.866667		0.0284512
3.54		0.933333		0.522567
3.56		0		0.490001
3.56		0.0666667		0.529969
3.56		0.133333		0.0786078
3.56		0.2		0.212731
3.56		0.266667		0.429446
3.56		0.333333		0.0881116
3.56		0.4		0.467208
3.56		0.466667		0.155435
3.56		0.533333		0.180428
3.56		0.6		0.500209
3.56		0.666667		0.121994
3.56		0.733333		0.460779
3.56		0.8		0.353142
3.56		0.866667		0.0282466
3.56		0.933333		0.522862
3.58		0		0.489894
3.58		0.0666667		0.530046
3.58		0.133333		0.0782201
3.58		0.2		0.212538
3.58		0.266667		0.428975
3.58		0.333333		0.0873905
3.58		0.4		0.466584
3.58		0.466667		0.15406
3.58		0.533333		0.178815
3.58		0.6		0.499559
3.58		0.666667		0.12113
3.58		0.733333		0.460403
3.58		0.8		0.352636
3.58		0.866667		0.0280449
3.58		0.933333		0.523156
3.6		0		0.489788
3.6		0.0666667		0.530123
3.6		0.133333		0.077838
3.6		0.2		0.212349
3.6		0.266667		0.428513
3.6		0.333333		0.0866809
3.6		0.4		0.466009
3.6		0.466667		0.152709
3.6		0.533333		0.17723
3.6		0.6		0.498956
3.6		0.666667		0.120281
3.6		0.733333		0.460034
3.6		0.8		0.352139
3.6		0.866667		0.027846
3.6		0.933333		0.523446
3.62		0		0.489684
3.62		0.0666667		0.530202
3.62		0.133333		0.0774615
3.62		0.2		0.212164
3.62		0.266667		0.428059
3.62		0.333333		0.0859826
3.62		0.4		0.465482
3.62		0.466667		0.151382
3.62		0.533333		0.175674
3.62		0.6		0.498398
3.62		0.666667		0.119445
3.62		0.733333		0.459672
3.62		0.8		0.35165
3.62		0.866667		0.0276499
3.62		0.933333		0.523734
3.64		0		0.489581
3.64		0.0666667		0.530281
3.64		0.133333		0.0770903
3.64		0.2		0.211983
3.64		0.266667		0.427614
3.64		0.333333		0.0852954
3.64		0.4		0.465002
3.64		0.466667		0.150079
3.64		0.533333		0.174145
3.64		0.6		0.497885
3.64		0.666667		0.118624
3.64		0.733333		0.459318
3.64		0.8		0.351169
3.64		0.866667		0.0274565
3.64		0.933333		0.52402
3.66		0		0.48948
3.66		0.0666667		0.53036
3.66		0.133333		0.0767244
3.66		0.2		0.211806
3.66		0.266667		0.427177
3.66		0.333333		0.0846188
3.66		0.4		0.464568
3.66		0.466667		0.148798
3.66		0.533333		0.172643
3.66		0.6		0.497415
3.66		0.666667		0.117815
3.66		0.733333		0.45897
3.66		0.8		0.350696
3.66		0.866667		0.0272659
3.66		0.933333		0.524303
3.68		0		0.48938
3.68		0.0666667		0.530441
3.68		0.133333		0.0763636
3.68		0.2		0.211633
3.68		0.266667		0.426748
3.68		0.333333		0.0839528
3.68		0.4		0.464178
3.68		0.466667		0.147539
3.68		0.533333		0.171166
3.68		0.6		0.496987
3.68		0.666667		0.11702
3.68		0.733333		0.458628
3.68		0.8		0.35023
3.68		0.866667		0.0270778
3.68		0.933333		0.524584
3.7		0		0.489282
3.7		0.0666667		0.530521
3.7		0.133333		0.0760079
3.7		0.2		0.211463
3.7		0.266667		0.426327
3.7		0.333333		0.0832971
3.7		0.4		0.463832
3.7		0.466667		0.146302
3.7		0.533333		0.169715
3.7		0.6		0.4966
3.7		0.666667		0.116238
3.7		0.733333		0.458293
3.7		0.8		0.349772
3.7		0.866667		0.0268923
3.7		0.933333		0.524862
3.72		0		0.489185
3.72		0.0666667		0.530602
3.72		0.133333		0.0756571
3.72		0.2		0.211297
3.72		0.266667		0.425913
3.72		0.333333		0.0826513
3.72		0.4		0.463528
3.72		0.466667		0.145086
3.72		0.533333		0.168289
3.72		0.6		0.496253
3.72		0.666667		0.115468
3.72		0.733333		0.457964
3.72		0.8		0.349321
3.72		0.866667		0.0267093
3.72		0.933333		0.525138
3.74		0		0.48909
3.74		0.0666667		0.530684
3.74		0.133333		0.0753112
3.74		0.2		0.211134
3.74		0.266667		0.425507
3.74		0.333333		0.0820154
3.74		0.4		0.463265
3.74		0.466667		0.14389
3.74		0.533333		0.166887
3.74		0.6		0.495945
3.74		0.666667		0.11471
3.74		0.733333		0.457641
3.74		0.8		0.348878
3.74		0.866667		0.0265288
3.74		0.933333		0.525411
3.76		0		0.488995
3.76		0.0666667		0.530766
3.76		0.133333		0.0749701
3.76		0.2		0.210974
3.76		0.266667		0.425107
3.76		0.333333		0.0813891
3.76		0.4		0.463043
3.76		0.466667		0.142714
3.76		0.533333		0.165508
3.76		0.6		0.495675
3.76		0.666667		0.113964
3.76		0.733333		0.457324
3.76		0.8		0.348441
3.76		0.866667		0.0263507
3.76		0.933333		0.525683
3.78		0		0.488902
3.78		0.0666667		0.530849
3.78		0.133333		0.0746335
3.78		0.2		0.210818
3.78		0.266667		0.424715
3.78		0.333333		0.0807722
3.78		0.4		0.462859
3.78		0.466667		0.141558
3.78		0.533333		0.164152
3.78		0.6		0.495442
3.78		0.666667		0.11323
3.78		0.733333		0.457013
3.78		0.8		0.348011
3.78		0.866667		0.0261749
3.78		0.933333		0.525951
3.8		0		0.488811
3.8		0.0666667		0.530931
3.8		0.133333		0.0743016
3.8		0.2		0.210665
3.8		0.266667		0.424329
3.8		0.333333		0.0801644
3.8		0.4		0.462714
3.8		0.466667		0.14042
3.8		0.533333		0.162819
3.8		0.6		0.495245
3.8		0.666667		0.112507
3.8		0.733333		0.456707
3.8		0.8		0.347588
3.8		0.866667		0.0260015
3.8		0.933333		0.526218
3.82		0		0.48872
3.82		0.0666667		0.531015
3.82		0.133333		0.0739741
3.82		0.2		0.210516
3.82		0.266667		0.42395
3.82		0.333333		0.0795656
3.82		0.4		0.462607
3.82		0.466667		0.139301
3.82		0.533333		0.161507
3.82		0.6		0.495083
3.82		0.666667		0.111796
3.82		0.733333		0.456406
3.82		0.8		0.347171
3.82		0.866667		0.0258304
3.82		0.933333		0.526482
3.84		0		0.488631
3.84		0.0666667		0.531098
3.84		0.133333		0.0736509
3.84		0.2		0.210369
3.84		0.266667		0.423578
3.84		0.333333		0.0789756
3.84		0.4		0.462535
3.84		0.466667		0.1382
3.84		0.533333		0.160216
3.84		0.6		0.494956
3.84		0.666667		0.111095
3.84		0.733333		0.456111
3.84		0.8		0.346761
3.84		0.866667		0.0256614
3.84		0.933333		0.526745
3.86		0		0.488543
3.86		0.0666667		0.531182
3.86		0.133333		0.0733321
3.86		0.2		0.210225
3.86		0.266667		0.423211
3.86		0.333333		0.0783941
3.86		0.4		0.4625
3.86		0.466667		0.137116
3.86		0.533333		0.158946
3.86		0.6		0.494863
3.86		0.666667		0.110405
3.86		0.733333		0.45582
3.86		0.8		0.346357
3.86		0.866667		0.0254947
3.86		0.933333		0.527004
3.88		0		0.488456
3.88		0.0666667		0.531266
3.88		0.133333		0.0730175
3.88		0.2		0.210084
3.88		0.266667		0.422851
3.88		0.333333		0.0778211
3.88		0.4		0.462498
3.88		0.466667		0.13605
3.88		0.533333		0.157696
3.88		0.6		0.494803
3.88		0.666667		0.109725
3.88		0.733333		0.455535
3.88		0.8		0.345959
3.88		0.866667		0.0253301
3.88		0.933333		0.527262
3.9		0		0.488371
3.9		0.0666667		0.53135
3.9		0.133333		0.072707
3.9		0.2		0.209946
3.9		0.266667		0.422496
3.9		0.333333		0.0772562
3.9		0.4		0.462531
3.9		0.466667		0.135
3.9		0.533333		0.156465
3.9		0.6		0.494774
3.9		0.666667		0.109055
3.9		0.733333		0.455254
3.9		0.8		0.345567
3.9		0.866667		0.0251676
3.9		0.933333		0.527518
3.92		0		0.488286
3.92		0.0666667		0.531435
3.92		0.133333		0.0724005
3.92		0.2		0.20981
3.92		0.266667		0.422148
3.92		0.333333		0.0766994
3.92		0.4		0.462597
3.92		0.466667		0.133967
3.92		0.533333		0.155254
3.92		0.6		0.494778
3.92		0.666667		0.108396
3.92		0.733333		0.454978
3.92		0.8		0.345181
3.92		0.866667		0.0250072
3.92		0.933333		0.527771
3.94		0		0.488203
3.94		0.0666667		0.531519
3.94		0.133333		0.072098
3.94		0.2		0.209678
3.94		0.266667		0.421804
3.94		0.333333		0.0761505
3.94		0.4		0.462695
3.94		0.466667		0.13295
3.94		0.533333		0.154062
3.94		0.6		0.494811
3.94		0.666667		0.107746
3.94		0.733333		0.454707
3.94		0.8		0.3448
3.94		0.866667		0.0248487
3.94		0.933333		0.528023
3.96		0		0.488121
3.96		0.0666667		0.531604
3.96		0.133333		0.0717994
3.96		0.2		0.209547
3.96		0.266667		0.421467
3.96		0.333333		0.0756093
3.96		0.4		0.462825
3.96		0.466667		0.131948
3.96		0.533333		0.152888
3.96		0.6		0.494875
3.96		0.666667		0.107105
3.96		0.733333		0.45444
3.96		0.8		0.344425
3.96		0.866667		0.0246923
3.96		0.933333		0.528272
3.98		0		0.488039
3.98		0.0666667		0.531689
3.98		0.133333		0.0715046
3.98		0.2		0.20942
3.98		0.266667		0.421135
3.98		0.333333		0.0750757
3.98		0.4		0.462985
3.98		0.466667		0.130961
3.98		0.533333		0.151732
3.98		0.6		0.494968
3.98		0.666667		0.106474
3.98		0.733333		0.454178
3.98		0.8		0.344056
3.98		0.866667		0.0245378
3.98		0.933333		0.52852
4		0		0.487959
4		0.0666667		0.531774
4		0.133333		0.0712135
4		0.2		0.209295
4		0.266667		0.420807
4		0.333333		0.0745494
4		0.4		0.463176
4		0.466667		0.12999
4		0.533333		0.150593
4		0.6		0.49509
4		0.666667		0.105852
4		0.733333		0.453919
4		0.8		0.343692
4		0.866667		0.0243853
4		0.933333		0.528765
4.02		0		0.48788
4.02		0.0666667		0.531859
4.02		0.133333		0.0709262
4.02		0.2		0.209172
4.02		0.266667		0.420486
4.02		0.333333		0.0740304
4.02		0.4		0.463396
4.02		0.466667		0.129033
4.02		0.533333		0.149472
4.02		0.6		0.495239
4.02		0.666667		0.105239
4.02		0.733333		0.453665
4.02		0.8		0.343333
4.02		0.866667		0.0242346
4.02		0.933333		0.529008
4.04		0		0.487802
4.04		0.0666667		0.531945
4.04		0.133333		0.0706424
4.04		0.2		0.209052
4.04		0.266667		0.420169
4.04		0.333333		0.0735185
4.04		0.4		0.463645
4.04		0.466667		0.12809
4.04		0.533333		0.148367
4.04		0.6		0.495416
4.04		0.666667		0.104635
4.04		0.733333		0.453415
4.04		0.8		0.34298
4.04		0.866667		0.0240857
4.04		0.933333		0.52925
4.06		0		0.487725
4.06		0.0666667		0.53203
4.06		0.133333		0.0703621
4.06		0.2		0.208934
4.06		0.266667		0.419856
4.06		0.333333		0.0730136
4.06		0.4		0.463922
4.06		0.466667		0.127161
4.06		0.533333		0.147278
4.06		0.6		0.49562
4.06		0.666667		0.10404
4.06		0.733333		0.453169
4.06		0.8		0.342631
4.06		0.866667		0.0239387
4.06		0.933333		0.529489
4.08		0		0.487649
4.08		0.0666667		0.532116
4.08		0.133333		0.0700854
4.08		0.2		0.208818
4.08		0.266667		0.419549
4.08		0.333333		0.0725155
4.08		0.4		0.464227
4.08		0.466667		0.126245
4.08		0.533333		0.146206
4.08		0.6		0.49585
4.08		0.666667		0.103452
4.08		0.733333		0.452927
4.08		0.8		0.342287
4.08		0.866667		0.0237934
4.08		0.933333		0.529727
4.1		0		0.487573
4.1		0.0666667		0.532201
4.1		0.133333		0.069812
4.1		0.2		0.208704
4.1		0.266667		0.419246
4.1		0.333333		0.072024
4.1		0.4		0.464559
4.1		0.466667		0.125343
4.1		0.533333		0.145149
4.1		0.6		0.496106
4.1		0.666667		0.102873
4.1		0.733333		0.452688
4.1		0.8		0.341949
4.1		0.866667		0.0236499
4.1		0.933333		0.529962
4.12		0		0.487499
4.12		0.0666667		0.532287
4.12		0.133333		0.069542
4.12		0.2		0.208593
4.12		0.266667		0.418948
4.12		0.333333		0.0715391
4.12		0.4		0.464917
4.12		0.466667		0.124454
4.12		0.533333		0.144107
4.12		0.6		0.496386
4.12		0.666667		0.102302
4.12		0.733333		0.452453
4.12		0.8		0.341615
4.12		0.866667		0.0235081
4.12		0.933333		0.530196
4.14		0		0.487426
4.14		0.0666667		0.532372
4.14		0.133333		0.0692752
4.14		0.2		0.208484
4.14		0.266667		0.418654
4.14		0.333333		0.0710606
4.14		0.4		0.465301
4.14		0.466667		0.123577
4.14		0.533333		0.143081
4.14		0.6		0.496691
4.14		0.666667		0.101739
4.14		0.733333		0.452222
4.14		0.8		0.341285
4.14		0.866667		0.0233679
4.14		0.933333		0.530428
4.16		0		0.487353
4.16		0.0666667		0.532458
4.16		0.133333		0.0690117
4.16		0.2		0.208376
4.16		0.266667		0.418365
4.16		0.333333		0.0705884
4.16		0.4		0.46571
4.16		0.466667		0.122713
4.16		0.533333		0.142069
4.16		0.6		0.497021
4.16		0.666667		0.101183
4.16		0.733333		0.451994
4.16		0.8		0.340961
4.16		0.866667		0.0232294
4.16		0.933333		0.530658
4.18		0		0.487282
4.18		0.0666667		0.532543
4.18		0.133333		0.0687514
4.18		0.2		0.208271
4.18		0.266667		0.41808
4.18		0.333333		0.0701224
4.18		0.4		0.466144
4.18		0.466667		0.121861
4.18		0.533333		0.141071
4.18		0.6		0.497374
4.18		0.666667		0.100636
4.18		0.733333		0.451769
4.18		0.8		0.34064
4.18		0.866667		0.0230926
4.18		0.933333		0.530886
4.2		0		0.487211
4.2		0.0666667		0.532629
4.2		0.133333		0.0684942
4.2		0.2		0.208168
4.2		0.266667		0.417798
4.2		0.333333		0.0696624
4.2		0.4		0.466602
4.2		0.466667		0.121022
4.2		0.533333		0.140087
4.2		0.6		0.497749
4.2		0.666667		0.100095
4.2		0.733333		0.451548
4.2		0.8		0.340324
4.2		0.866667		0.0229573
4.2		0.933333		0.531113
4.22		0		0.487141
4.22		0.0666667		0.532714
4.22		0.133333		0.06824
4.22		0.2		0.208066
4.22		0.266667		0.417521
4.22		0.333333		0.0692083
4.22		0.4		0.467083
4.22		0.466667		0.120193
4.22		0.533333		0.139117
4.22		0.6		0.498148
4.22		0.666667		0.099562
4.22		0.733333		0.45133
4.22		0.8		0.340013
4.22		0.866667		0.0228236
4.22		0.933333		0.531338
4.24		0		0.487072
4.24		0.0666667		0.5328
4.24		0.133333		0.0679888
4.24		0.2		0.207967
4.24		0.266667		0.417248
4.24		0.333333		0.0687601
4.24		0.4		0.467588
4.24		0.466667		0.119376
4.24		0.533333		0.13816
4.24		0.6		0.498568
4.24		0.666667		0.099036
4.24		0.733333		0.451115
4.24		0.8		0.339705
4.24		0.866667		0.0226915
4.24		0.933333		0.531561
4.26		0		0.487004
4.26		0.0666667		0.532885
4.26		0.133333		0.0677406
4.26		0.2		0.207869
4.26		0.266667		0.416979
4.26		0.333333		0.0683176
4.26		0.4		0.468116
4.26		0.466667		0.118571
4.26		0.533333		0.137217
4.26		0.6		0.499011
4.26		0.666667		0.0985169
4.26		0.733333		0.450904
4.26		0.8		0.339402
4.26		0.866667		0.0225608
4.26		0.933333		0.531782
4.28		0		0.486937
4.28		0.0666667		0.532971
4.28		0.133333		0.0674953
4.28		0.2		0.207773
4.28		0.266667		0.416714
4.28		0.333333		0.0678807
4.28		0.4		0.468666
4.28		0.466667		0.117776
4.28		0.533333		0.136286
4.28		0.6		0.499474
4.28		0.666667		0.0980048
4.28		0.733333		0.450695
4.28		0.8		0.339103
4.28		0.866667		0.0224317
4.28		0.933333		0.532001
4.3		0		0.48687
4.3		0.0666667		0.533056
4.3		0.133333		0.0672528
4.3		0.2		0.207679
4.3		0.266667		0.416452
4.3		0.333333		0.0674493
4.3		0.4		0.469237
4.3		0.466667		0.116992
4.3		0.533333		0.135368
4.3		0.6		0.499958
4.3		0.666667		0.0974993
4.3		0.733333		0.450489
4.3		0.8		0.338808
4.3		0.866667		0.022304
4.3		0.933333		0.532219
4.32		0		0.486805
4.32		0.0666667		0.533141
4.32		0.133333		0.0670131
4.32		0.2		0.207587
4.32		0.266667		0.416194
4.32		0.333333		0.0670233
4.32		0.4		0.46983
4.32		0.466667		0.116219
4.32		0.533333		0.134462
4.32		0.6		0.500463
4.32		0.666667		0.0970005
4.32		0.733333		0.450287
4.32		0.8		0.338516
4.32		0.866667		0.0221777
4.32		0.933333		0.532435
4.34		0		0.48674
4.34		0.0666667		0.533226
4.34		0.133333		0.0667762
4.34		0.2		0.207496
4.34		0.266667		0.415939
4.34		0.333333		0.0666026
4.34		0.4		0.470444
4.34		0.466667		0.115455
4.34		0.533333		0.133568
4.34		0.6		0.500987
4.34		0.666667		0.0965081
4.34		0.733333		0.450087
4.34		0.8		0.338229
4.34		0.866667		0.0220528
4.34		0.933333		0.53265
4.36		0		0.486676
4.36		0.0666667		0.533311
4.36		0.133333		0.066542
4.36		0.2		0.207407
4.36		0.266667		0.415688
4.36		0.333333		0.066187
4.36		0.4		0.469801
4.36		0.466667		0.114702
4.36		0.533333		0.132687
4.36		0.6		0.501531
4.36		0.666667		0.0960221
4.36		0.733333		0.44989
4.36		0.8		0.337945
4.36		0.866667		0.0219294
4.36		0.933333		0.532863
4.38		0		0.486612
4.38		0.0666667		0.533396
4.38		0.133333		0.0663104
4.38		0.2		0.207319
4.38		0.266667		0.41544
4.38		0.333333		0.0657766
4.38		0.4		0.46878
4.38		0.466667		0.113959
4.38		0.533333		0.131816
4.38		0.6		0.502095
4.38		0.666667		0.0955423
4.38		0.733333		0.449695
4.38		0.8		0.337665
4.38		0.866667		0.0218073
4.38		0.933333		0.533074
4.4		0		0.48655
4.4		0.0666667		0.533481
4.4		0.133333		0.0660814
4.4		0.2		0.207233
4.4		0.266667		0.415196
4.4		0.333333		0.0653712
4.4		0.4		0.467787
4.4		0.466667		0.113226
4.4		0.533333		0.130958
4.4		0.6		0.502677
4.4		0.666667		0.0950686
4.4		0.733333		0.449504
4.4		0.8		0.337389
4.4		0.866667		0.0216865
4.4		0.933333		0.533284
4.42		0		0.486488
4.42		0.0666667		0.533565
4.42		0.133333		0.0658551
4.42		0.2		0.207149
4.42		0.266667		0.414955
4.42		0.333333		0.0649707
4.42		0.4		0.466822
4.42		0.466667		0.112502
4.42		0.533333		0.13011
4.42		0.6		0.503278
4.42		0.666667		0.0946009
4.42		0.733333		0.449314
4.42		0.8		0.337116
4.42		0.866667		0.0215671
4.42		0.933333		0.533492
4.44		0		0.486426
4.44		0.0666667		0.53365
4.44		0.133333		0.0656312
4.44		0.2		0.207066
4.44		0.266667		0.414717
4.44		0.333333		0.0645751
4.44		0.4		0.465884
4.44		0.466667		0.111787
4.44		0.533333		0.129273
4.44		0.6		0.503896
4.44		0.666667		0.0941391
4.44		0.733333		0.449128
4.44		0.8		0.336847
4.44		0.866667		0.021449
4.44		0.933333		0.533698
4.46		0		0.486366
4.46		0.0666667		0.533734
4.46		0.133333		0.0654099
4.46		0.2		0.206985
4.46		0.266667		0.414482
4.46		0.333333		0.0641842
4.46		0.4		0.464972
4.46		0.466667		0.111081
4.46		0.533333		0.128447
4.46		0.6		0.502516
4.46		0.666667		0.0936831
4.46		0.733333		0.448944
4.46		0.8		0.336581
4.46		0.866667		0.0213321
4.46		0.933333		0.533903
4.48		0		0.486306
4.48		0.0666667		0.533818
4.48		0.133333		0.0651909
4.48		0.2		0.206905
4.48		0.266667		0.41425
4.48		0.333333		0.0637979
4.48		0.4		0.464086
4.48		0.466667		0.110385
4.48		0.533333		0.127632
4.48		0.6		0.500737
4.48		0.666667		0.0932328
4.48		0.733333		0.448762
4.48		0.8		0.336318
4.48		0.866667		0.0212165
4.48		0.933333		0.534107
4.5		0		0.486247
4.5		0.0666667		0.533902
4.5		0.133333		0.0649744
4.5		0.2		0.206826
4.5		0.266667		0.414021
4.5		0.333333		0.0634163
4.5		0.4		0.463226
4.5		0.466667		0.109697
4.5		0.533333		0.126826
4.5		0.6		0.498995
4.5		0.666667		0.092788
4.5		0.733333		0.448583
4.5		0.8		0.336059
4.5		0.866667		0.0211022
4.5		0.933333		0.534309
4.52		0		0.486188
4.52		0.0666667		0.533986
4.52		0.133333		0.0647603
4.52		0.2		0.206749
4.52		0.266667		0.413796
4.52		0.333333		0.0630391
4.52		0.4		0.462392
4.52		0.466667		0.109018
4.52		0.533333		0.126031
4.52		0.6		0.497288
4.52		0.666667		0.0923488
4.52		0.733333		0.448406
4.52		0.8		0.335803
4.52		0.866667		0.0209891
4.52		0.933333		0.534509
4.54		0		0.48613
4.54		0.0666667		0.53407
4.54		0.133333		0.0645484
4.54		0.2		0.206673
4.54		0.266667		0.413573
4.54		0.333333		0.0626664
4.54		0.4		0.461581
4.54		0.466667		0.108347
4.54		0.533333		0.125246
4.54		0.6		0.495618
4.54		0.666667		0.0919149
4.54		0.733333		0.448232
4.54		0.8		0.33555
4.54		0.866667		0.0208771
4.54		0.933333		0.534708
4.56		0		0.486073
4.56		0.0666667		0.534153
4.56		0.133333		0.0643389
4.56		0.2		0.206598
4.56		0.266667		0.413353
4.56		0.333333		0.062298
4.56		0.4		0.460796
4.56		0.466667		0.107685
4.56		0.533333		0.124471
4.56		0.6		0.493981
4.56		0.666667		0.0914863
4.56		0.733333		0.448059
4.56		0.8		0.3353
4.56		0.866667		0.0207664
4.56		0.933333		0.534905
4.58		0		0.486017
4.58		0.0666667		0.534237
4.58		0.133333		0.0641316
4.58		0.2		0.206525
4.58		0.266667		0.413135
4.58		0.333333		0.0619338
4.58		0.4		0.460034
4.58		0.466667		0.10703
4.58		0.533333		0.123705
4.58		0.6		0.492379
4.58		0.666667		0.0910628
4.58		0.733333		0.447889
4.58		0.8		0.335054
4.58		0.866667		0.0206568
4.58		0.933333		0.535102
4.6		0		0.485961
4.6		0.0666667		0.53432
4.6		0.133333		0.0639265
4.6		0.2		0.206453
4.6		0.266667		0.412921
4.6		0.333333		0.0615739
4.6		0.4		0.459295
4.6		0.466667		0.106384
4.6		0.533333		0.122949
4.6		0.6		0.490809
4.6		0.666667		0.0906445
4.6		0.733333		0.447721
4.6		0.8		0.33481
4.6		0.866667		0.0205483
4.6		0.933333		0.535296
4.62		0		0.485905
4.62		0.0666667		0.534403
4.62		0.133333		0.0637237
4.62		0.2		0.206382
4.62		0.266667		0.412709
4.62		0.333333		0.0612181
4.62		0.4		0.45858
4.62		0.466667		0.105746
4.62		0.533333		0.122202
4.62		0.6		0.489272
4.62		0.666667		0.0902312
4.62		0.733333		0.447555
4.62		0.8		0.33457
4.62		0.866667		0.020441
4.62		0.933333		0.535489
4.64		0		0.485851
4.64		0.0666667		0.534485
4.64		0.133333		0.0635229
4.64		0.2		0.206313
4.64		0.266667		0.4125
4.64		0.333333		0.0608663
4.64		0.4		0.457887
4.64		0.466667		0.105115
4.64		0.533333		0.121463
4.64		0.6		0.487767
4.64		0.666667		0.0898228
4.64		0.733333		0.447392
4.64		0.8		0.334332
4.64		0.866667		0.0203348
4.64		0.933333		0.535681
4.66		0		0.485796
4.66		0.0666667		0.534568
4.66		0.133333		0.0633243
4.66		0.2		0.206244
4.66		0.266667		0.412293
4.66		0.333333		0.0605185
4.66		0.4		0.457216
4.66		0.466667		0.104492
4.66		0.533333		0.120734
4.66		0.6		0.486293
4.66		0.666667		0.0894192
4.66		0.733333		0.44723
4.66		0.8		0.334097
4.66		0.866667		0.0202296
4.66		0.933333		0.535871
4.68		0		0.485743
4.68		0.0666667		0.53465
4.68		0.133333		0.0631278
4.68		0.2		0.206177
4.68		0.266667		0.412089
4.68		0.333333		0.0601747
4.68		0.4		0.456567
4.68		0.466667		0.103876
4.68		0.533333		0.120013
4.68		0.6		0.484849
4.68		0.666667		0.0890204
4.68		0.733333		0.44707
4.68		0.8		0.333866
4.68		0.866667		0.0201256
4.68		0.933333		0.536061
4.7		0		0.48569
4.7		0.0666667		0.534732
4.7		0.133333		0.0629333
4.7		0.2		0.206111
4.7		0.266667		0.411887
4.7		0.333333		0.0598347
4.7		0.4		0.45594
4.7		0.466667		0.103268
4.7		0.533333		0.119301
4.7		0.6		0.483435
4.7		0.666667		0.0886262
4.7		0.733333		0.446912
4.7		0.8		0.333636
4.7		0.866667		0.0200226
4.7		0.933333		0.536248
4.72		0		0.485638
4.72		0.0666667		0.534814
4.72		0.133333		0.0627408
4.72		0.2		0.206046
4.72		0.266667		0.411688
4.72		0.333333		0.0594985
4.72		0.4		0.455334
4.72		0.466667		0.102667
4.72		0.533333		0.118598
4.72		0.6		0.48205
4.72		0.666667		0.0882367
4.72		0.733333		0.446757
4.72		0.8		0.33341
4.72		0.866667		0.0199206
4.72		0.933333		0.536435
4.74		0		0.485586
4.74		0.0666667		0.534896
4.74		0.133333		0.0625503
4.74		0.2		0.205982
4.74		0.266667		0.411491
4.74		0.333333		0.059166
4.74		0.4		0.454749
4.74		0.466667		0.102073
4.74		0.533333		0.117903
4.74		0.6		0.480694
4.74		0.666667		0.0878516
4.74		0.733333		0.446603
4.74		0.8		0.333186
4.74		0.866667		0.0198197
4.74		0.933333		0.536619
4.76		0		0.485534
4.76		0.0666667		0.534977
4.76		0.133333		0.0623617
4.76		0.2		0.205919
4.76		0.266667		0.411297
4.76		0.333333		0.0588372
4.76		0.4		0.454184
4.76		0.466667		0.101485
4.76		0.533333		0.117215
4.76		0.6		0.479366
4.76		0.666667		0.087471
4.76		0.733333		0.446451
4.76		0.8		0.332965
4.76		0.866667		0.0197198
4.76		0.933333		0.536803
4.78		0		0.485484
4.78		0.0666667		0.535058
4.78		0.133333		0.0621751
4.78		0.2		0.205857
4.78		0.266667		0.411104
4.78		0.333333		0.058512
4.78		0.4		0.45364
4.78		0.466667		0.100905
4.78		0.533333		0.116536
4.78		0.6		0.478065
4.78		0.666667		0.0870948
4.78		0.733333		0.446301
4.78		0.8		0.332747
4.78		0.866667		0.0196208
4.78		0.933333		0.536986
4.8		0		0.485433
4.8		0.0666667		0.535139
4.8		0.133333		0.0619904
4.8		0.2		0.205797
4.8		0.266667		0.410915
4.8		0.333333		0.0581903
4.8		0.4		0.453115
4.8		0.466667		0.100331
4.8		0.533333		0.115865
4.8		0.6		0.476791
4.8		0.666667		0.0867228
4.8		0.733333		0.446152
4.8		0.8		0.332531
4.8		0.866667		0.0195229
4.8		0.933333		0.537167
4.82		0		0.485384
4.82		0.0666667		0.53522
4.82		0.133333		0.0618076
4.82		0.2		0.205737
4.82		0.266667		0.410727
4.82		0.333333		0.0578721
4.82		0.4		0.45261
4.82		0.466667		0.0997638
4.82		0.533333		0.115201
4.82		0.6		0.475544
4.82		0.666667		0.0863551
4.82		0.733333		0.446005
4.82		0.8		0.332317
4.82		0.866667		0.0194259
4.82		0.933333		0.537346
4.84		0		0.485335
4.84		0.0666667		0.535301
4.84		0.133333		0.0616266
4.84		0.2		0.205678
4.84		0.266667		0.410541
4.84		0.333333		0.0575574
4.84		0.4		0.452123
4.84		0.466667		0.099203
4.84		0.533333		0.114545
4.84		0.6		0.474323
4.84		0.666667		0.0859915
4.84		0.733333		0.44586
4.84		0.8		0.332106
4.84		0.866667		0.0193299
4.84		0.933333		0.537525
4.86		0		0.485286
4.86		0.0666667		0.535381
4.86		0.133333		0.0614474
4.86		0.2		0.205621
4.86		0.266667		0.410358
4.86		0.333333		0.057246
4.86		0.4		0.451656
4.86		0.466667		0.0986486
4.86		0.533333		0.113896
4.86		0.6		0.473126
4.86		0.666667		0.085632
4.86		0.733333		0.445717
4.86		0.8		0.331898
4.86		0.866667		0.0192348
4.86		0.933333		0.537702
4.88		0		0.485238
4.88		0.0666667		0.535461
4.88		0.133333		0.0612699
4.88		0.2		0.205564
4.88		0.266667		0.410177
4.88		0.333333		0.056938
4.88		0.4		0.451207
4.88		0.466667		0.0981003
4.88		0.533333		0.113255
4.88		0.6		0.471955
4.88		0.666667		0.0852765
4.88		0.733333		0.445576
4.88		0.8		0.331691
4.88		0.866667		0.0191406
4.88		0.933333		0.537878
4.9		0		0.48519
4.9		0.0666667		0.535541
4.9		0.133333		0.0610943
4.9		0.2		0.205508
4.9		0.266667		0.409997
4.9		0.333333		0.0566332
4.9		0.4		0.450777
4.9		0.466667		0.0975583
4.9		0.533333		0.11262
4.9		0.6		0.470808
4.9		0.666667		0.084925
4.9		0.733333		0.445436
4.9		0.8		0.331488
4.9		0.866667		0.0190473
4.9		0.933333		0.538053
4.92		0		0.485143
4.92		0.0666667		0.53562
4.92		0.133333		0.0609204
4.92		0.2		0.205453
4.92		0.266667		0.40982
4.92		0.333333		0.0563316
4.92		0.4		0.450364
4.92		0.466667		0.0970222
4.92		0.533333		0.111993
4.92		0.6		0.469685
4.92		0.666667		0.0845773
4.92		0.733333		0.445297
4.92		0.8		0.331286
4.92		0.866667		0.018955
4.92		0.933333		0.538227
4.94		0		0.485096
4.94		0.0666667		0.5357
4.94		0.133333		0.0607481
4.94		0.2		0.205399
4.94		0.266667		0.409645
4.94		0.333333		0.0560333
4.94		0.4		0.449969
4.94		0.466667		0.0964921
4.94		0.533333		0.111373
4.94		0.6		0.468586
4.94		0.666667		0.0842335
4.94		0.733333		0.44516
4.94		0.8		0.331087
4.94		0.866667		0.0188635
4.94		0.933333		0.538399
4.96		0		0.48505
4.96		0.0666667		0.535779
4.96		0.133333		0.0605776
4.96		0.2		0.205346
4.96		0.266667		0.409472
4.96		0.333333		0.055738
4.96		0.4		0.449592
4.96		0.466667		0.0959678
4.96		0.533333		0.11076
4.96		0.6		0.46751
4.96		0.666667		0.0838934
4.96		0.733333		0.445025
4.96		0.8		0.33089
4.96		0.866667		0.0187729
4.96		0.933333		0.53857
4.98		0		0.485004
4.98		0.0666667		0.535857
4.98		0.133333		0.0604087
4.98		0.2		0.205294
4.98		0.266667		0.409301
4.98		0.333333		0.0554458
4.98		0.4		0.449232
4.98		0.466667		0.0954492
4.98		0.533333		0.110153
4.98		0.6		0.466456
4.98		0.666667		0.083557
4.98		0.733333		0.444891
4.98		0.8		0.330695
4.98		0.866667		0.0186832
4.98		0.933333		0.538741
5		0		0.484959
5		0.0666667		0.535936
5		0.133333		0.0602415
5		0.2		0.205242
5		0.266667		0.409131
5		0.333333		0.0551567
5		0.4		0.448888
5		0.466667		0.0949363
5		0.533333		0.109553
5		0.6		0.465425
5		0.666667		0.0832243
5		0.733333		0.444759
5		0.8		0.330502
5		0.866667		0.0185943
5		0.933333		0.538909
