0.02		0		0.42104
0.02		0.0666667		0.248349
0.02		0.133333		0.535299
0.02		0.2		0.450714
0.02		0.266667		0.209939
0.02		0.333333		0.41212
0.02		0.4		0.583092
0.02		0.466667		0.376762
0.02		0.533333		0.304258
0.02		0.6		0.424789
0.02		0.666667		0.198007
0.02		0.733333		0.616734
0.02		0.8		0.457092
0.02		0.866667		0.34281
0.02		0.933333		0.327559
0.04		0		0.404115
0.04		0.0666667		0.242544
0.04		0.133333		0.292001
0.04		0.2		0.514441
0.04		0.266667		0.320595
0.04		0.333333		0.388731
0.04		0.4		0.31806
0.04		0.466667		0.395183
0.04		0.533333		0.447882
0.04		0.6		0.341259
0.04		0.666667		0.443417
0.04		0.733333		0.525682
0.04		0.8		0.553393
0.04		0.866667		0.556209
0.04		0.933333		0.363475
0.06		0		0.399346
0.06		0.0666667		0.252474
0.06		0.133333		0.392808
0.06		0.2		0.551675
0.06		0.266667		0.535972
0.06		0.333333		0.454328
0.06		0.4		0.324766
0.06		0.466667		0.324238
0.06		0.533333		0.500536
0.06		0.6		0.356929
0.06		0.666667		0.408541
0.06		0.733333		0.545395
0.06		0.8		0.401416
0.06		0.866667		0.492603
0.06		0.933333		0.525804
0.08		0		0.404972
0.08		0.0666667		0.297551
0.08		0.133333		0.3935
0.08		0.2		0.526504
0.08		0.266667		0.649842
0.08		0.333333		0.552125
0.08		0.4		0.455606
0.08		0.466667		0.478786
0.08		0.533333		0.449618
0.08		0.6		0.284749
0.08		0.666667		0.54664
0.08		0.733333		0.236397
0.08		0.8		0.379341
0.08		0.866667		0.525542
0.08		0.933333		0.339595
0.1		0		0.417709
0.1		0.0666667		0.344516
0.1		0.133333		0.376022
0.1		0.2		0.488714
0.1		0.266667		0.491817
0.1		0.333333		0.206061
0.1		0.4		0.383791
0.1		0.466667		0.600818
0.1		0.533333		0.30226
0.1		0.6		0.38664
0.1		0.666667		0.525475
0.1		0.733333		0.443355
0.1		0.8		0.336514
0.1		0.866667		0.455717
0.1		0.933333		0.433747
0.12		0		0.435616
0.12		0.0666667		0.326211
0.12		0.133333		0.279964
0.12		0.2		0.294516
0.12		0.266667		0.471182
0.12		0.333333		0.409168
0.12		0.4		0.285414
0.12		0.466667		0.35357
0.12		0.533333		0.262633
0.12		0.6		0.426593
0.12		0.666667		0.365784
0.12		0.733333		0.398277
0.12		0.8		0.552179
0.12		0.866667		0.178824
0.12		0.933333		0.472795
0.14		0		0.457557
0.14		0.0666667		0.452109
0.14		0.133333		0.436712
0.14		0.2		0.506968
0.14		0.266667		0.547635
0.14		0.333333		0.355976
0.14		0.4		0.268501
0.14		0.466667		0.249371
0.14		0.533333		0.120773
0.14		0.6		0.378441
0.14		0.666667		0.163193
0.14		0.733333		0.351165
0.14		0.8		0.376249
0.14		0.866667		0.454181
0.14		0.933333		0.349001
0.16		0		0.482783
0.16		0.0666667		0.638087
0.16		0.133333		0.456228
0.16		0.2		0.263705
0.16		0.266667		0.470539
0.16		0.333333		0.304156
0.16		0.4		0.258648
0.16		0.466667		0.345183
0.16		0.533333		0.265131
0.16		0.6		0.456605
0.16		0.666667		0.113019
0.16		0.733333		0.209951
0.16		0.8		0.490098
0.16		0.866667		0.378493
0.16		0.933333		0.356106
0.18		0		0.510744
0.18		0.0666667		0.44879
0.18		0.133333		0.578678
0.18		0.2		0.415971
0.18		0.266667		0.460049
0.18		0.333333		0.17731
0.18		0.4		0.38995
0.18		0.466667		0.315012
0.18		0.533333		0.330631
0.18		0.6		0.611257
0.18		0.666667		0.0989737
0.18		0.733333		0.270373
0.18		0.8		0.39617
0.18		0.866667		0.301205
0.18		0.933333		0.41065
0.2		0		0.509729
0.2		0.0666667		0.421404
0.2		0.133333		0.13157
0.2		0.2		0.561931
0.2		0.266667		0.467153
0.2		0.333333		0.466096
0.2		0.4		0.321164
0.2		0.466667		0.441245
0.2		0.533333		0.217997
0.2		0.6		0.299619
0.2		0.666667		0.212296
0.2		0.733333		0.291512
0.2		0.8		0.556146
0.2		0.866667		0.405812
0.2		0.933333		0.441335
0.22		0		0.493916
0.22		0.0666667		0.201332
0.22		0.133333		0.227124
0.22		0.2		0.369651
0.22		0.266667		0.485212
0.22		0.333333		0.290976
0.22		0.4		0.375701
0.22		0.466667		0.204933
0.22		0.533333		0.206572
0.22		0.6		0.540503
0.22		0.666667		0.437582
0.22		0.733333		0.352563
0.22		0.8		0.288664
0.22		0.866667		0.433938
0.22		0.933333		0.45648
0.24		0		0.482339
0.24		0.0666667		0.387561
0.24		0.133333		0.607189
0.24		0.2		0.485398
0.24		0.266667		0.460469
0.24		0.333333		0.244416
0.24		0.4		0.232045
0.24		0.466667		0.138205
0.24		0.533333		0.533306
0.24		0.6		0.234917
0.24		0.666667		0.553317
0.24		0.733333		0.278909
0.24		0.8		0.522379
0.24		0.866667		0.475614
0.24		0.933333		0.25427
0.26		0		0.473709
0.26		0.0666667		0.327542
0.26		0.133333		0.459737
0.26		0.2		0.494342
0.26		0.266667		0.687386
0.26		0.333333		0.304436
0.26		0.4		0.360152
0.26		0.466667		0.387081
0.26		0.533333		0.242185
0.26		0.6		0.196931
0.26		0.666667		0.263122
0.26		0.733333		0.396751
0.26		0.8		0.389686
0.26		0.866667		0.46918
0.26		0.933333		0.417415
0.28		0		0.462025
0.28		0.0666667		0.395781
0.28		0.133333		0.260735
0.28		0.2		0.424273
0.28		0.266667		0.593861
0.28		0.333333		0.232962
0.28		0.4		0.513115
0.28		0.466667		0.398999
0.28		0.533333		0.394114
0.28		0.6		0.379588
0.28		0.666667		0.561551
0.28		0.733333		0.289167
0.28		0.8		0.341785
0.28		0.866667		0.0806001
0.28		0.933333		0.473166
0.3		0		0.452673
0.3		0.0666667		0.470796
0.3		0.133333		0.460795
0.3		0.2		0.37454
0.3		0.266667		0.629858
0.3		0.333333		0.339416
0.3		0.4		0.363284
0.3		0.466667		0.503827
0.3		0.533333		0.501137
0.3		0.6		0.431007
0.3		0.666667		0.273465
0.3		0.733333		0.496062
0.3		0.8		0.400437
0.3		0.866667		0.446982
0.3		0.933333		0.482422
0.32		0		0.445232
0.32		0.0666667		0.573546
0.32		0.133333		0.324407
0.32		0.2		0.478007
0.32		0.266667		0.423532
0.32		0.333333		0.483113
0.32		0.4		0.460207
0.32		0.466667		0.47706
0.32		0.533333		0.31814
0.32		0.6		0.563247
0.32		0.666667		0.445411
0.32		0.733333		0.462121
0.32		0.8		0.566398
0.32		0.866667		0.172631
0.32		0.933333		0.391525
0.34		0		0.439332
0.34		0.0666667		0.480465
0.34		0.133333		0.338869
0.34		0.2		0.433289
0.34		0.266667		0.276988
0.34		0.333333		0.289782
0.34		0.4		0.389938
0.34		0.466667		0.420855
0.34		0.533333		0.509266
0.34		0.6		0.346154
0.34		0.666667		0.577322
0.34		0.733333		0.363244
0.34		0.8		0.364644
0.34		0.866667		0.532707
0.34		0.933333		0.32786
0.36		0		0.383522
0.36		0.0666667		0.545066
0.36		0.133333		0.329474
0.36		0.2		0.418774
0.36		0.266667		0.541539
0.36		0.333333		0.402152
0.36		0.4		0.522277
0.36		0.466667		0.494464
0.36		0.533333		0.360686
0.36		0.6		0.357139
0.36		0.666667		0.183193
0.36		0.733333		0.350153
0.36		0.8		0.354518
0.36		0.866667		0.257586
0.36		0.933333		0.167639
0.38		0		0.340484
0.38		0.0666667		0.570606
0.38		0.133333		0.458566
0.38		0.2		0.560262
0.38		0.266667		0.439586
0.38		0.333333		0.375258
0.38		0.4		0.652231
0.38		0.466667		0.467786
0.38		0.533333		0.405616
0.38		0.6		0.439523
0.38		0.666667		0.412672
0.38		0.733333		0.371498
0.38		0.8		0.430332
0.38		0.866667		0.241289
0.38		0.933333		0.31103
0.4		0		0.341955
0.4		0.0666667		0.590846
0.4		0.133333		0.350188
0.4		0.2		0.403675
0.4		0.266667		0.50477
0.4		0.333333		0.365535
0.4		0.4		0.566034
0.4		0.466667		0.484655
0.4		0.533333		0.566109
0.4		0.6		0.537966
0.4		0.666667		0.685502
0.4		0.733333		0.348166
0.4		0.8		0.439873
0.4		0.866667		0.347026
0.4		0.933333		0.422985
0.42		0		0.43953
0.42		0.0666667		0.51726
0.42		0.133333		0.437041
0.42		0.2		0.445155
0.42		0.266667		0.573138
0.42		0.333333		0.358641
0.42		0.4		0.529984
0.42		0.466667		0.464181
0.42		0.533333		0.315978
0.42		0.6		0.365733
0.42		0.666667		0.365231
0.42		0.733333		0.406479
0.42		0.8		0.479694
0.42		0.866667		0.588535
0.42		0.933333		0.32559
0.44		0		0.399335
0.44		0.0666667		0.652526
0.44		0.133333		0.360537
0.44		0.2		0.37271
0.44		0.266667		0.482072
0.44		0.333333		0.412099
0.44		0.4		0.597073
0.44		0.466667		0.507509
0.44		0.533333		0.481852
0.44		0.6		0.460912
0.44		0.666667		0.554573
0.44		0.733333		0.420541
0.44		0.8		0.440739
0.44		0.866667		0.360503
0.44		0.933333		0.462773
0.46		0		0.387768
0.46		0.0666667		0.409107
0.46		0.133333		0.513598
0.46		0.2		0.226136
0.46		0.266667		0.391127
0.46		0.333333		0.390887
0.46		0.4		0.582666
0.46		0.466667		0.583165
0.46		0.533333		0.400458
0.46		0.6		0.445424
0.46		0.666667		0.416836
0.46		0.733333		0.550833
0.46		0.8		0.437428
0.46		0.866667		0.518691
0.46		0.933333		0.330086
0.48		0		0.389135
0.48		0.0666667		0.61575
0.48		0.133333		0.560143
0.48		0.2		0.570236
0.48		0.266667		0.203921
0.48		0.333333		0.553034
0.48		0.4		0.484062
0.48		0.466667		0.404736
0.48		0.533333		0.278452
0.48		0.6		0.396894
0.48		0.666667		0.594256
0.48		0.733333		0.157059
0.48		0.8		0.343094
0.48		0.866667		0.373316
0.48		0.933333		0.331347
0.5		0		0.408958
0.5		0.0666667		0.539426
0.5		0.133333		0.404341
0.5		0.2		0.544259
0.5		0.266667		0.227681
0.5		0.333333		0.492046
0.5		0.4		0.293705
0.5		0.466667		0.384624
0.5		0.533333		0.336095
0.5		0.6		0.441125
0.5		0.666667		0.420399
0.5		0.733333		0.604385
0.5		0.8		0.597658
0.5		0.866667		0.300391
0.5		0.933333		0.551953
0.52		0		0.426048
0.52		0.0666667		0.573778
0.52		0.133333		0.402463
0.52		0.2		0.500925
0.52		0.266667		0.281205
0.52		0.333333		0.372577
0.52		0.4		0.506549
0.52		0.466667		0.550659
0.52		0.533333		0.397173
0.52		0.6		0.503949
0.52		0.666667		0.304125
0.52		0.733333		0.488672
0.52		0.8		0.575948
0.52		0.866667		0.372574
0.52		0.933333		0.462279
0.54		0		0.441998
0.54		0.0666667		0.276884
0.54		0.133333		0.328547
0.54		0.2		0.380468
0.54		0.266667		0.278461
0.54		0.333333		0.450469
0.54		0.4		0.473649
0.54		0.466667		0.331044
0.54		0.533333		0.429237
0.54		0.6		0.182854
0.54		0.666667		0.541527
0.54		0.733333		0.486038
0.54		0.8		0.678387
0.54		0.866667		0.398049
0.54		0.933333		0.481944
0.56		0		0.459863
0.56		0.0666667		0.326235
0.56		0.133333		0.290465
0.56		0.2		0.441296
0.56		0.266667		0.553782
0.56		0.333333		0.452355
0.56		0.4		0.366997
0.56		0.466667		0.562237
0.56		0.533333		0.621872
0.56		0.6		0.254003
0.56		0.666667		0.610462
0.56		0.733333		0.487931
0.56		0.8		0.294547
0.56		0.866667		0.387037
0.56		0.933333		0.636972
0.58		0		0.481288
0.58		0.0666667		0.568565
0.58		0.133333		0.675385
0.58		0.2		0.35249
0.58		0.266667		0.387706
0.58		0.333333		0.317661
0.58		0.4		0.505673
0.58		0.466667		0.438672
0.58		0.533333		0.457845
0.58		0.6		0.46657
0.58		0.666667		0.658523
0.58		0.733333		0.369525
0.58		0.8		0.321862
0.58		0.866667		0.351846
0.58		0.933333		0.377187
0.6		0		0.507759
0.6		0.0666667		0.390449
0.6		0.133333		0.409856
0.6		0.2		0.264161
0.6		0.266667		0.404435
0.6		0.333333		0.498496
0.6		0.4		0.295054
0.6		0.466667		0.396938
0.6		0.533333		0.323931
0.6		0.6		0.214076
0.6		0.666667		0.594951
0.6		0.733333		0.387343
0.6		0.8		0.336823
0.6		0.866667		0.360996
0.6		0.933333		0.431331
0.62		0		0.541176
0.62		0.0666667		0.477218
0.62		0.133333		0.430506
0.62		0.2		0.230493
0.62		0.266667		0.349777
0.62		0.333333		0.299516
0.62		0.4		0.386242
0.62		0.466667		0.424147
0.62		0.533333		0.425279
0.62		0.6		0.397695
0.62		0.666667		0.642254
0.62		0.733333		0.350917
0.62		0.8		0.208388
0.62		0.866667		0.298734
0.62		0.933333		0.302324
0.64		0		0.584342
0.64		0.0666667		0.585587
0.64		0.133333		0.334244
0.64		0.2		0.280753
0.64		0.266667		0.281343
0.64		0.333333		0.346154
0.64		0.4		0.436868
0.64		0.466667		0.399208
0.64		0.533333		0.530181
0.64		0.6		0.470267
0.64		0.666667		0.60147
0.64		0.733333		0.402485
0.64		0.8		0.368948
0.64		0.866667		0.437105
0.64		0.933333		0.373584
0.66		0		0.631112
0.66		0.0666667		0.502598
0.66		0.133333		0.373187
0.66		0.2		0.274762
0.66		0.266667		0.444953
0.66		0.333333		0.420915
0.66		0.4		0.478125
0.66		0.466667		0.394316
0.66		0.533333		0.512948
0.66		0.6		0.336923
0.66		0.666667		0.577358
0.66		0.733333		0.463813
0.66		0.8		0.260601
0.66		0.866667		0.348231
0.66		0.933333		0.46076
0.68		0		0.605174
0.68		0.0666667		0.502787
0.68		0.133333		0.381937
0.68		0.2		0.249124
0.68		0.266667		0.551517
0.68		0.333333		0.229752
0.68		0.4		0.320033
0.68		0.466667		0.394537
0.68		0.533333		0.393021
0.68		0.6		0.319304
0.68		0.666667		0.560758
0.68		0.733333		0.521177
0.68		0.8		0.427888
0.68		0.866667		0.234931
0.68		0.933333		0.536271
0.7		0		0.562743
0.7		0.0666667		0.511712
0.7		0.133333		0.437168
0.7		0.2		0.28495
0.7		0.266667		0.327197
0.7		0.333333		0.323463
0.7		0.4		0.299982
0.7		0.466667		0.25603
0.7		0.533333		0.325202
0.7		0.6		0.331981
0.7		0.666667		0.547852
0.7		0.733333		0.53506
0.7		0.8		0.364669
0.7		0.866667		0.276025
0.7		0.933333		0.380627
0.72		0		0.525268
0.72		0.0666667		0.477601
0.72		0.133333		0.338987
0.72		0.2		0.423239
0.72		0.266667		0.439171
0.72		0.333333		0.366643
0.72		0.4		0.283429
0.72		0.466667		0.274646
0.72		0.533333		0.288541
0.72		0.6		0.240082
0.72		0.666667		0.530863
0.72		0.733333		0.366742
0.72		0.8		0.306251
0.72		0.866667		0.281798
0.72		0.933333		0.355876
0.74		0		0.465098
0.74		0.0666667		0.447045
0.74		0.133333		0.606632
0.74		0.2		0.193784
0.74		0.266667		0.303023
0.74		0.333333		0.370918
0.74		0.4		0.440745
0.74		0.466667		0.488351
0.74		0.533333		0.309611
0.74		0.6		0.274226
0.74		0.666667		0.514881
0.74		0.733333		0.456427
0.74		0.8		0.137832
0.74		0.866667		0.496178
0.74		0.933333		0.466405
0.76		0		0.394192
0.76		0.0666667		0.575986
0.76		0.133333		0.363637
0.76		0.2		0.324493
0.76		0.266667		0.250425
0.76		0.333333		0.390585
0.76		0.4		0.380694
0.76		0.466667		0.393146
0.76		0.533333		0.410132
0.76		0.6		0.306782
0.76		0.666667		0.340809
0.76		0.733333		0.454712
0.76		0.8		0.234906
0.76		0.866667		0.580173
0.76		0.933333		0.480371
0.78		0		0.33314
0.78		0.0666667		0.514348
0.78		0.133333		0.213874
0.78		0.2		0.466949
0.78		0.266667		0.21768
0.78		0.333333		0.425921
0.78		0.4		0.415492
0.78		0.466667		0.335544
0.78		0.533333		0.41044
0.78		0.6		0.352271
0.78		0.666667		0.523835
0.78		0.733333		0.463338
0.78		0.8		0.19706
0.78		0.866667		0.354315
0.78		0.933333		0.41392
0.8		0		0.329896
0.8		0.0666667		0.2837
0.8		0.133333		0.46134
0.8		0.2		0.244498
0.8		0.266667		0.150533
0.8		0.333333		0.468759
0.8		0.4		0.430638
0.8		0.466667		0.572234
0.8		0.533333		0.400433
0.8		0.6		0.27947
0.8		0.666667		0.53672
0.8		0.733333		0.486827
0.8		0.8		0.198504
0.8		0.866667		0.367151
0.8		0.933333		0.475396
0.82		0		0.366344
0.82		0.0666667		0.225584
0.82		0.133333		0.322493
0.82		0.2		0.177006
0.82		0.266667		0.16082
0.82		0.333333		0.528275
0.82		0.4		0.296617
0.82		0.466667		0.520546
0.82		0.533333		0.382622
0.82		0.6		0.328284
0.82		0.666667		0.544656
0.82		0.733333		0.514744
0.82		0.8		0.199685
0.82		0.866667		0.385687
0.82		0.933333		0.43496
0.84		0		0.395695
0.84		0.0666667		0.232469
0.84		0.133333		0.417865
0.84		0.2		0.20083
0.84		0.266667		0.234533
0.84		0.333333		0.327171
0.84		0.4		0.31351
0.84		0.466667		0.39651
0.84		0.533333		0.288429
0.84		0.6		0.346326
0.84		0.666667		0.508011
0.84		0.733333		0.56204
0.84		0.8		0.201803
0.84		0.866667		0.351466
0.84		0.933333		0.614214
0.86		0		0.406723
0.86		0.0666667		0.5175
0.86		0.133333		0.485946
0.86		0.2		0.316223
0.86		0.266667		0.345821
0.86		0.333333		0.451375
0.86		0.4		0.353636
0.86		0.466667		0.173894
0.86		0.533333		0.543152
0.86		0.6		0.25451
0.86		0.666667		0.385794
0.86		0.733333		0.567739
0.86		0.8		0.207759
0.86		0.866667		0.324052
0.86		0.933333		0.439129
0.88		0		0.447264
0.88		0.0666667		0.473981
0.88		0.133333		0.448462
0.88		0.2		0.41904
0.88		0.266667		0.416969
0.88		0.333333		0.485382
0.88		0.4		0.366037
0.88		0.466667		0.240464
0.88		0.533333		0.413055
0.88		0.6		0.329106
0.88		0.666667		0.614143
0.88		0.733333		0.519139
0.88		0.8		0.224706
0.88		0.866667		0.142749
0.88		0.933333		0.439905
0.9		0		0.537537
0.9		0.0666667		0.55655
0.9		0.133333		0.371511
0.9		0.2		0.3039
0.9		0.266667		0.382086
0.9		0.333333		0.501448
0.9		0.4		0.329472
0.9		0.466667		0.382754
0.9		0.533333		0.263258
0.9		0.6		0.360393
0.9		0.666667		0.298021
0.9		0.733333		0.438742
0.9		0.8		0.198638
0.9		0.866667		0.180282
0.9		0.933333		0.541506
0.92		0		0.552605
0.92		0.0666667		0.622702
0.92		0.133333		0.379917
0.92		0.2		0.297864
0.92		0.266667		0.275033
0.92		0.333333		0.459854
0.92		0.4		0.296215
0.92		0.466667		0.386948
0.92		0.533333		0.134098
0.92		0.6		0.375101
0.92		0.666667		0.459675
0.92		0.733333		0.326858
0.92		0.8		0.154815
0.92		0.866667		0.283085
0.92		0.933333		0.458914
0.94		0		0.439982
0.94		0.0666667		0.581295
0.94		0.133333		0.544036
0.94		0.2		0.486218
0.94		0.266667		0.190557
0.94		0.333333		0.465667
0.94		0.4		0.287605
0.94		0.466667		0.334313
0.94		0.533333		0.205653
0.94		0.6		0.501176
0.94		0.666667		0.533241
0.94		0.733333		0.281218
0.94		0.8		0.152304
0.94		0.866667		0.379637
0.94		0.933333		0.209813
0.96		0		0.397102
0.96		0.0666667		0.536911
0.96		0.133333		0.531345
0.96		0.2		0.45305
0.96		0.266667		0.25086
0.96		0.333333		0.540162
0.96		0.4		0.321037
0.96		0.466667		0.287059
0.96		0.533333		0.377806
0.96		0.6		0.325624
0.96		0.666667		0.226342
0.96		0.733333		0.361673
0.96		0.8		0.322814
0.96		0.866667		0.421414
0.96		0.933333		0.386142
0.98		0		0.448969
0.98		0.0666667		0.573179
0.98		0.133333		0.612083
0.98		0.2		0.281808
0.98		0.266667		0.215445
0.98		0.333333		0.442406
0.98		0.4		0.245294
0.98		0.466667		0.391586
0.98		0.533333		0.216536
0.98		0.6		0.413537
0.98		0.666667		0.35332
0.98		0.733333		0.376739
0.98		0.8		0.201233
0.98		0.866667		0.396989
0.98		0.933333		0.369828
1		0		0.581907
1		0.0666667		0.649358
1		0.133333		0.533433
1		0.2		0.409099
1		0.266667		0.217434
1		0.333333		0.394625
1		0.4		0.22357
1		0.466667		0.410091
1		0.533333		0.271697
1		0.6		0.590025
1		0.666667		0.577509
1		0.733333		0.475723
1		0.8		0.210307
1		0.866667		0.394987
1		0.933333		0.327864
1.02		0		0.616183
1.02		0.0666667		0.587857
1.02		0.133333		0.580411
1.02		0.2		0.327411
1.02		0.266667		0.260581
1.02		0.333333		0.341371
1.02		0.4		0.182331
1.02		0.466667		0.405997
1.02		0.533333		0.319798
1.02		0.6		0.438917
1.02		0.666667		0.300788
1.02		0.733333		0.206343
1.02		0.8		0.411196
1.02		0.866667		0.290606
1.02		0.933333		0.418256
1.04		0		0.586872
1.04		0.0666667		0.460635
1.04		0.133333		0.685212
1.04		0.2		0.426235
1.04		0.266667		0.343425
1.04		0.333333		0.499553
1.04		0.4		0.161507
1.04		0.466667		0.396522
1.04		0.533333		0.373629
1.04		0.6		0.361656
1.04		0.666667		0.465749
1.04		0.733333		0.426157
1.04		0.8		0.547515
1.04		0.866667		0.362828
1.04		0.933333		0.47006
1.06		0		0.546714
1.06		0.0666667		0.480922
1.06		0.133333		0.645544
1.06		0.2		0.512159
1.06		0.266667		0.307441
1.06		0.333333		0.674884
1.06		0.4		0.157401
1.06		0.466667		0.382015
1.06		0.533333		0.325802
1.06		0.6		0.345395
1.06		0.666667		0.44525
1.06		0.733333		0.369752
1.06		0.8		0.500475
1.06		0.866667		0.371484
1.06		0.933333		0.537825
1.08		0		0.519228
1.08		0.0666667		0.563403
1.08		0.133333		0.584093
1.08		0.2		0.54263
1.08		0.266667		0.291368
1.08		0.333333		0.700425
1.08		0.4		0.163559
1.08		0.466667		0.362489
1.08		0.533333		0.281912
1.08		0.6		0.303066
1.08		0.666667		0.585937
1.08		0.733333		0.492734
1.08		0.8		0.343228
1.08		0.866667		0.330367
1.08		0.933333		0.455644
1.1		0		0.499769
1.1		0.0666667		0.494597
1.1		0.133333		0.520828
1.1		0.2		0.600294
1.1		0.266667		0.301704
1.1		0.333333		0.564721
1.1		0.4		0.175643
1.1		0.466667		0.336977
1.1		0.533333		0.259962
1.1		0.6		0.278396
1.1		0.666667		0.535327
1.1		0.733333		0.476272
1.1		0.8		0.467508
1.1		0.866667		0.294337
1.1		0.933333		0.39005
1.12		0		0.486848
1.12		0.0666667		0.527798
1.12		0.133333		0.46612
1.12		0.2		0.648232
1.12		0.266667		0.263973
1.12		0.333333		0.457072
1.12		0.4		0.19016
1.12		0.466667		0.303614
1.12		0.533333		0.249102
1.12		0.6		0.252504
1.12		0.666667		0.415675
1.12		0.733333		0.450511
1.12		0.8		0.480855
1.12		0.866667		0.269176
1.12		0.933333		0.347096
1.14		0		0.479804
1.14		0.0666667		0.501603
1.14		0.133333		0.436207
1.14		0.2		0.585844
1.14		0.266667		0.250718
1.14		0.333333		0.383195
1.14		0.4		0.204632
1.14		0.466667		0.254776
1.14		0.533333		0.241184
1.14		0.6		0.234069
1.14		0.666667		0.353239
1.14		0.733333		0.425001
1.14		0.8		0.419934
1.14		0.866667		0.251159
1.14		0.933333		0.301433
1.16		0		0.478224
1.16		0.0666667		0.514372
1.16		0.133333		0.42135
1.16		0.2		0.454335
1.16		0.266667		0.248398
1.16		0.333333		0.329904
1.16		0.4		0.217726
1.16		0.466667		0.200539
1.16		0.533333		0.23683
1.16		0.6		0.229845
1.16		0.666667		0.346368
1.16		0.733333		0.381358
1.16		0.8		0.328055
1.16		0.866667		0.24021
1.16		0.933333		0.260951
1.18		0		0.481772
1.18		0.0666667		0.5687
1.18		0.133333		0.416736
1.18		0.2		0.249293
1.18		0.266667		0.250379
1.18		0.333333		0.289835
1.18		0.4		0.228993
1.18		0.466667		0.27975
1.18		0.533333		0.234792
1.18		0.6		0.239613
1.18		0.666667		0.341777
1.18		0.733333		0.365105
1.18		0.8		0.358007
1.18		0.866667		0.241042
1.18		0.933333		0.230938
1.2		0		0.490114
1.2		0.0666667		0.54822
1.2		0.133333		0.419736
1.2		0.2		0.334023
1.2		0.266667		0.253658
1.2		0.333333		0.258705
1.2		0.4		0.238491
1.2		0.466667		0.201269
1.2		0.533333		0.234253
1.2		0.6		0.254017
1.2		0.666667		0.339171
1.2		0.733333		0.366784
1.2		0.8		0.221475
1.2		0.866667		0.288055
1.2		0.933333		0.20972
1.22		0		0.502894
1.22		0.0666667		0.503407
1.22		0.133333		0.42819
1.22		0.2		0.405367
1.22		0.266667		0.256946
1.22		0.333333		0.23388
1.22		0.4		0.24649
1.22		0.466667		0.330679
1.22		0.533333		0.234711
1.22		0.6		0.276249
1.22		0.666667		0.338201
1.22		0.733333		0.379631
1.22		0.8		0.191953
1.22		0.866667		0.25921
1.22		0.933333		0.196025
1.24		0		0.487771
1.24		0.0666667		0.475225
1.24		0.133333		0.440403
1.24		0.2		0.523923
1.24		0.266667		0.260928
1.24		0.333333		0.213624
1.24		0.4		0.253311
1.24		0.466667		0.321131
1.24		0.533333		0.235851
1.24		0.6		0.303564
1.24		0.666667		0.338498
1.24		0.733333		0.399341
1.24		0.8		0.235543
1.24		0.866667		0.337996
1.24		0.933333		0.188158
1.26		0		0.474267
1.26		0.0666667		0.45572
1.26		0.133333		0.455038
1.26		0.2		0.595524
1.26		0.266667		0.26596
1.26		0.333333		0.196642
1.26		0.4		0.259244
1.26		0.466667		0.38575
1.26		0.533333		0.237467
1.26		0.6		0.331294
1.26		0.666667		0.339715
1.26		0.733333		0.41508
1.26		0.8		0.280833
1.26		0.866667		0.27255
1.26		0.933333		0.184232
1.28		0		0.462902
1.28		0.0666667		0.441549
1.28		0.133333		0.471018
1.28		0.2		0.572159
1.28		0.266667		0.270525
1.28		0.333333		0.181736
1.28		0.4		0.26453
1.28		0.466667		0.350637
1.28		0.533333		0.239424
1.28		0.6		0.358565
1.28		0.666667		0.341547
1.28		0.733333		0.401117
1.28		0.8		0.307123
1.28		0.866667		0.305305
1.28		0.933333		0.182786
1.3		0		0.453627
1.3		0.0666667		0.430994
1.3		0.133333		0.480428
1.3		0.2		0.549079
1.3		0.266667		0.2751
1.3		0.333333		0.168092
1.3		0.4		0.269354
1.3		0.466667		0.345745
1.3		0.533333		0.241631
1.3		0.6		0.384973
1.3		0.666667		0.343744
1.3		0.733333		0.394226
1.3		0.8		0.276129
1.3		0.866667		0.293308
1.3		0.933333		0.182904
1.32		0		0.446294
1.32		0.0666667		0.423033
1.32		0.133333		0.474024
1.32		0.2		0.526006
1.32		0.266667		0.280266
1.32		0.333333		0.155837
1.32		0.4		0.273858
1.32		0.466667		0.353993
1.32		0.533333		0.244047
1.32		0.6		0.410133
1.32		0.666667		0.346109
1.32		0.733333		0.392716
1.32		0.8		0.256581
1.32		0.866667		0.230306
1.32		0.933333		0.184046
1.34		0		0.440707
1.34		0.0666667		0.416993
1.34		0.133333		0.475019
1.34		0.2		0.51417
1.34		0.266667		0.287325
1.34		0.333333		0.145074
1.34		0.4		0.278144
1.34		0.466667		0.376337
1.34		0.533333		0.24857
1.34		0.6		0.401361
1.34		0.666667		0.3485
1.34		0.733333		0.39552
1.34		0.8		0.24301
1.34		0.866667		0.190151
1.34		0.933333		0.185892
1.36		0		0.436652
1.36		0.0666667		0.412398
1.36		0.133333		0.538549
1.36		0.2		0.444117
1.36		0.266667		0.300222
1.36		0.333333		0.13567
1.36		0.4		0.282287
1.36		0.466667		0.433637
1.36		0.533333		0.253415
1.36		0.6		0.393644
1.36		0.666667		0.350817
1.36		0.733333		0.402007
1.36		0.8		0.232883
1.36		0.866667		0.164283
1.36		0.933333		0.188243
1.38		0		0.433911
1.38		0.0666667		0.408895
1.38		0.133333		0.399181
1.38		0.2		0.463771
1.38		0.266667		0.339483
1.38		0.333333		0.12744
1.38		0.4		0.303772
1.38		0.466667		0.403497
1.38		0.533333		0.258316
1.38		0.6		0.388663
1.38		0.666667		0.352998
1.38		0.733333		0.411872
1.38		0.8		0.224873
1.38		0.866667		0.151735
1.38		0.933333		0.190973
1.4		0		0.432279
1.4		0.0666667		0.406224
1.4		0.133333		0.410588
1.4		0.2		0.378361
1.4		0.266667		0.287851
1.4		0.333333		0.120216
1.4		0.4		0.206437
1.4		0.466667		0.284691
1.4		0.533333		0.263252
1.4		0.6		0.385793
1.4		0.666667		0.352194
1.4		0.733333		0.425078
1.4		0.8		0.218218
1.4		0.866667		0.186079
1.4		0.933333		0.193995
1.42		0		0.431565
1.42		0.0666667		0.40419
1.42		0.133333		0.513984
1.42		0.2		0.285752
1.42		0.266667		0.328425
1.42		0.333333		0.113852
1.42		0.4		0.419588
1.42		0.466667		0.272336
1.42		0.533333		0.299247
1.42		0.6		0.384586
1.42		0.666667		0.346852
1.42		0.733333		0.44185
1.42		0.8		0.314489
1.42		0.866667		0.290668
1.42		0.933333		0.197253
1.44		0		0.431599
1.44		0.0666667		0.402649
1.44		0.133333		0.520629
1.44		0.2		0.450513
1.44		0.266667		0.278394
1.44		0.333333		0.244888
1.44		0.4		0.341451
1.44		0.466667		0.225479
1.44		0.533333		0.170615
1.44		0.6		0.384715
1.44		0.666667		0.342991
1.44		0.733333		0.347843
1.44		0.8		0.303028
1.44		0.866667		0.170613
1.44		0.933333		0.318729
1.46		0		0.432229
1.46		0.0666667		0.40232
1.46		0.133333		0.471479
1.46		0.2		0.512858
1.46		0.266667		0.279491
1.46		0.333333		0.161741
1.46		0.4		0.348364
1.46		0.466667		0.21106
1.46		0.533333		0.319821
1.46		0.6		0.385939
1.46		0.666667		0.340412
1.46		0.733333		0.379366
1.46		0.8		0.300752
1.46		0.866667		0.16357
1.46		0.933333		0.280041
1.48		0		0.433325
1.48		0.0666667		0.402554
1.48		0.133333		0.467009
1.48		0.2		0.494119
1.48		0.266667		0.280408
1.48		0.333333		0.191378
1.48		0.4		0.356031
1.48		0.466667		0.216546
1.48		0.533333		0.397614
1.48		0.6		0.388078
1.48		0.666667		0.338959
1.48		0.733333		0.3586
1.48		0.8		0.298132
1.48		0.866667		0.168955
1.48		0.933333		0.228066
1.5		0		0.434776
1.5		0.0666667		0.40292
1.5		0.133333		0.463138
1.5		0.2		0.430703
1.5		0.266667		0.281195
1.5		0.333333		0.212081
1.5		0.4		0.364469
1.5		0.466667		0.221926
1.5		0.533333		0.351623
1.5		0.6		0.390998
1.5		0.666667		0.338512
1.5		0.733333		0.35665
1.5		0.8		0.295116
1.5		0.866667		0.174833
1.5		0.933333		0.214307
1.52		0		0.436488
1.52		0.0666667		0.403398
1.52		0.133333		0.459764
1.52		0.2		0.404174
1.52		0.266667		0.281896
1.52		0.333333		0.276828
1.52		0.4		0.373702
1.52		0.466667		0.227204
1.52		0.533333		0.338261
1.52		0.6		0.394598
1.52		0.666667		0.338977
1.52		0.733333		0.3588
1.52		0.8		0.291692
1.52		0.866667		0.181185
1.52		0.933333		0.211814
1.54		0		0.438387
1.54		0.0666667		0.403974
1.54		0.133333		0.456801
1.54		0.2		0.389624
1.54		0.266667		0.282549
1.54		0.333333		0.382723
1.54		0.4		0.38376
1.54		0.466667		0.232386
1.54		0.533333		0.333886
1.54		0.6		0.398806
1.54		0.666667		0.340281
1.54		0.733333		0.362641
1.54		0.8		0.287873
1.54		0.866667		0.187999
1.54		0.933333		0.212743
1.56		0		0.44041
1.56		0.0666667		0.404639
1.56		0.133333		0.45418
1.56		0.2		0.380477
1.56		0.266667		0.283185
1.56		0.333333		0.273469
1.56		0.4		0.394675
1.56		0.466667		0.237476
1.56		0.533333		0.333248
1.56		0.6		0.403568
1.56		0.666667		0.342366
1.56		0.733333		0.367414
1.56		0.8		0.283694
1.56		0.866667		0.187899
1.56		0.933333		0.215253
1.58		0		0.440838
1.58		0.0666667		0.405388
1.58		0.133333		0.451842
1.58		0.2		0.374241
1.58		0.266667		0.28383
1.58		0.333333		0.16544
1.58		0.4		0.406484
1.58		0.466667		0.242475
1.58		0.533333		0.334524
1.58		0.6		0.408845
1.58		0.666667		0.345189
1.58		0.733333		0.372788
1.58		0.8		0.27924
1.58		0.866667		0.179208
1.58		0.933333		0.218678
1.6		0		0.440762
1.6		0.0666667		0.406222
1.6		0.133333		0.449742
1.6		0.2		0.369764
1.6		0.266667		0.284507
1.6		0.333333		0.0853337
1.6		0.4		0.419231
1.6		0.466667		0.247381
1.6		0.533333		0.336914
1.6		0.6		0.414612
1.6		0.666667		0.348713
1.6		0.733333		0.378564
1.6		0.8		0.274925
1.6		0.866667		0.171121
1.6		0.933333		0.222716
1.62		0		0.440994
1.62		0.0666667		0.407142
1.62		0.133333		0.447838
1.62		0.2		0.36644
1.62		0.266667		0.285232
1.62		0.333333		0.101856
1.62		0.4		0.428239
1.62		0.466667		0.252189
1.62		0.533333		0.34002
1.62		0.6		0.420854
1.62		0.666667		0.352913
1.62		0.733333		0.384483
1.62		0.8		0.276263
1.62		0.866667		0.163598
1.62		0.933333		0.22721
1.64		0		0.441468
1.64		0.0666667		0.408158
1.64		0.133333		0.4461
1.64		0.2		0.363924
1.64		0.266667		0.28602
1.64		0.333333		0.170941
1.64		0.4		0.422067
1.64		0.466667		0.256894
1.64		0.533333		0.343625
1.64		0.6		0.427564
1.64		0.666667		0.357768
1.64		0.733333		0.38975
1.64		0.8		0.282607
1.64		0.866667		0.156606
1.64		0.933333		0.232069
1.66		0		0.442128
1.66		0.0666667		0.409281
1.66		0.133333		0.444501
1.66		0.2		0.362003
1.66		0.266667		0.286883
1.66		0.333333		0.250078
1.66		0.4		0.416556
1.66		0.466667		0.261487
1.66		0.533333		0.347605
1.66		0.6		0.43474
1.66		0.666667		0.363263
1.66		0.733333		0.393416
1.66		0.8		0.291159
1.66		0.866667		0.150118
1.66		0.933333		0.237241
1.68		0		0.442933
1.68		0.0666667		0.410529
1.68		0.133333		0.44302
1.68		0.2		0.360545
1.68		0.266667		0.28783
1.68		0.333333		0.341565
1.68		0.4		0.411708
1.68		0.466667		0.265956
1.68		0.533333		0.351893
1.68		0.6		0.431791
1.68		0.666667		0.369389
1.68		0.733333		0.396391
1.68		0.8		0.294027
1.68		0.866667		0.14411
1.68		0.933333		0.242693
1.7		0		0.443846
1.7		0.0666667		0.411929
1.7		0.133333		0.441638
1.7		0.2		0.359468
1.7		0.266667		0.288867
1.7		0.333333		0.341312
1.7		0.4		0.407517
1.7		0.466667		0.270291
1.7		0.533333		0.35646
1.7		0.6		0.428198
1.7		0.666667		0.376137
1.7		0.733333		0.399298
1.7		0.8		0.297388
1.7		0.866667		0.138571
1.7		0.933333		0.248406
1.72		0		0.444841
1.72		0.0666667		0.41352
1.72		0.133333		0.440342
1.72		0.2		0.358722
1.72		0.266667		0.289999
1.72		0.333333		0.271063
1.72		0.4		0.403971
1.72		0.466667		0.27448
1.72		0.533333		0.352962
1.72		0.6		0.425511
1.72		0.666667		0.38284
1.72		0.733333		0.402294
1.72		0.8		0.30146
1.72		0.866667		0.133496
1.72		0.933333		0.254374
1.74		0		0.445896
1.74		0.0666667		0.415361
1.74		0.133333		0.439118
1.74		0.2		0.358287
1.74		0.266667		0.29123
1.74		0.333333		0.221941
1.74		0.4		0.401051
1.74		0.466667		0.278516
1.74		0.533333		0.349886
1.74		0.6		0.423701
1.74		0.666667		0.386141
1.74		0.733333		0.405433
1.74		0.8		0.306362
1.74		0.866667		0.128893
1.74		0.933333		0.2606
1.76		0		0.446992
1.76		0.0666667		0.41754
1.76		0.133333		0.437957
1.76		0.2		0.358172
1.76		0.266667		0.292562
1.76		0.333333		0.185771
1.76		0.4		0.398737
1.76		0.466667		0.282395
1.76		0.533333		0.347448
1.76		0.6		0.422749
1.76		0.666667		0.38982
1.76		0.733333		0.408749
1.76		0.8		0.312201
1.76		0.866667		0.12479
1.76		0.933333		0.267098
1.78		0		0.448115
1.78		0.0666667		0.420196
1.78		0.133333		0.436851
1.78		0.2		0.358422
1.78		0.266667		0.293995
1.78		0.333333		0.158199
1.78		0.4		0.397008
1.78		0.466667		0.286121
1.78		0.533333		0.345749
1.78		0.6		0.422647
1.78		0.666667		0.393903
1.78		0.733333		0.412273
1.78		0.8		0.319102
1.78		0.866667		0.121242
1.78		0.933333		0.273896
1.8		0		0.449255
1.8		0.0666667		0.423564
1.8		0.133333		0.435792
1.8		0.2		0.359142
1.8		0.266667		0.295529
1.8		0.333333		0.13674
1.8		0.4		0.395845
1.8		0.466667		0.289716
1.8		0.533333		0.344978
1.8		0.6		0.4234
1.8		0.666667		0.39841
1.8		0.733333		0.416034
1.8		0.8		0.327217
1.8		0.866667		0.118352
1.8		0.933333		0.281043
1.82		0		0.450403
1.82		0.0666667		0.42807
1.82		0.133333		0.434774
1.82		0.2		0.360552
1.82		0.266667		0.297165
1.82		0.333333		0.119945
1.82		0.4		0.395229
1.82		0.466667		0.29323
1.82		0.533333		0.345477
1.82		0.6		0.425049
1.82		0.666667		0.403357
1.82		0.733333		0.420066
1.82		0.8		0.33674
1.82		0.866667		0.116314
1.82		0.933333		0.288625
1.84		0		0.451551
1.84		0.0666667		0.434567
1.84		0.133333		0.433793
1.84		0.2		0.363143
1.84		0.266667		0.298901
1.84		0.333333		0.107068
1.84		0.4		0.395144
1.84		0.466667		0.296779
1.84		0.533333		0.347912
1.84		0.6		0.428022
1.84		0.666667		0.408758
1.84		0.733333		0.418805
1.84		0.8		0.34792
1.84		0.866667		0.1155
1.84		0.933333		0.295659
1.86		0		0.452694
1.86		0.0666667		0.445066
1.86		0.133333		0.432845
1.86		0.2		0.368194
1.86		0.266667		0.297717
1.86		0.333333		0.0980335
1.86		0.4		0.395575
1.86		0.466667		0.300637
1.86		0.533333		0.353713
1.86		0.6		0.435335
1.86		0.666667		0.41462
1.86		0.733333		0.417642
1.86		0.8		0.361078
1.86		0.866667		0.116707
1.86		0.933333		0.292723
1.88		0		0.453828
1.88		0.0666667		0.46567
1.88		0.133333		0.431926
1.88		0.2		0.380264
1.88		0.266667		0.29478
1.88		0.333333		0.0939417
1.88		0.4		0.396513
1.88		0.466667		0.305041
1.88		0.533333		0.366542
1.88		0.6		0.431973
1.88		0.666667		0.420943
1.88		0.733333		0.41708
1.88		0.8		0.376641
1.88		0.866667		0.121944
1.88		0.933333		0.29147
1.9		0		0.454949
1.9		0.0666667		0.527814
1.9		0.133333		0.431034
1.9		0.2		0.435847
1.9		0.266667		0.292016
1.9		0.333333		0.0998335
1.9		0.4		0.397947
1.9		0.466667		0.308414
1.9		0.533333		0.399281
1.9		0.6		0.427926
1.9		0.666667		0.427721
1.9		0.733333		0.417171
1.9		0.8		0.395181
1.9		0.866667		0.138021
1.9		0.933333		0.293683
1.92		0		0.456055
1.92		0.0666667		0.415254
1.92		0.133333		0.430165
1.92		0.2		0.293282
1.92		0.266667		0.324982
1.92		0.333333		0.151802
1.92		0.4		0.399872
1.92		0.466667		0.386764
1.92		0.533333		0.502668
1.92		0.6		0.424143
1.92		0.666667		0.434934
1.92		0.733333		0.417979
1.92		0.8		0.391137
1.92		0.866667		0.211548
1.92		0.933333		0.306902
1.94		0		0.457144
1.94		0.0666667		0.504162
1.94		0.133333		0.527292
1.94		0.2		0.29219
1.94		0.266667		0.293852
1.94		0.333333		0.152033
1.94		0.4		0.290586
1.94		0.466667		0.377642
1.94		0.533333		0.371249
1.94		0.6		0.420628
1.94		0.666667		0.450116
1.94		0.733333		0.419586
1.94		0.8		0.370656
1.94		0.866667		0.127748
1.94		0.933333		0.455172
1.96		0		0.458214
1.96		0.0666667		0.553742
1.96		0.133333		0.294823
1.96		0.2		0.193942
1.96		0.266667		0.384073
1.96		0.333333		0.131289
1.96		0.4		0.405838
1.96		0.466667		0.240688
1.96		0.533333		0.347923
1.96		0.6		0.41326
1.96		0.666667		0.545181
1.96		0.733333		0.349985
1.96		0.8		0.383221
1.96		0.866667		0.299316
1.96		0.933333		0.434856
1.98		0		0.459265
1.98		0.0666667		0.417829
1.98		0.133333		0.506117
1.98		0.2		0.294316
1.98		0.266667		0.319113
1.98		0.333333		0.266998
1.98		0.4		0.341594
1.98		0.466667		0.456331
1.98		0.533333		0.300052
1.98		0.6		0.487358
1.98		0.666667		0.397408
1.98		0.733333		0.11612
1.98		0.8		0.468066
1.98		0.866667		0.281116
1.98		0.933333		0.457328
2		0		0.460295
2		0.0666667		0.411862
2		0.133333		0.577753
2		0.2		0.22742
2		0.266667		0.31304
2		0.333333		0.378748
2		0.4		0.368601
2		0.466667		0.423012
2		0.533333		0.249085
2		0.6		0.479519
2		0.666667		0.540992
2		0.733333		0.218852
2		0.8		0.606388
2		0.866667		0.266792
2		0.933333		0.421942
2.02		0		0.461305
2.02		0.0666667		0.410579
2.02		0.133333		0.454897
2.02		0.2		0.21862
2.02		0.266667		0.311196
2.02		0.333333		0.277126
2.02		0.4		0.318771
2.02		0.466667		0.423396
2.02		0.533333		0.244591
2.02		0.6		0.47237
2.02		0.666667		0.358393
2.02		0.733333		0.163939
2.02		0.8		0.613706
2.02		0.866667		0.254136
2.02		0.933333		0.420712
2.04		0		0.462293
2.04		0.0666667		0.410323
2.04		0.133333		0.417837
2.04		0.2		0.21686
2.04		0.266667		0.309525
2.04		0.333333		0.227118
2.04		0.4		0.302285
2.04		0.466667		0.423952
2.04		0.533333		0.245913
2.04		0.6		0.465909
2.04		0.666667		0.304601
2.04		0.733333		0.149022
2.04		0.8		0.603278
2.04		0.866667		0.242913
2.04		0.933333		0.423794
2.06		0		0.463261
2.06		0.0666667		0.410456
2.06		0.133333		0.401939
2.06		0.2		0.217452
2.06		0.266667		0.308028
2.06		0.333333		0.205256
2.06		0.4		0.293792
2.06		0.466667		0.42468
2.06		0.533333		0.249399
2.06		0.6		0.460135
2.06		0.666667		0.279928
2.06		0.733333		0.141249
2.06		0.8		0.591012
2.06		0.866667		0.232934
2.06		0.933333		0.428512
2.08		0		0.464208
2.08		0.0666667		0.410777
2.08		0.133333		0.393187
2.08		0.2		0.219182
2.08		0.266667		0.306709
2.08		0.333333		0.192973
2.08		0.4		0.288519
2.08		0.466667		0.425577
2.08		0.533333		0.254152
2.08		0.6		0.455047
2.08		0.666667		0.265158
2.08		0.733333		0.136065
2.08		0.8		0.579439
2.08		0.866667		0.224044
2.08		0.933333		0.434183
2.1		0		0.465134
2.1		0.0666667		0.411204
2.1		0.133333		0.387702
2.1		0.2		0.221603
2.1		0.266667		0.305575
2.1		0.333333		0.185092
2.1		0.4		0.284902
2.1		0.466667		0.426638
2.1		0.533333		0.259888
2.1		0.6		0.450645
2.1		0.666667		0.255227
2.1		0.733333		0.13214
2.1		0.8		0.568531
2.1		0.866667		0.216133
2.1		0.933333		0.440559
2.12		0		0.466039
2.12		0.0666667		0.411696
2.12		0.133333		0.383979
2.12		0.2		0.224515
2.12		0.266667		0.304633
2.12		0.333333		0.179599
2.12		0.4		0.282273
2.12		0.466667		0.427858
2.12		0.533333		0.266535
2.12		0.6		0.446931
2.12		0.666667		0.2482
2.12		0.733333		0.128943
2.12		0.8		0.553854
2.12		0.866667		0.209208
2.12		0.933333		0.447535
2.14		0		0.466925
2.14		0.0666667		0.412229
2.14		0.133333		0.381314
2.14		0.2		0.227821
2.14		0.266667		0.303894
2.14		0.333333		0.175545
2.14		0.4		0.280296
2.14		0.466667		0.428819
2.14		0.533333		0.274124
2.14		0.6		0.443908
2.14		0.666667		0.243164
2.14		0.733333		0.126219
2.14		0.8		0.531404
2.14		0.866667		0.205624
2.14		0.933333		0.454068
2.16		0		0.46779
2.16		0.0666667		0.412792
2.16		0.133333		0.379331
2.16		0.2		0.231471
2.16		0.266667		0.303368
2.16		0.333333		0.172428
2.16		0.4		0.278779
2.16		0.466667		0.426584
2.16		0.533333		0.282752
2.16		0.6		0.441582
2.16		0.666667		0.23962
2.16		0.733333		0.123828
2.16		0.8		0.509982
2.16		0.866667		0.212452
2.16		0.933333		0.450439
2.18		0		0.468636
2.18		0.0666667		0.413374
2.18		0.133333		0.377815
2.18		0.2		0.235441
2.18		0.266667		0.303065
2.18		0.333333		0.169954
2.18		0.4		0.277605
2.18		0.466667		0.424532
2.18		0.533333		0.292579
2.18		0.6		0.439961
2.18		0.666667		0.237267
2.18		0.733333		0.121688
2.18		0.8		0.489513
2.18		0.866667		0.220681
2.18		0.933333		0.447404
2.2		0		0.469463
2.2		0.0666667		0.413971
2.2		0.133333		0.376631
2.2		0.2		0.239724
2.2		0.266667		0.302997
2.2		0.333333		0.167942
2.2		0.4		0.276695
2.2		0.466667		0.422653
2.2		0.533333		0.303831
2.2		0.6		0.439055
2.2		0.666667		0.235902
2.2		0.733333		0.119746
2.2		0.8		0.469932
2.2		0.866667		0.229098
2.2		0.933333		0.444945
2.22		0		0.470272
2.22		0.0666667		0.414579
2.22		0.133333		0.37569
2.22		0.2		0.244321
2.22		0.266667		0.30317
2.22		0.333333		0.166273
2.22		0.4		0.275995
2.22		0.466667		0.420934
2.22		0.533333		0.316817
2.22		0.6		0.438875
2.22		0.666667		0.235384
2.22		0.733333		0.117967
2.22		0.8		0.45118
2.22		0.866667		0.237612
2.22		0.933333		0.443052
2.24		0		0.471063
2.24		0.0666667		0.415195
2.24		0.133333		0.374933
2.24		0.2		0.249241
2.24		0.266667		0.303591
2.24		0.333333		0.164866
2.24		0.4		0.275466
2.24		0.466667		0.419368
2.24		0.533333		0.331965
2.24		0.6		0.439431
2.24		0.666667		0.235604
2.24		0.733333		0.116324
2.24		0.8		0.433203
2.24		0.866667		0.246196
2.24		0.933333		0.441722
2.26		0		0.471836
2.26		0.0666667		0.415817
2.26		0.133333		0.374318
2.26		0.2		0.254499
2.26		0.266667		0.304259
2.26		0.333333		0.163664
2.26		0.4		0.275079
2.26		0.466667		0.417943
2.26		0.533333		0.349872
2.26		0.6		0.440734
2.26		0.666667		0.236475
2.26		0.733333		0.114801
2.26		0.8		0.415954
2.26		0.866667		0.254837
2.26		0.933333		0.440956
2.28		0		0.472591
2.28		0.0666667		0.416444
2.28		0.133333		0.373815
2.28		0.2		0.260115
2.28		0.266667		0.305168
2.28		0.333333		0.162625
2.28		0.4		0.27481
2.28		0.466667		0.416653
2.28		0.533333		0.371389
2.28		0.6		0.442786
2.28		0.666667		0.237926
2.28		0.733333		0.113382
2.28		0.8		0.399388
2.28		0.866667		0.263523
2.28		0.933333		0.440761
2.3		0		0.473331
2.3		0.0666667		0.417074
2.3		0.133333		0.3734
2.3		0.2		0.266114
2.3		0.266667		0.306308
2.3		0.333333		0.161719
2.3		0.4		0.274642
2.3		0.466667		0.415488
2.3		0.533333		0.397771
2.3		0.6		0.445585
2.3		0.666667		0.239896
2.3		0.733333		0.112058
2.3		0.8		0.383466
2.3		0.866667		0.272244
2.3		0.933333		0.441151
2.32		0		0.474054
2.32		0.0666667		0.417706
2.32		0.133333		0.373058
2.32		0.2		0.272525
2.32		0.266667		0.307664
2.32		0.333333		0.160923
2.32		0.4		0.274561
2.32		0.466667		0.414441
2.32		0.533333		0.382033
2.32		0.6		0.449117
2.32		0.666667		0.242332
2.32		0.733333		0.110818
2.32		0.8		0.368159
2.32		0.866667		0.280994
2.32		0.933333		0.442143
2.34		0		0.474761
2.34		0.0666667		0.418339
2.34		0.133333		0.372774
2.34		0.2		0.279382
2.34		0.266667		0.309217
2.34		0.333333		0.160219
2.34		0.4		0.274553
2.34		0.466667		0.413506
2.34		0.533333		0.357026
2.34		0.6		0.449614
2.34		0.666667		0.245187
2.34		0.733333		0.109657
2.34		0.8		0.35936
2.34		0.866667		0.289764
2.34		0.933333		0.44376
2.36		0		0.475453
2.36		0.0666667		0.418974
2.36		0.133333		0.372539
2.36		0.2		0.286726
2.36		0.266667		0.310946
2.36		0.333333		0.159593
2.36		0.4		0.27461
2.36		0.466667		0.412677
2.36		0.533333		0.33469
2.36		0.6		0.450245
2.36		0.666667		0.24842
2.36		0.733333		0.108568
2.36		0.8		0.359087
2.36		0.866667		0.298547
2.36		0.933333		0.44603
2.38		0		0.476131
2.38		0.0666667		0.419609
2.38		0.133333		0.372344
2.38		0.2		0.294604
2.38		0.266667		0.312832
2.38		0.333333		0.159035
2.38		0.4		0.274723
2.38		0.466667		0.411947
2.38		0.533333		0.314631
2.38		0.6		0.451871
2.38		0.666667		0.251995
2.38		0.733333		0.107546
2.38		0.8		0.359975
2.38		0.866667		0.307336
2.38		0.933333		0.448989
2.4		0		0.476794
2.4		0.0666667		0.420244
2.4		0.133333		0.372183
2.4		0.2		0.303067
2.4		0.266667		0.314854
2.4		0.333333		0.158534
2.4		0.4		0.274885
2.4		0.466667		0.411312
2.4		0.533333		0.296531
2.4		0.6		0.454417
2.4		0.666667		0.25588
2.4		0.733333		0.106588
2.4		0.8		0.362031
2.4		0.866667		0.316125
2.4		0.933333		0.45268
2.42		0		0.477443
2.42		0.0666667		0.42088
2.42		0.133333		0.37205
2.42		0.2		0.31218
2.42		0.266667		0.316994
2.42		0.333333		0.158085
2.42		0.4		0.27509
2.42		0.466667		0.410767
2.42		0.533333		0.280126
2.42		0.6		0.457802
2.42		0.666667		0.260047
2.42		0.733333		0.105689
2.42		0.8		0.365287
2.42		0.866667		0.324907
2.42		0.933333		0.457155
2.44		0		0.478078
2.44		0.0666667		0.421514
2.44		0.133333		0.371942
2.44		0.2		0.322012
2.44		0.266667		0.319236
2.44		0.333333		0.157681
2.44		0.4		0.275333
2.44		0.466667		0.410308
2.44		0.533333		0.265198
2.44		0.6		0.461944
2.44		0.666667		0.26447
2.44		0.733333		0.104848
2.44		0.8		0.369788
2.44		0.866667		0.333678
2.44		0.933333		0.462474
2.46		0		0.478701
2.46		0.0666667		0.422148
2.46		0.133333		0.371854
2.46		0.2		0.332649
2.46		0.266667		0.321564
2.46		0.333333		0.157319
2.46		0.4		0.27561
2.46		0.466667		0.40993
2.46		0.533333		0.251565
2.46		0.6		0.466767
2.46		0.666667		0.269126
2.46		0.733333		0.10406
2.46		0.8		0.375594
2.46		0.866667		0.342432
2.46		0.933333		0.46871
2.48		0		0.47931
2.48		0.0666667		0.42278
2.48		0.133333		0.371783
2.48		0.2		0.327036
2.48		0.266667		0.323967
2.48		0.333333		0.156994
2.48		0.4		0.275918
2.48		0.466667		0.409631
2.48		0.533333		0.251077
2.48		0.6		0.472198
2.48		0.666667		0.273998
2.48		0.733333		0.103324
2.48		0.8		0.38278
2.48		0.866667		0.351163
2.48		0.933333		0.464247
2.5		0		0.479907
2.5		0.0666667		0.423412
2.5		0.133333		0.371728
2.5		0.2		0.316506
2.5		0.266667		0.326433
2.5		0.333333		0.156704
2.5		0.4		0.276008
2.5		0.466667		0.409405
2.5		0.533333		0.266398
2.5		0.6		0.478174
2.5		0.666667		0.279067
2.5		0.733333		0.102637
2.5		0.8		0.391442
2.5		0.866667		0.359867
2.5		0.933333		0.449638
2.52		0		0.480492
2.52		0.0666667		0.424042
2.52		0.133333		0.371686
2.52		0.2		0.306743
2.52		0.266667		0.328952
2.52		0.333333		0.156446
2.52		0.4		0.276093
2.52		0.466667		0.409251
2.52		0.533333		0.282988
2.52		0.6		0.48464
2.52		0.666667		0.284318
2.52		0.733333		0.101999
2.52		0.8		0.401696
2.52		0.866667		0.36854
2.52		0.933333		0.435927
2.54		0		0.481066
2.54		0.0666667		0.424671
2.54		0.133333		0.371654
2.54		0.2		0.29767
2.54		0.266667		0.331518
2.54		0.333333		0.15622
2.54		0.4		0.27619
2.54		0.466667		0.409166
2.54		0.533333		0.301022
2.54		0.6		0.491547
2.54		0.666667		0.289738
2.54		0.733333		0.101408
2.54		0.8		0.413687
2.54		0.866667		0.377177
2.54		0.933333		0.423027
2.56		0		0.481628
2.56		0.0666667		0.425298
2.56		0.133333		0.371633
2.56		0.2		0.289218
2.56		0.266667		0.334123
2.56		0.333333		0.156024
2.56		0.4		0.276296
2.56		0.466667		0.409145
2.56		0.533333		0.320712
2.56		0.6		0.498855
2.56		0.666667		0.295316
2.56		0.733333		0.100862
2.56		0.8		0.427591
2.56		0.866667		0.385775
2.56		0.933333		0.410863
2.58		0		0.482179
2.58		0.0666667		0.425923
2.58		0.133333		0.371619
2.58		0.2		0.281328
2.58		0.266667		0.33676
2.58		0.333333		0.155858
2.58		0.4		0.276411
2.58		0.466667		0.409187
2.58		0.533333		0.342311
2.58		0.6		0.506529
2.58		0.666667		0.301042
2.58		0.733333		0.100361
2.58		0.8		0.432482
2.58		0.866667		0.381879
2.58		0.933333		0.399368
2.6		0		0.482719
2.6		0.0666667		0.426546
2.6		0.133333		0.371613
2.6		0.2		0.273949
2.6		0.266667		0.339427
2.6		0.333333		0.155721
2.6		0.4		0.276533
2.6		0.466667		0.40929
2.6		0.533333		0.366128
2.6		0.6		0.514541
2.6		0.666667		0.303689
2.6		0.733333		0.0999043
2.6		0.8		0.413494
2.6		0.866667		0.37627
2.6		0.933333		0.388484
2.62		0		0.483249
2.62		0.0666667		0.427168
2.62		0.133333		0.371613
2.62		0.2		0.267038
2.62		0.266667		0.342117
2.62		0.333333		0.155616
2.62		0.4		0.276661
2.62		0.466667		0.409451
2.62		0.533333		0.392539
2.62		0.6		0.522866
2.62		0.666667		0.299092
2.62		0.733333		0.0994916
2.62		0.8		0.397228
2.62		0.866667		0.371248
2.62		0.933333		0.378161
2.64		0		0.483769
2.64		0.0666667		0.427787
2.64		0.133333		0.371618
2.64		0.2		0.260556
2.64		0.266667		0.344828
2.64		0.333333		0.155543
2.64		0.4		0.276795
2.64		0.466667		0.409667
2.64		0.533333		0.416265
2.64		0.6		0.531485
2.64		0.666667		0.294667
2.64		0.733333		0.0991228
2.64		0.8		0.383222
2.64		0.866667		0.366742
2.64		0.933333		0.368353
2.66		0		0.484279
2.66		0.0666667		0.428404
2.66		0.133333		0.371628
2.66		0.2		0.254472
2.66		0.266667		0.347556
2.66		0.333333		0.155506
2.66		0.4		0.276934
2.66		0.466667		0.409937
2.66		0.533333		0.391055
2.66		0.6		0.540381
2.66		0.666667		0.290415
2.66		0.733333		0.0987985
2.66		0.8		0.371128
2.66		0.866667		0.362692
2.66		0.933333		0.359019
2.68		0		0.48478
2.68		0.0666667		0.42902
2.68		0.133333		0.371642
2.68		0.2		0.248756
2.68		0.266667		0.350299
2.68		0.333333		0.155508
2.68		0.4		0.277077
2.68		0.466667		0.410258
2.68		0.533333		0.370849
2.68		0.6		0.54954
2.68		0.666667		0.286333
2.68		0.733333		0.0985195
2.68		0.8		0.360676
2.68		0.866667		0.359048
2.68		0.933333		0.350124
2.7		0		0.485271
2.7		0.0666667		0.429633
2.7		0.133333		0.371659
2.7		0.2		0.243388
2.7		0.266667		0.353055
2.7		0.333333		0.155554
2.7		0.4		0.277225
2.7		0.466667		0.41063
2.7		0.533333		0.354339
2.7		0.6		0.558951
2.7		0.666667		0.282417
2.7		0.733333		0.0982871
2.7		0.8		0.351656
2.7		0.866667		0.355767
2.7		0.933333		0.341636
2.72		0		0.485753
2.72		0.0666667		0.430243
2.72		0.133333		0.371679
2.72		0.2		0.238347
2.72		0.266667		0.355821
2.72		0.333333		0.155653
2.72		0.4		0.277377
2.72		0.466667		0.411049
2.72		0.533333		0.340637
2.72		0.6		0.568604
2.72		0.666667		0.278662
2.72		0.733333		0.0981036
2.72		0.8		0.343904
2.72		0.866667		0.35281
2.72		0.933333		0.333525
2.74		0		0.486227
2.74		0.0666667		0.430851
2.74		0.133333		0.371702
2.74		0.2		0.233622
2.74		0.266667		0.358596
2.74		0.333333		0.155814
2.74		0.4		0.277532
2.74		0.466667		0.411515
2.74		0.533333		0.32912
2.74		0.6		0.578491
2.74		0.666667		0.275063
2.74		0.733333		0.097972
2.74		0.8		0.337286
2.74		0.866667		0.350144
2.74		0.933333		0.325765
2.76		0		0.486692
2.76		0.0666667		0.431457
2.76		0.133333		0.371726
2.76		0.2		0.229206
2.76		0.266667		0.361378
2.76		0.333333		0.156052
2.76		0.4		0.277692
2.76		0.466667		0.412026
2.76		0.533333		0.319341
2.76		0.6		0.588607
2.76		0.666667		0.271614
2.76		0.733333		0.0978966
2.76		0.8		0.331696
2.76		0.866667		0.347743
2.76		0.933333		0.318332
2.78		0		0.487149
2.78		0.0666667		0.432061
2.78		0.133333		0.371752
2.78		0.2		0.225098
2.78		0.266667		0.364166
2.78		0.333333		0.156389
2.78		0.4		0.277857
2.78		0.466667		0.41258
2.78		0.533333		0.310969
2.78		0.6		0.598946
2.78		0.666667		0.268308
2.78		0.733333		0.0978839
2.78		0.8		0.327049
2.78		0.866667		0.345579
2.78		0.933333		0.311205
2.8		0		0.487597
2.8		0.0666667		0.432662
2.8		0.133333		0.37178
2.8		0.2		0.221311
2.8		0.266667		0.366959
2.8		0.333333		0.156859
2.8		0.4		0.278025
2.8		0.466667		0.413176
2.8		0.533333		0.30376
2.8		0.6		0.609505
2.8		0.666667		0.265138
2.8		0.733333		0.0979428
2.8		0.8		0.323275
2.8		0.866667		0.343633
2.8		0.933333		0.304365
2.82		0		0.488038
2.82		0.0666667		0.43326
2.82		0.133333		0.371808
2.82		0.2		0.217874
2.82		0.266667		0.369755
2.82		0.333333		0.15751
2.82		0.4		0.278199
2.82		0.466667		0.413812
2.82		0.533333		0.297529
2.82		0.6		0.620282
2.82		0.666667		0.262099
2.82		0.733333		0.0980872
2.82		0.8		0.320317
2.82		0.866667		0.341883
2.82		0.933333		0.297794
2.84		0		0.488471
2.84		0.0666667		0.433856
2.84		0.133333		0.371838
2.84		0.2		0.214844
2.84		0.266667		0.372554
2.84		0.333333		0.158426
2.84		0.4		0.278379
2.84		0.466667		0.414487
2.84		0.533333		0.292143
2.84		0.6		0.627764
2.84		0.666667		0.259183
2.84		0.733333		0.0983385
2.84		0.8		0.318131
2.84		0.866667		0.340313
2.84		0.933333		0.291475
2.86		0		0.488897
2.86		0.0666667		0.434449
2.86		0.133333		0.371868
2.86		0.2		0.212335
2.86		0.266667		0.375356
2.86		0.333333		0.159751
2.86		0.4		0.278564
2.86		0.466667		0.4152
2.86		0.533333		0.287514
2.86		0.6		0.634989
2.86		0.666667		0.256385
2.86		0.733333		0.0987329
2.86		0.8		0.316679
2.86		0.866667		0.338908
2.86		0.933333		0.285394
2.88		0		0.489315
2.88		0.0666667		0.43504
2.88		0.133333		0.371898
2.88		0.2		0.210579
2.88		0.266667		0.378159
2.88		0.333333		0.161765
2.88		0.4		0.278757
2.88		0.466667		0.41595
2.88		0.533333		0.283605
2.88		0.6		0.642472
2.88		0.666667		0.253698
2.88		0.733333		0.0993361
2.88		0.8		0.315935
2.88		0.866667		0.337654
2.88		0.933333		0.279536
2.9		0		0.489726
2.9		0.0666667		0.435628
2.9		0.133333		0.371929
2.9		0.2		0.210105
2.9		0.266667		0.380962
2.9		0.333333		0.16508
2.9		0.4		0.278958
2.9		0.466667		0.416736
2.9		0.533333		0.280467
2.9		0.6		0.643017
2.9		0.666667		0.251116
2.9		0.733333		0.100285
2.9		0.8		0.315877
2.9		0.866667		0.336539
2.9		0.933333		0.273889
2.92		0		0.490131
2.92		0.0666667		0.436214
2.92		0.133333		0.37196
2.92		0.2		0.212385
2.92		0.266667		0.383766
2.92		0.333333		0.171355
2.92		0.4		0.279167
2.92		0.466667		0.417556
2.92		0.533333		0.278361
2.92		0.6		0.639315
2.92		0.666667		0.248632
2.92		0.733333		0.101924
2.92		0.8		0.315568
2.92		0.866667		0.335551
2.92		0.933333		0.268442
2.94		0		0.490529
2.94		0.0666667		0.436796
2.94		0.133333		0.371991
2.94		0.2		0.223493
2.94		0.266667		0.386569
2.94		0.333333		0.187197
2.94		0.4		0.279387
2.94		0.466667		0.418409
2.94		0.533333		0.278366
2.94		0.6		0.631907
2.94		0.666667		0.246243
2.94		0.733333		0.105471
2.94		0.8		0.301021
2.94		0.866667		0.334682
2.94		0.933333		0.263183
2.96		0		0.49092
2.96		0.0666667		0.437377
2.96		0.133333		0.372022
2.96		0.2		0.325887
2.96		0.266667		0.389372
2.96		0.333333		0.296391
2.96		0.4		0.279618
2.96		0.466667		0.419294
2.96		0.533333		0.288783
2.96		0.6		0.619928
2.96		0.666667		0.243942
2.96		0.733333		0.120962
2.96		0.8		0.287353
2.96		0.866667		0.333921
2.96		0.933333		0.258103
2.98		0		0.491305
2.98		0.0666667		0.437954
2.98		0.133333		0.289336
2.98		0.2		0.297527
2.98		0.266667		0.392174
2.98		0.333333		0.260477
2.98		0.4		0.294214
2.98		0.466667		0.431741
2.98		0.533333		0.392798
2.98		0.6		0.657754
2.98		0.666667		0.241003
2.98		0.733333		0.31654
2.98		0.8		0.417884
2.98		0.866667		0.303843
2.98		0.933333		0.254697
3		0		0.491683
3		0.0666667		0.438528
3		0.133333		0.304201
3		0.2		0.297372
3		0.266667		0.394974
3		0.333333		0.118152
3		0.4		0.334699
3		0.466667		0.433483
3		0.533333		0.395494
3		0.6		0.605934
3		0.666667		0.14202
3		0.733333		0.293786
3		0.8		0.31683
3		0.866667		0.302906
3		0.933333		0.252689
3.02		0		0.492056
3.02		0.0666667		0.4391
3.02		0.133333		0.281746
3.02		0.2		0.29722
3.02		0.266667		0.397773
3.02		0.333333		0.117866
3.02		0.4		0.299758
3.02		0.466667		0.435242
3.02		0.533333		0.398168
3.02		0.6		0.595194
3.02		0.666667		0.128823
3.02		0.733333		0.25509
3.02		0.8		0.316035
3.02		0.866667		0.302058
3.02		0.933333		0.25073
3.04		0		0.492422
3.04		0.0666667		0.439669
3.04		0.133333		0.277696
3.04		0.2		0.29707
3.04		0.266667		0.40057
3.04		0.333333		0.117622
3.04		0.4		0.291946
3.04		0.466667		0.437018
3.04		0.533333		0.40082
3.04		0.6		0.584913
3.04		0.666667		0.12638
3.04		0.733333		0.245046
3.04		0.8		0.315327
3.04		0.866667		0.301291
3.04		0.933333		0.248817
3.06		0		0.492783
3.06		0.0666667		0.440236
3.06		0.133333		0.277556
3.06		0.2		0.296923
3.06		0.266667		0.403364
3.06		0.333333		0.117423
3.06		0.4		0.289924
3.06		0.466667		0.43881
3.06		0.533333		0.40345
3.06		0.6		0.575062
3.06		0.666667		0.126404
3.06		0.733333		0.240567
3.06		0.8		0.314689
3.06		0.866667		0.3006
3.06		0.933333		0.24695
3.08		0		0.493138
3.08		0.0666667		0.440799
3.08		0.133333		0.278887
3.08		0.2		0.296778
3.08		0.266667		0.406156
3.08		0.333333		0.117274
3.08		0.4		0.290163
3.08		0.466667		0.440618
3.08		0.533333		0.406057
3.08		0.6		0.565613
3.08		0.666667		0.127509
3.08		0.733333		0.23812
3.08		0.8		0.314116
3.08		0.866667		0.299981
3.08		0.933333		0.245127
3.1		0		0.493488
3.1		0.0666667		0.44136
3.1		0.133333		0.280927
3.1		0.2		0.296635
3.1		0.266667		0.408946
3.1		0.333333		0.117177
3.1		0.4		0.291579
3.1		0.466667		0.442442
3.1		0.533333		0.408643
3.1		0.6		0.556543
3.1		0.666667		0.129271
3.1		0.733333		0.23664
3.1		0.8		0.313604
3.1		0.866667		0.299429
3.1		0.933333		0.243346
3.12		0		0.493832
3.12		0.0666667		0.441918
3.12		0.133333		0.283363
3.12		0.2		0.296495
3.12		0.266667		0.411732
3.12		0.333333		0.117138
3.12		0.4		0.293732
3.12		0.466667		0.44428
3.12		0.533333		0.411207
3.12		0.6		0.547829
3.12		0.666667		0.13152
3.12		0.733333		0.235699
3.12		0.8		0.313151
3.12		0.866667		0.298939
3.12		0.933333		0.241606
3.14		0		0.494171
3.14		0.0666667		0.442473
3.14		0.133333		0.286042
3.14		0.2		0.296357
3.14		0.266667		0.414516
3.14		0.333333		0.117162
3.14		0.4		0.296415
3.14		0.466667		0.446132
3.14		0.533333		0.413748
3.14		0.6		0.53945
3.14		0.666667		0.13418
3.14		0.733333		0.235088
3.14		0.8		0.312756
3.14		0.866667		0.298508
3.14		0.933333		0.239906
3.16		0		0.494505
3.16		0.0666667		0.443026
3.16		0.133333		0.28888
3.16		0.2		0.296222
3.16		0.266667		0.417297
3.16		0.333333		0.117256
3.16		0.4		0.299521
3.16		0.466667		0.447997
3.16		0.533333		0.416267
3.16		0.6		0.531388
3.16		0.666667		0.137215
3.16		0.733333		0.234694
3.16		0.8		0.312417
3.16		0.866667		0.298132
3.16		0.933333		0.238245
3.18		0		0.494834
3.18		0.0666667		0.443575
3.18		0.133333		0.291829
3.18		0.2		0.296088
3.18		0.266667		0.420074
3.18		0.333333		0.117428
3.18		0.4		0.302995
3.18		0.466667		0.449876
3.18		0.533333		0.418765
3.18		0.6		0.523625
3.18		0.666667		0.14061
3.18		0.733333		0.234452
3.18		0.8		0.312131
3.18		0.866667		0.297807
3.18		0.933333		0.236621
3.2		0		0.495158
3.2		0.0666667		0.444122
3.2		0.133333		0.294856
3.2		0.2		0.295957
3.2		0.266667		0.422848
3.2		0.333333		0.117688
3.2		0.4		0.306808
3.2		0.466667		0.451768
3.2		0.533333		0.42124
3.2		0.6		0.516144
3.2		0.666667		0.144364
3.2		0.733333		0.23432
3.2		0.8		0.3119
3.2		0.866667		0.297532
3.2		0.933333		0.235034
3.22		0		0.495477
3.22		0.0666667		0.444666
3.22		0.133333		0.297942
3.22		0.2		0.295828
3.22		0.266667		0.425619
3.22		0.333333		0.118048
3.22		0.4		0.310948
3.22		0.466667		0.453671
3.22		0.533333		0.423693
3.22		0.6		0.508932
3.22		0.666667		0.148483
3.22		0.733333		0.23427
3.22		0.8		0.31172
3.22		0.866667		0.297302
3.22		0.933333		0.233481
3.24		0		0.495792
3.24		0.0666667		0.445207
3.24		0.133333		0.301072
3.24		0.2		0.295701
3.24		0.266667		0.428386
3.24		0.333333		0.118523
3.24		0.4		0.315414
3.24		0.466667		0.455587
3.24		0.533333		0.426123
3.24		0.6		0.501973
3.24		0.666667		0.152978
3.24		0.733333		0.234267
3.24		0.8		0.311592
3.24		0.866667		0.297115
3.24		0.933333		0.231963
3.26		0		0.496102
3.26		0.0666667		0.445745
3.26		0.133333		0.304236
3.26		0.2		0.295575
3.26		0.266667		0.43115
3.26		0.333333		0.119132
3.26		0.4		0.320214
3.26		0.466667		0.457514
3.26		0.533333		0.428532
3.26		0.6		0.495255
3.26		0.666667		0.157866
3.26		0.733333		0.234142
3.26		0.8		0.311514
3.26		0.866667		0.296969
3.26		0.933333		0.230478
3.28		0		0.496407
3.28		0.0666667		0.44628
3.28		0.133333		0.307427
3.28		0.2		0.295452
3.28		0.266667		0.43391
3.28		0.333333		0.119896
3.28		0.4		0.325363
3.28		0.466667		0.459452
3.28		0.533333		0.430919
3.28		0.6		0.488766
3.28		0.666667		0.163169
3.28		0.733333		0.234345
3.28		0.8		0.311486
3.28		0.866667		0.296861
3.28		0.933333		0.229025
3.3		0		0.496708
3.3		0.0666667		0.446813
3.3		0.133333		0.310639
3.3		0.2		0.295331
3.3		0.266667		0.436667
3.3		0.333333		0.120846
3.3		0.4		0.330878
3.3		0.466667		0.461401
3.3		0.533333		0.433284
3.3		0.6		0.482495
3.3		0.666667		0.168912
3.3		0.733333		0.234613
3.3		0.8		0.311508
3.3		0.866667		0.29679
3.3		0.933333		0.227604
3.32		0		0.497005
3.32		0.0666667		0.447343
3.32		0.133333		0.313869
3.32		0.2		0.295212
3.32		0.266667		0.439419
3.32		0.333333		0.12202
3.32		0.4		0.336786
3.32		0.466667		0.46336
3.32		0.533333		0.435627
3.32		0.6		0.476433
3.32		0.666667		0.175127
3.32		0.733333		0.23491
3.32		0.8		0.311579
3.32		0.866667		0.296753
3.32		0.933333		0.226212
3.34		0		0.497298
3.34		0.0666667		0.44787
3.34		0.133333		0.317112
3.34		0.2		0.295094
3.34		0.266667		0.442168
3.34		0.333333		0.123468
3.34		0.4		0.343114
3.34		0.466667		0.465329
3.34		0.533333		0.437948
3.34		0.6		0.470568
3.34		0.666667		0.181848
3.34		0.733333		0.235228
3.34		0.8		0.311699
3.34		0.866667		0.296749
3.34		0.933333		0.22485
3.36		0		0.497586
3.36		0.0666667		0.448394
3.36		0.133333		0.320367
3.36		0.2		0.294978
3.36		0.266667		0.444913
3.36		0.333333		0.125256
3.36		0.4		0.349899
3.36		0.466667		0.467308
3.36		0.533333		0.440248
3.36		0.6		0.464893
3.36		0.666667		0.189117
3.36		0.733333		0.235564
3.36		0.8		0.311869
3.36		0.866667		0.296776
3.36		0.933333		0.223517
3.38		0		0.497871
3.38		0.0666667		0.448915
3.38		0.133333		0.323632
3.38		0.2		0.294865
3.38		0.266667		0.447655
3.38		0.333333		0.127478
3.38		0.4		0.357182
3.38		0.466667		0.469297
3.38		0.533333		0.442526
3.38		0.6		0.459399
3.38		0.666667		0.196981
3.38		0.733333		0.235915
3.38		0.8		0.312089
3.38		0.866667		0.296832
3.38		0.933333		0.222212
3.4		0		0.498151
3.4		0.0666667		0.449434
3.4		0.133333		0.326905
3.4		0.2		0.294752
3.4		0.266667		0.450392
3.4		0.333333		0.130262
3.4		0.4		0.365009
3.4		0.466667		0.471294
3.4		0.533333		0.444782
3.4		0.6		0.454078
3.4		0.666667		0.205494
3.4		0.733333		0.236279
3.4		0.8		0.312359
3.4		0.866667		0.296916
3.4		0.933333		0.220933
3.42		0		0.498428
3.42		0.0666667		0.449949
3.42		0.133333		0.330185
3.42		0.2		0.294642
3.42		0.266667		0.453126
3.42		0.333333		0.133799
3.42		0.4		0.373436
3.42		0.466667		0.4733
3.42		0.533333		0.447018
3.42		0.6		0.448924
3.42		0.666667		0.214719
3.42		0.733333		0.236655
3.42		0.8		0.31268
3.42		0.866667		0.297027
3.42		0.933333		0.219682
3.44		0		0.498701
3.44		0.0666667		0.450462
3.44		0.133333		0.33347
3.44		0.2		0.294533
3.44		0.266667		0.455856
3.44		0.333333		0.138373
3.44		0.4		0.382526
3.44		0.466667		0.475316
3.44		0.533333		0.449231
3.44		0.6		0.44393
3.44		0.666667		0.224729
3.44		0.733333		0.237041
3.44		0.8		0.313054
3.44		0.866667		0.297162
3.44		0.933333		0.218458
3.46		0		0.498971
3.46		0.0666667		0.450973
3.46		0.133333		0.336759
3.46		0.2		0.294426
3.46		0.266667		0.458581
3.46		0.333333		0.144441
3.46		0.4		0.392354
3.46		0.466667		0.477339
3.46		0.533333		0.449015
3.46		0.6		0.439089
3.46		0.666667		0.235608
3.46		0.733333		0.237435
3.46		0.8		0.313482
3.46		0.866667		0.297322
3.46		0.933333		0.217422
3.48		0		0.499236
3.48		0.0666667		0.45148
3.48		0.133333		0.340053
3.48		0.2		0.294321
3.48		0.266667		0.461303
3.48		0.333333		0.15277
3.48		0.4		0.402828
3.48		0.466667		0.47937
3.48		0.533333		0.448238
3.48		0.6		0.434395
3.48		0.666667		0.247453
3.48		0.733333		0.237838
3.48		0.8		0.313966
3.48		0.866667		0.297504
3.48		0.933333		0.217606
3.5		0		0.499498
3.5		0.0666667		0.451984
3.5		0.133333		0.34335
3.5		0.2		0.294217
3.5		0.266667		0.464022
3.5		0.333333		0.164766
3.5		0.4		0.391509
3.5		0.466667		0.48141
3.5		0.533333		0.447499
3.5		0.6		0.429845
3.5		0.666667		0.237386
3.5		0.733333		0.238248
3.5		0.8		0.314508
3.5		0.866667		0.297709
3.5		0.933333		0.217834
3.52		0		0.499757
3.52		0.0666667		0.452486
3.52		0.133333		0.34665
3.52		0.2		0.294114
3.52		0.266667		0.466736
3.52		0.333333		0.183306
3.52		0.4		0.381013
3.52		0.466667		0.483457
3.52		0.533333		0.446796
3.52		0.6		0.425432
3.52		0.666667		0.224603
3.52		0.733333		0.238665
3.52		0.8		0.315112
3.52		0.866667		0.297934
3.52		0.933333		0.218066
3.54		0		0.500012
3.54		0.0666667		0.452985
3.54		0.133333		0.349952
3.54		0.2		0.294013
3.54		0.266667		0.469446
3.54		0.333333		0.215313
3.54		0.4		0.371252
3.54		0.466667		0.485511
3.54		0.533333		0.446128
3.54		0.6		0.421151
3.54		0.666667		0.212711
3.54		0.733333		0.239089
3.54		0.8		0.315781
3.54		0.866667		0.298178
3.54		0.933333		0.218302
3.56		0		0.500264
3.56		0.0666667		0.453482
3.56		0.133333		0.353256
3.56		0.2		0.293914
3.56		0.266667		0.472152
3.56		0.333333		0.236101
3.56		0.4		0.362152
3.56		0.466667		0.487573
3.56		0.533333		0.445493
3.56		0.6		0.417
3.56		0.666667		0.20162
3.56		0.733333		0.239519
3.56		0.8		0.316519
3.56		0.866667		0.298442
3.56		0.933333		0.218541
3.58		0		0.500513
3.58		0.0666667		0.453975
3.58		0.133333		0.356562
3.58		0.2		0.293816
3.58		0.266667		0.474855
3.58		0.333333		0.158111
3.58		0.4		0.353647
3.58		0.466667		0.489642
3.58		0.533333		0.44489
3.58		0.6		0.412973
3.58		0.666667		0.191249
3.58		0.733333		0.239955
3.58		0.8		0.317331
3.58		0.866667		0.298724
3.58		0.933333		0.218783
3.6		0		0.500759
3.6		0.0666667		0.454466
3.6		0.133333		0.35987
3.6		0.2		0.29372
3.6		0.266667		0.477553
3.6		0.333333		0.118806
3.6		0.4		0.345679
3.6		0.466667		0.491718
3.6		0.533333		0.444318
3.6		0.6		0.409067
3.6		0.666667		0.181532
3.6		0.733333		0.240399
3.6		0.8		0.318223
3.6		0.866667		0.299023
3.6		0.933333		0.219026
3.62		0		0.501001
3.62		0.0666667		0.454954
3.62		0.133333		0.363178
3.62		0.2		0.293625
3.62		0.266667		0.480248
3.62		0.333333		0.240591
3.62		0.4		0.338201
3.62		0.466667		0.4938
3.62		0.533333		0.443775
3.62		0.6		0.405279
3.62		0.666667		0.172407
3.62		0.733333		0.240849
3.62		0.8		0.319202
3.62		0.866667		0.299338
3.62		0.933333		0.219272
3.64		0		0.501241
3.64		0.0666667		0.455439
3.64		0.133333		0.366488
3.64		0.2		0.293531
3.64		0.266667		0.482939
3.64		0.333333		0.155786
3.64		0.4		0.33117
3.64		0.466667		0.495889
3.64		0.533333		0.443261
3.64		0.6		0.401606
3.64		0.666667		0.163823
3.64		0.733333		0.241307
3.64		0.8		0.320276
3.64		0.866667		0.299669
3.64		0.933333		0.219519
3.66		0		0.501477
3.66		0.0666667		0.455922
3.66		0.133333		0.369798
3.66		0.2		0.293439
3.66		0.266667		0.485626
3.66		0.333333		0.205892
3.66		0.4		0.32455
3.66		0.466667		0.497984
3.66		0.533333		0.442774
3.66		0.6		0.398045
3.66		0.666667		0.155733
3.66		0.733333		0.241773
3.66		0.8		0.321453
3.66		0.866667		0.300016
3.66		0.933333		0.219769
3.68		0		0.50171
3.68		0.0666667		0.456402
3.68		0.133333		0.373109
3.68		0.2		0.293348
3.68		0.266667		0.488309
3.68		0.333333		0.248585
3.68		0.4		0.318349
3.68		0.466667		0.500085
3.68		0.533333		0.442314
3.68		0.6		0.394594
3.68		0.666667		0.148097
3.68		0.733333		0.242248
3.68		0.8		0.322745
3.68		0.866667		0.300377
3.68		0.933333		0.220019
3.7		0		0.501941
3.7		0.0666667		0.456879
3.7		0.133333		0.376421
3.7		0.2		0.293258
3.7		0.266667		0.490989
3.7		0.333333		0.25136
3.7		0.4		0.312557
3.7		0.466667		0.502192
3.7		0.533333		0.441879
3.7		0.6		0.39125
3.7		0.666667		0.140878
3.7		0.733333		0.242734
3.7		0.8		0.324162
3.7		0.866667		0.300752
3.7		0.933333		0.220271
3.72		0		0.502168
3.72		0.0666667		0.457354
3.72		0.133333		0.379733
3.72		0.2		0.29317
3.72		0.266667		0.493664
3.72		0.333333		0.251153
3.72		0.4		0.307091
3.72		0.466667		0.504305
3.72		0.533333		0.441468
3.72		0.6		0.388012
3.72		0.666667		0.134044
3.72		0.733333		0.243233
3.72		0.8		0.325718
3.72		0.866667		0.30114
3.72		0.933333		0.220524
3.74		0		0.502393
3.74		0.0666667		0.457825
3.74		0.133333		0.383045
3.74		0.2		0.293083
3.74		0.266667		0.496336
3.74		0.333333		0.250817
3.74		0.4		0.301925
3.74		0.466667		0.505234
3.74		0.533333		0.441081
3.74		0.6		0.384877
3.74		0.666667		0.127569
3.74		0.733333		0.243748
3.74		0.8		0.327426
3.74		0.866667		0.301541
3.74		0.933333		0.220777
3.76		0		0.502615
3.76		0.0666667		0.458295
3.76		0.133333		0.386357
3.76		0.2		0.292997
3.76		0.266667		0.499004
3.76		0.333333		0.250535
3.76		0.4		0.29704
3.76		0.466667		0.505061
3.76		0.533333		0.440716
3.76		0.6		0.381845
3.76		0.666667		0.121426
3.76		0.733333		0.244283
3.76		0.8		0.329302
3.76		0.866667		0.301955
3.76		0.933333		0.221032
3.78		0		0.502835
3.78		0.0666667		0.458761
3.78		0.133333		0.38967
3.78		0.2		0.292913
3.78		0.266667		0.501668
3.78		0.333333		0.250312
3.78		0.4		0.292423
3.78		0.466667		0.50491
3.78		0.533333		0.440372
3.78		0.6		0.378913
3.78		0.666667		0.115595
3.78		0.733333		0.244843
3.78		0.8		0.331359
3.78		0.866667		0.30238
3.78		0.933333		0.221287
3.8		0		0.503051
3.8		0.0666667		0.459225
3.8		0.133333		0.392983
3.8		0.2		0.292829
3.8		0.266667		0.504329
3.8		0.333333		0.250135
3.8		0.4		0.288065
3.8		0.466667		0.504782
3.8		0.533333		0.44005
3.8		0.6		0.376082
3.8		0.666667		0.110059
3.8		0.733333		0.245436
3.8		0.8		0.333613
3.8		0.866667		0.302817
3.8		0.933333		0.221542
3.82		0		0.503266
3.82		0.0666667		0.459687
3.82		0.133333		0.396295
3.82		0.2		0.292747
3.82		0.266667		0.506985
3.82		0.333333		0.249992
3.82		0.4		0.283962
3.82		0.466667		0.504677
3.82		0.533333		0.439748
3.82		0.6		0.37335
3.82		0.666667		0.104802
3.82		0.733333		0.246074
3.82		0.8		0.336075
3.82		0.866667		0.303265
3.82		0.933333		0.221798
3.84		0		0.503477
3.84		0.0666667		0.460145
3.84		0.133333		0.399608
3.84		0.2		0.292666
3.84		0.266667		0.509639
3.84		0.333333		0.249876
3.84		0.4		0.280121
3.84		0.466667		0.504593
3.84		0.533333		0.439465
3.84		0.6		0.370718
3.84		0.666667		0.0998179
3.84		0.733333		0.246777
3.84		0.8		0.338757
3.84		0.866667		0.303723
3.84		0.933333		0.222054
3.86		0		0.503686
3.86		0.0666667		0.460601
3.86		0.133333		0.40292
3.86		0.2		0.292586
3.86		0.266667		0.512288
3.86		0.333333		0.249778
3.86		0.4		0.276562
3.86		0.466667		0.504531
3.86		0.533333		0.439201
3.86		0.6		0.368183
3.86		0.666667		0.0951038
3.86		0.733333		0.247577
3.86		0.8		0.341665
3.86		0.866667		0.304192
3.86		0.933333		0.22231
3.88		0		0.503893
3.88		0.0666667		0.461055
3.88		0.133333		0.406232
3.88		0.2		0.292508
3.88		0.266667		0.514934
3.88		0.333333		0.249696
3.88		0.4		0.273337
3.88		0.466667		0.504489
3.88		0.533333		0.438954
3.88		0.6		0.365748
3.88		0.666667		0.0906714
3.88		0.733333		0.248529
3.88		0.8		0.344801
3.88		0.866667		0.30467
3.88		0.933333		0.222566
3.9		0		0.504097
3.9		0.0666667		0.461506
3.9		0.133333		0.409544
3.9		0.2		0.29243
3.9		0.266667		0.517576
3.9		0.333333		0.249625
3.9		0.4		0.270557
3.9		0.466667		0.504467
3.9		0.533333		0.438725
3.9		0.6		0.363412
3.9		0.666667		0.0865587
3.9		0.733333		0.249747
3.9		0.8		0.348165
3.9		0.866667		0.305158
3.9		0.933333		0.222822
3.92		0		0.504299
3.92		0.0666667		0.461954
3.92		0.133333		0.412856
3.92		0.2		0.292353
3.92		0.266667		0.520214
3.92		0.333333		0.249563
3.92		0.4		0.268501
3.92		0.466667		0.504465
3.92		0.533333		0.438513
3.92		0.6		0.361175
3.92		0.666667		0.0828701
3.92		0.733333		0.25149
3.92		0.8		0.35175
3.92		0.866667		0.305655
3.92		0.933333		0.223077
3.94		0		0.504499
3.94		0.0666667		0.4624
3.94		0.133333		0.416168
3.94		0.2		0.292278
3.94		0.266667		0.522849
3.94		0.333333		0.249509
3.94		0.4		0.26802
3.94		0.466667		0.504483
3.94		0.533333		0.438317
3.94		0.6		0.359039
3.94		0.666667		0.0799282
3.94		0.733333		0.254513
3.94		0.8		0.355545
3.94		0.866667		0.306161
3.94		0.933333		0.223332
3.96		0		0.504696
3.96		0.0666667		0.462843
3.96		0.133333		0.419479
3.96		0.2		0.292203
3.96		0.266667		0.525481
3.96		0.333333		0.24946
3.96		0.4		0.273369
3.96		0.466667		0.50452
3.96		0.533333		0.438136
3.96		0.6		0.357004
3.96		0.666667		0.0792197
3.96		0.733333		0.26238
3.96		0.8		0.359539
3.96		0.866667		0.306675
3.96		0.933333		0.223587
3.98		0		0.504891
3.98		0.0666667		0.463284
3.98		0.133333		0.422791
3.98		0.2		0.29213
3.98		0.266667		0.528109
3.98		0.333333		0.249416
3.98		0.4		0.266373
3.98		0.466667		0.504575
3.98		0.533333		0.43797
3.98		0.6		0.355071
3.98		0.666667		0.122651
3.98		0.733333		0.343569
3.98		0.8		0.363716
3.98		0.866667		0.307198
3.98		0.933333		0.223841
4		0		0.505084
4		0.0666667		0.463722
4		0.133333		0.421296
4		0.2		0.292057
4		0.266667		0.530733
4		0.333333		0.249375
4		0.4		0.281888
4		0.466667		0.504649
4		0.533333		0.437819
4		0.6		0.353244
4		0.666667		0.0677654
4		0.733333		0.277065
4		0.8		0.368061
4		0.866667		0.307728
4		0.933333		0.224095
4.02		0		0.505275
4.02		0.0666667		0.464158
4.02		0.133333		0.41811
4.02		0.2		0.291986
4.02		0.266667		0.533354
4.02		0.333333		0.249338
4.02		0.4		0.268587
4.02		0.466667		0.50474
4.02		0.533333		0.437681
4.02		0.6		0.351522
4.02		0.666667		0.0673922
4.02		0.733333		0.262649
4.02		0.8		0.372555
4.02		0.866667		0.308266
4.02		0.933333		0.224347
4.04		0		0.505463
4.04		0.0666667		0.464591
4.04		0.133333		0.415044
4.04		0.2		0.291916
4.04		0.266667		0.535971
4.04		0.333333		0.249303
4.04		0.4		0.266997
4.04		0.466667		0.504849
4.04		0.533333		0.437557
4.04		0.6		0.349908
4.04		0.666667		0.0670287
4.04		0.733333		0.263847
4.04		0.8		0.377186
4.04		0.866667		0.308812
4.04		0.933333		0.224599
4.06		0		0.50565
4.06		0.0666667		0.465022
4.06		0.133333		0.412091
4.06		0.2		0.291846
4.06		0.266667		0.53827
4.06		0.333333		0.249271
4.06		0.4		0.267688
4.06		0.466667		0.504974
4.06		0.533333		0.437446
4.06		0.6		0.348404
4.06		0.666667		0.0666744
4.06		0.733333		0.268203
4.06		0.8		0.381936
4.06		0.866667		0.309365
4.06		0.933333		0.224851
4.08		0		0.505834
4.08		0.0666667		0.46545
4.08		0.133333		0.409245
4.08		0.2		0.291778
4.08		0.266667		0.540377
4.08		0.333333		0.24924
4.08		0.4		0.269212
4.08		0.466667		0.505117
4.08		0.533333		0.437347
4.08		0.6		0.347013
4.08		0.666667		0.0663291
4.08		0.733333		0.273891
4.08		0.8		0.386793
4.08		0.866667		0.309924
4.08		0.933333		0.225101
4.1		0		0.506016
4.1		0.0666667		0.465876
4.1		0.133333		0.406499
4.1		0.2		0.29171
4.1		0.266667		0.542489
4.1		0.333333		0.249211
4.1		0.4		0.271132
4.1		0.466667		0.505276
4.1		0.533333		0.43726
4.1		0.6		0.345737
4.1		0.666667		0.0659925
4.1		0.733333		0.280381
4.1		0.8		0.391744
4.1		0.866667		0.310491
4.1		0.933333		0.22535
4.12		0		0.506197
4.12		0.0666667		0.4663
4.12		0.133333		0.403849
4.12		0.2		0.291643
4.12		0.266667		0.544605
4.12		0.333333		0.249183
4.12		0.4		0.273271
4.12		0.466667		0.50545
4.12		0.533333		0.437185
4.12		0.6		0.34458
4.12		0.666667		0.0656642
4.12		0.733333		0.287474
4.12		0.8		0.396778
4.12		0.866667		0.311064
4.12		0.933333		0.225598
4.14		0		0.506375
4.14		0.0666667		0.466721
4.14		0.133333		0.40129
4.14		0.2		0.291577
4.14		0.266667		0.546724
4.14		0.333333		0.249156
4.14		0.4		0.275544
4.14		0.466667		0.505641
4.14		0.533333		0.437121
4.14		0.6		0.343543
4.14		0.666667		0.0653441
4.14		0.733333		0.295085
4.14		0.8		0.401886
4.14		0.866667		0.311644
4.14		0.933333		0.225846
4.16		0		0.506551
4.16		0.0666667		0.467139
4.16		0.133333		0.398817
4.16		0.2		0.291512
4.16		0.266667		0.548848
4.16		0.333333		0.249129
4.16		0.4		0.277904
4.16		0.466667		0.505847
4.16		0.533333		0.437068
4.16		0.6		0.34263
4.16		0.666667		0.0650317
4.16		0.733333		0.303184
4.16		0.8		0.407059
4.16		0.866667		0.312229
4.16		0.933333		0.226092
4.18		0		0.506726
4.18		0.0666667		0.467556
4.18		0.133333		0.396426
4.18		0.2		0.291448
4.18		0.266667		0.550976
4.18		0.333333		0.249104
4.18		0.4		0.280324
4.18		0.466667		0.506068
4.18		0.533333		0.437025
4.18		0.6		0.341843
4.18		0.666667		0.064727
4.18		0.733333		0.311765
4.18		0.8		0.41229
4.18		0.866667		0.312821
4.18		0.933333		0.226336
4.2		0		0.506899
4.2		0.0666667		0.46797
4.2		0.133333		0.394112
4.2		0.2		0.291385
4.2		0.266667		0.553108
4.2		0.333333		0.249079
4.2		0.4		0.282788
4.2		0.466667		0.506304
4.2		0.533333		0.436993
4.2		0.6		0.341185
4.2		0.666667		0.0644295
4.2		0.733333		0.320837
4.2		0.8		0.417571
4.2		0.866667		0.313418
4.2		0.933333		0.22658
4.22		0		0.50707
4.22		0.0666667		0.468381
4.22		0.133333		0.391872
4.22		0.2		0.291323
4.22		0.266667		0.555243
4.22		0.333333		0.249054
4.22		0.4		0.285284
4.22		0.466667		0.506554
4.22		0.533333		0.43697
4.22		0.6		0.34066
4.22		0.666667		0.0641392
4.22		0.733333		0.33042
4.22		0.8		0.422898
4.22		0.866667		0.314021
4.22		0.933333		0.226822
4.24		0		0.507239
4.24		0.0666667		0.46879
4.24		0.133333		0.389703
4.24		0.2		0.291261
4.24		0.266667		0.557382
4.24		0.333333		0.24903
4.24		0.4		0.287804
4.24		0.466667		0.506818
4.24		0.533333		0.436956
4.24		0.6		0.340268
4.24		0.666667		0.0638557
4.24		0.733333		0.340543
4.24		0.8		0.428266
4.24		0.866667		0.31463
4.24		0.933333		0.227064
4.26		0		0.507406
4.26		0.0666667		0.469197
4.26		0.133333		0.3876
4.26		0.2		0.291201
4.26		0.266667		0.559524
4.26		0.333333		0.249006
4.26		0.4		0.290344
4.26		0.466667		0.507097
4.26		0.533333		0.436951
4.26		0.6		0.340013
4.26		0.666667		0.0635788
4.26		0.733333		0.35124
4.26		0.8		0.43367
4.26		0.866667		0.315243
4.26		0.933333		0.227303
4.28		0		0.507572
4.28		0.0666667		0.469601
4.28		0.133333		0.385562
4.28		0.2		0.291141
4.28		0.266667		0.56167
4.28		0.333333		0.248983
4.28		0.4		0.292898
4.28		0.466667		0.507389
4.28		0.533333		0.436955
4.28		0.6		0.339894
4.28		0.666667		0.0633084
4.28		0.733333		0.362553
4.28		0.8		0.439107
4.28		0.866667		0.315862
4.28		0.933333		0.227542
4.3		0		0.507735
4.3		0.0666667		0.470004
4.3		0.133333		0.383584
4.3		0.2		0.291081
4.3		0.266667		0.563819
4.3		0.333333		0.248959
4.3		0.4		0.295464
4.3		0.466667		0.507694
4.3		0.533333		0.436968
4.3		0.6		0.339914
4.3		0.666667		0.0630442
4.3		0.733333		0.374531
4.3		0.8		0.444573
4.3		0.866667		0.316486
4.3		0.933333		0.227779
4.32		0		0.507897
4.32		0.0666667		0.470403
4.32		0.133333		0.381664
4.32		0.2		0.291023
4.32		0.266667		0.565971
4.32		0.333333		0.248936
4.32		0.4		0.29804
4.32		0.466667		0.508013
4.32		0.533333		0.436989
4.32		0.6		0.340073
4.32		0.666667		0.0627861
4.32		0.733333		0.387228
4.32		0.8		0.450065
4.32		0.866667		0.317115
4.32		0.933333		0.228014
4.34		0		0.508058
4.34		0.0666667		0.470801
4.34		0.133333		0.379801
4.34		0.2		0.290966
4.34		0.266667		0.568127
4.34		0.333333		0.248913
4.34		0.4		0.300625
4.34		0.466667		0.508344
4.34		0.533333		0.437017
4.34		0.6		0.340369
4.34		0.666667		0.0625338
4.34		0.733333		0.400708
4.34		0.8		0.455581
4.34		0.866667		0.317749
4.34		0.933333		0.228248
4.36		0		0.508217
4.36		0.0666667		0.471196
4.36		0.133333		0.37799
4.36		0.2		0.290909
4.36		0.266667		0.570285
4.36		0.333333		0.248889
4.36		0.4		0.303216
4.36		0.466667		0.508688
4.36		0.533333		0.437053
4.36		0.6		0.3408
4.36		0.666667		0.0622872
4.36		0.733333		0.415043
4.36		0.8		0.461119
4.36		0.866667		0.318387
4.36		0.933333		0.228481
4.38		0		0.508374
4.38		0.0666667		0.471589
4.38		0.133333		0.37623
4.38		0.2		0.290853
4.38		0.266667		0.572446
4.38		0.333333		0.248866
4.38		0.4		0.305813
4.38		0.466667		0.509045
4.38		0.533333		0.437096
4.38		0.6		0.341366
4.38		0.666667		0.062046
4.38		0.733333		0.430315
4.38		0.8		0.466676
4.38		0.866667		0.31903
4.38		0.933333		0.228712
4.4		0		0.50853
4.4		0.0666667		0.47198
4.4		0.133333		0.374519
4.4		0.2		0.290797
4.4		0.266667		0.574611
4.4		0.333333		0.248843
4.4		0.4		0.308415
4.4		0.466667		0.509413
4.4		0.533333		0.437147
4.4		0.6		0.342061
4.4		0.666667		0.0618102
4.4		0.733333		0.446617
4.4		0.8		0.472252
4.4		0.866667		0.319677
4.4		0.933333		0.228941
4.42		0		0.508684
4.42		0.0666667		0.472369
4.42		0.133333		0.372854
4.42		0.2		0.290742
4.42		0.266667		0.576778
4.42		0.333333		0.24882
4.42		0.4		0.311021
4.42		0.466667		0.509794
4.42		0.533333		0.437204
4.42		0.6		0.342881
4.42		0.666667		0.0615796
4.42		0.733333		0.464056
4.42		0.8		0.477844
4.42		0.866667		0.320328
4.42		0.933333		0.229169
4.44		0		0.508836
4.44		0.0666667		0.472755
4.44		0.133333		0.371235
4.44		0.2		0.290689
4.44		0.266667		0.578948
4.44		0.333333		0.248797
4.44		0.4		0.313631
4.44		0.466667		0.510186
4.44		0.533333		0.437268
4.44		0.6		0.34382
4.44		0.666667		0.0613539
4.44		0.733333		0.482756
4.44		0.8		0.483451
4.44		0.866667		0.320984
4.44		0.933333		0.229396
4.46		0		0.508987
4.46		0.0666667		0.472399
4.46		0.133333		0.369658
4.46		0.2		0.290635
4.46		0.266667		0.58112
4.46		0.333333		0.248774
4.46		0.4		0.316244
4.46		0.466667		0.51059
4.46		0.533333		0.437338
4.46		0.6		0.344872
4.46		0.666667		0.0611331
4.46		0.733333		0.502859
4.46		0.8		0.489072
4.46		0.866667		0.321644
4.46		0.933333		0.229621
4.48		0		0.509137
4.48		0.0666667		0.471881
4.48		0.133333		0.368122
4.48		0.2		0.290583
4.48		0.266667		0.583295
4.48		0.333333		0.248751
4.48		0.4		0.318859
4.48		0.466667		0.511005
4.48		0.533333		0.437414
4.48		0.6		0.346028
4.48		0.666667		0.0609171
4.48		0.733333		0.524529
4.48		0.8		0.494705
4.48		0.866667		0.322307
4.48		0.933333		0.229844
4.5		0		0.509285
4.5		0.0666667		0.47137
4.5		0.133333		0.366626
4.5		0.2		0.290531
4.5		0.266667		0.585473
4.5		0.333333		0.248727
4.5		0.4		0.321478
4.5		0.466667		0.511431
4.5		0.533333		0.437496
4.5		0.6		0.345857
4.5		0.666667		0.0607056
4.5		0.733333		0.517634
4.5		0.8		0.497462
4.5		0.866667		0.322975
4.5		0.933333		0.230066
4.52		0		0.509431
4.52		0.0666667		0.470865
4.52		0.133333		0.365168
4.52		0.2		0.290479
4.52		0.266667		0.587652
4.52		0.333333		0.248704
4.52		0.4		0.324098
4.52		0.466667		0.511869
4.52		0.533333		0.437583
4.52		0.6		0.342923
4.52		0.666667		0.0604985
4.52		0.733333		0.497085
4.52		0.8		0.498773
4.52		0.866667		0.323646
4.52		0.933333		0.230286
4.54		0		0.509576
4.54		0.0666667		0.470366
4.54		0.133333		0.363746
4.54		0.2		0.290429
4.54		0.266667		0.589835
4.54		0.333333		0.248681
4.54		0.4		0.32672
4.54		0.466667		0.512316
4.54		0.533333		0.437676
4.54		0.6		0.340069
4.54		0.666667		0.0602957
4.54		0.733333		0.478045
4.54		0.8		0.50014
4.54		0.866667		0.324321
4.54		0.933333		0.230504
4.56		0		0.50972
4.56		0.0666667		0.469873
4.56		0.133333		0.36236
4.56		0.2		0.290379
4.56		0.266667		0.592019
4.56		0.333333		0.248657
4.56		0.4		0.329344
4.56		0.466667		0.512775
4.56		0.533333		0.437775
4.56		0.6		0.337302
4.56		0.666667		0.0600972
4.56		0.733333		0.460356
4.56		0.8		0.501561
4.56		0.866667		0.325
4.56		0.933333		0.230721
4.58		0		0.509862
4.58		0.0666667		0.469386
4.58		0.133333		0.361007
4.58		0.2		0.29033
4.58		0.266667		0.594206
4.58		0.333333		0.248633
4.58		0.4		0.33197
4.58		0.466667		0.513243
4.58		0.533333		0.437878
4.58		0.6		0.334626
4.58		0.666667		0.0599027
4.58		0.733333		0.443883
4.58		0.8		0.503033
4.58		0.866667		0.325682
4.58		0.933333		0.230936
4.6		0		0.510003
4.6		0.0666667		0.468904
4.6		0.133333		0.359687
4.6		0.2		0.290281
4.6		0.266667		0.596395
4.6		0.333333		0.24861
4.6		0.4		0.334597
4.6		0.466667		0.513722
4.6		0.533333		0.437987
4.6		0.6		0.332047
4.6		0.666667		0.0597121
4.6		0.733333		0.428506
4.6		0.8		0.504554
4.6		0.866667		0.326368
4.6		0.933333		0.231149
4.62		0		0.510143
4.62		0.0666667		0.468428
4.62		0.133333		0.358398
4.62		0.2		0.290233
4.62		0.266667		0.598586
4.62		0.333333		0.248586
4.62		0.4		0.337226
4.62		0.466667		0.514211
4.62		0.533333		0.4381
4.62		0.6		0.329568
4.62		0.666667		0.0595254
4.62		0.733333		0.414122
4.62		0.8		0.506123
4.62		0.866667		0.327057
4.62		0.933333		0.231361
4.64		0		0.510281
4.64		0.0666667		0.467958
4.64		0.133333		0.35714
4.64		0.2		0.290185
4.64		0.266667		0.600779
4.64		0.333333		0.248562
4.64		0.4		0.339855
4.64		0.466667		0.51471
4.64		0.533333		0.438217
4.64		0.6		0.327191
4.64		0.666667		0.0593424
4.64		0.733333		0.40064
4.64		0.8		0.507737
4.64		0.866667		0.327749
4.64		0.933333		0.231572
4.66		0		0.510418
4.66		0.0666667		0.467493
4.66		0.133333		0.35591
4.66		0.2		0.290138
4.66		0.266667		0.602974
4.66		0.333333		0.248538
4.66		0.4		0.342486
4.66		0.466667		0.514426
4.66		0.533333		0.438339
4.66		0.6		0.324916
4.66		0.666667		0.059163
4.66		0.733333		0.387979
4.66		0.8		0.509394
4.66		0.866667		0.328445
4.66		0.933333		0.23178
4.68		0		0.510554
4.68		0.0666667		0.467033
4.68		0.133333		0.354709
4.68		0.2		0.290092
4.68		0.266667		0.605171
4.68		0.333333		0.248514
4.68		0.4		0.345118
4.68		0.466667		0.512645
4.68		0.533333		0.438466
4.68		0.6		0.322746
4.68		0.666667		0.0589871
4.68		0.733333		0.376069
4.68		0.8		0.511093
4.68		0.866667		0.329143
4.68		0.933333		0.231987
4.7		0		0.510688
4.7		0.0666667		0.466579
4.7		0.133333		0.353535
4.7		0.2		0.290046
4.7		0.266667		0.60737
4.7		0.333333		0.24849
4.7		0.4		0.347751
4.7		0.466667		0.510889
4.7		0.533333		0.438596
4.7		0.6		0.320679
4.7		0.666667		0.0588146
4.7		0.733333		0.364846
4.7		0.8		0.512832
4.7		0.866667		0.329845
4.7		0.933333		0.232192
4.72		0		0.510821
4.72		0.0666667		0.46613
4.72		0.133333		0.352387
4.72		0.2		0.290001
4.72		0.266667		0.609571
4.72		0.333333		0.248466
4.72		0.4		0.350385
4.72		0.466667		0.509158
4.72		0.533333		0.43873
4.72		0.6		0.318713
4.72		0.666667		0.0586455
4.72		0.733333		0.354255
4.72		0.8		0.514609
4.72		0.866667		0.33055
4.72		0.933333		0.232396
4.74		0		0.510953
4.74		0.0666667		0.465685
4.74		0.133333		0.351264
4.74		0.2		0.289956
4.74		0.266667		0.610874
4.74		0.333333		0.248442
4.74		0.4		0.35302
4.74		0.466667		0.507452
4.74		0.533333		0.438868
4.74		0.6		0.316848
4.74		0.666667		0.0584796
4.74		0.733333		0.344245
4.74		0.8		0.516423
4.74		0.866667		0.331258
4.74		0.933333		0.232598
4.76		0		0.511084
4.76		0.0666667		0.465246
4.76		0.133333		0.350165
4.76		0.2		0.289912
4.76		0.266667		0.61153
4.76		0.333333		0.248418
4.76		0.4		0.355655
4.76		0.466667		0.505771
4.76		0.533333		0.43901
4.76		0.6		0.31508
4.76		0.666667		0.0583168
4.76		0.733333		0.334772
4.76		0.8		0.518272
4.76		0.866667		0.331968
4.76		0.933333		0.232798
4.78		0		0.511213
4.78		0.0666667		0.464812
4.78		0.133333		0.349091
4.78		0.2		0.289869
4.78		0.266667		0.612195
4.78		0.333333		0.248393
4.78		0.4		0.358292
4.78		0.466667		0.504113
4.78		0.533333		0.439155
4.78		0.6		0.313406
4.78		0.666667		0.0581571
4.78		0.733333		0.325794
4.78		0.8		0.520156
4.78		0.866667		0.332682
4.78		0.933333		0.232996
4.8		0		0.511342
4.8		0.0666667		0.464382
4.8		0.133333		0.348039
4.8		0.2		0.289826
4.8		0.266667		0.612868
4.8		0.333333		0.248369
4.8		0.4		0.360929
4.8		0.466667		0.502478
4.8		0.533333		0.439304
4.8		0.6		0.311824
4.8		0.666667		0.0580004
4.8		0.733333		0.317275
4.8		0.8		0.522072
4.8		0.866667		0.333398
4.8		0.933333		0.233193
4.82		0		0.511469
4.82		0.0666667		0.463957
4.82		0.133333		0.347009
4.82		0.2		0.289783
4.82		0.266667		0.613549
4.82		0.333333		0.248344
4.82		0.4		0.363567
4.82		0.466667		0.500226
4.82		0.533333		0.439456
4.82		0.6		0.310329
4.82		0.666667		0.0578465
4.82		0.733333		0.309183
4.82		0.8		0.524019
4.82		0.866667		0.334117
4.82		0.933333		0.233389
4.84		0		0.511595
4.84		0.0666667		0.463537
4.84		0.133333		0.346
4.84		0.2		0.289741
4.84		0.266667		0.614239
4.84		0.333333		0.248319
4.84		0.4		0.366206
4.84		0.466667		0.497908
4.84		0.533333		0.439611
4.84		0.6		0.308919
4.84		0.666667		0.0576955
4.84		0.733333		0.301487
4.84		0.8		0.525996
4.84		0.866667		0.334839
4.84		0.933333		0.233582
4.86		0		0.51172
4.86		0.0666667		0.463122
4.86		0.133333		0.345012
4.86		0.2		0.2897
4.86		0.266667		0.614937
4.86		0.333333		0.248295
4.86		0.4		0.368845
4.86		0.466667		0.49562
4.86		0.533333		0.439769
4.86		0.6		0.307588
4.86		0.666667		0.0575472
4.86		0.733333		0.29416
4.86		0.8		0.528003
4.86		0.866667		0.335563
4.86		0.933333		0.233774
4.88		0		0.511843
4.88		0.0666667		0.462711
4.88		0.133333		0.344044
4.88		0.2		0.289659
4.88		0.266667		0.615642
4.88		0.333333		0.24827
4.88		0.4		0.371485
4.88		0.466667		0.493361
4.88		0.533333		0.43993
4.88		0.6		0.306335
4.88		0.666667		0.0574015
4.88		0.733333		0.287178
4.88		0.8		0.530037
4.88		0.866667		0.33629
4.88		0.933333		0.233965
4.9		0		0.511966
4.9		0.0666667		0.462304
4.9		0.133333		0.343095
4.9		0.2		0.289619
4.9		0.266667		0.616356
4.9		0.333333		0.248245
4.9		0.4		0.374126
4.9		0.466667		0.491131
4.9		0.533333		0.440093
4.9		0.6		0.305153
4.9		0.666667		0.0572585
4.9		0.733333		0.280517
4.9		0.8		0.532099
4.9		0.866667		0.33702
4.9		0.933333		0.234153
4.92		0		0.512087
4.92		0.0666667		0.461902
4.92		0.133333		0.342166
4.92		0.2		0.289579
4.92		0.266667		0.617077
4.92		0.333333		0.24822
4.92		0.4		0.376767
4.92		0.466667		0.488929
4.92		0.533333		0.44026
4.92		0.6		0.304041
4.92		0.666667		0.057118
4.92		0.733333		0.274158
4.92		0.8		0.534186
4.92		0.866667		0.337752
4.92		0.933333		0.23434
4.94		0		0.512208
4.94		0.0666667		0.461504
4.94		0.133333		0.341254
4.94		0.2		0.289539
4.94		0.266667		0.617806
4.94		0.333333		0.248195
4.94		0.4		0.379409
4.94		0.466667		0.486755
4.94		0.533333		0.440429
4.94		0.6		0.302994
4.94		0.666667		0.0569799
4.94		0.733333		0.26808
4.94		0.8		0.536298
4.94		0.866667		0.338486
4.94		0.933333		0.234526
4.96		0		0.512327
4.96		0.0666667		0.461111
4.96		0.133333		0.34036
4.96		0.2		0.2895
4.96		0.266667		0.618542
4.96		0.333333		0.24817
4.96		0.4		0.382052
4.96		0.466667		0.484609
4.96		0.533333		0.4406
4.96		0.6		0.302009
4.96		0.666667		0.0568442
4.96		0.733333		0.262268
4.96		0.8		0.538434
4.96		0.866667		0.339223
4.96		0.933333		0.23471
4.98		0		0.512446
4.98		0.0666667		0.460721
4.98		0.133333		0.339483
4.98		0.2		0.289462
4.98		0.266667		0.619286
4.98		0.333333		0.248145
4.98		0.4		0.384695
4.98		0.466667		0.482489
4.98		0.533333		0.440774
4.98		0.6		0.301081
4.98		0.666667		0.0567109
4.98		0.733333		0.256704
4.98		0.8		0.540593
4.98		0.866667		0.339962
4.98		0.933333		0.234892
5		0		0.512563
5		0.0666667		0.460336
5		0.133333		0.338623
5		0.2		0.289424
5		0.266667		0.620037
5		0.333333		0.24812
5		0.4		0.383753
5		0.466667		0.480395
5		0.533333		0.44095
5		0.6		0.300209
5		0.666667		0.0565798
5		0.733333		0.258487
5		0.8		0.542774
5		0.866667		0.340703
5		0.933333		0.235073
