0.02		0		0.411255
0.02		0.0666667		0.39087
0.02		0.133333		0.213573
0.02		0.2		0.218944
0.02		0.266667		0.31188
0.02		0.333333		0.238537
0.02		0.4		0.368764
0.02		0.466667		0.17062
0.02		0.533333		0.29102
0.02		0.6		0.415881
0.02		0.666667		0.246613
0.02		0.733333		0.451616
0.02		0.8		0.3236
0.02		0.866667		0.323339
0.02		0.933333		0.393914
0.04		0		0.410519
0.04		0.0666667		0.390875
0.04		0.133333		0.214889
0.04		0.2		0.219761
0.04		0.266667		0.312951
0.04		0.333333		0.241594
0.04		0.4		0.370236
0.04		0.466667		0.171553
0.04		0.533333		0.295708
0.04		0.6		0.414127
0.04		0.666667		0.247598
0.04		0.733333		0.451834
0.04		0.8		0.323229
0.04		0.866667		0.323871
0.04		0.933333		0.394385
0.06		0		0.409481
0.06		0.0666667		0.390958
0.06		0.133333		0.217158
0.06		0.2		0.221257
0.06		0.266667		0.314385
0.06		0.333333		0.246716
0.06		0.4		0.372826
0.06		0.466667		0.173109
0.06		0.533333		0.303509
0.06		0.6		0.411311
0.06		0.666667		0.249025
0.06		0.733333		0.452222
0.06		0.8		0.322627
0.06		0.866667		0.324778
0.06		0.933333		0.395183
0.08		0		0.408394
0.08		0.0666667		0.391224
0.08		0.133333		0.220474
0.08		0.2		0.223626
0.08		0.266667		0.316473
0.08		0.333333		0.253942
0.08		0.4		0.376734
0.08		0.466667		0.175289
0.08		0.533333		0.314411
0.08		0.6		0.407586
0.08		0.666667		0.248294
0.08		0.733333		0.452815
0.08		0.8		0.321821
0.08		0.866667		0.326089
0.08		0.933333		0.396322
0.1		0		0.40757
0.1		0.0666667		0.39181
0.1		0.133333		0.224948
0.1		0.2		0.227131
0.1		0.266667		0.319289
0.1		0.333333		0.263329
0.1		0.4		0.38224
0.1		0.466667		0.178096
0.1		0.533333		0.326849
0.1		0.6		0.403155
0.1		0.666667		0.2474
0.1		0.733333		0.453655
0.1		0.8		0.320844
0.1		0.866667		0.327841
0.1		0.933333		0.397826
0.12		0		0.407343
0.12		0.0666667		0.392872
0.12		0.133333		0.230717
0.12		0.2		0.232093
0.12		0.266667		0.322917
0.12		0.333333		0.274949
0.12		0.4		0.389718
0.12		0.466667		0.181536
0.12		0.533333		0.339808
0.12		0.6		0.398261
0.12		0.666667		0.246372
0.12		0.733333		0.45479
0.12		0.8		0.319742
0.12		0.866667		0.330083
0.12		0.933333		0.39972
0.14		0		0.408038
0.14		0.0666667		0.394577
0.14		0.133333		0.237942
0.14		0.2		0.238897
0.14		0.266667		0.327444
0.14		0.333333		0.288893
0.14		0.4		0.399677
0.14		0.466667		0.185618
0.14		0.533333		0.355251
0.14		0.6		0.393178
0.14		0.666667		0.245241
0.14		0.733333		0.456269
0.14		0.8		0.318571
0.14		0.866667		0.332869
0.14		0.933333		0.402037
0.16		0		0.409931
0.16		0.0666667		0.397101
0.16		0.133333		0.246812
0.16		0.2		0.248019
0.16		0.266667		0.332958
0.16		0.333333		0.305274
0.16		0.4		0.402684
0.16		0.466667		0.190359
0.16		0.533333		0.373281
0.16		0.6		0.388204
0.16		0.666667		0.244035
0.16		0.733333		0.458143
0.16		0.8		0.317396
0.16		0.866667		0.33626
0.16		0.933333		0.404812
0.18		0		0.411941
0.18		0.0666667		0.400628
0.18		0.133333		0.257547
0.18		0.2		0.260095
0.18		0.266667		0.339541
0.18		0.333333		0.324236
0.18		0.4		0.3951
0.18		0.466667		0.195787
0.18		0.533333		0.394047
0.18		0.6		0.383669
0.18		0.666667		0.242782
0.18		0.733333		0.460459
0.18		0.8		0.316291
0.18		0.866667		0.340321
0.18		0.933333		0.408083
0.2		0		0.412621
0.2		0.0666667		0.405369
0.2		0.133333		0.270414
0.2		0.2		0.276087
0.2		0.266667		0.347266
0.2		0.333333		0.345963
0.2		0.4		0.381539
0.2		0.466667		0.20194
0.2		0.533333		0.417766
0.2		0.6		0.37993
0.2		0.666667		0.241507
0.2		0.733333		0.463016
0.2		0.8		0.315344
0.2		0.866667		0.345122
0.2		0.933333		0.411889
0.22		0		0.414166
0.22		0.0666667		0.411607
0.22		0.133333		0.276047
0.22		0.2		0.297639
0.22		0.266667		0.356202
0.22		0.333333		0.370692
0.22		0.4		0.368183
0.22		0.466667		0.208879
0.22		0.533333		0.436956
0.22		0.6		0.377399
0.22		0.666667		0.24023
0.22		0.733333		0.461353
0.22		0.8		0.314073
0.22		0.866667		0.350736
0.22		0.933333		0.416272
0.24		0		0.416483
0.24		0.0666667		0.419792
0.24		0.133333		0.267973
0.24		0.2		0.327981
0.24		0.266667		0.366421
0.24		0.333333		0.393676
0.24		0.4		0.356064
0.24		0.466667		0.216688
0.24		0.533333		0.455585
0.24		0.6		0.376562
0.24		0.666667		0.23897
0.24		0.733333		0.457386
0.24		0.8		0.312905
0.24		0.866667		0.35724
0.24		0.933333		0.421277
0.26		0		0.419421
0.26		0.0666667		0.430744
0.26		0.133333		0.264448
0.26		0.2		0.3391
0.26		0.266667		0.378019
0.26		0.333333		0.416907
0.26		0.4		0.34536
0.26		0.466667		0.222531
0.26		0.533333		0.468645
0.26		0.6		0.378038
0.26		0.666667		0.237742
0.26		0.733333		0.449395
0.26		0.8		0.312097
0.26		0.866667		0.364714
0.26		0.933333		0.426948
0.28		0		0.422805
0.28		0.0666667		0.446168
0.28		0.133333		0.266369
0.28		0.2		0.308093
0.28		0.266667		0.391168
0.28		0.333333		0.440603
0.28		0.4		0.336203
0.28		0.466667		0.22425
0.28		0.533333		0.476788
0.28		0.6		0.382659
0.28		0.666667		0.236558
0.28		0.733333		0.441918
0.28		0.8		0.311777
0.28		0.866667		0.373245
0.28		0.933333		0.43333
0.3		0		0.426457
0.3		0.0666667		0.468585
0.3		0.133333		0.276462
0.3		0.2		0.28545
0.3		0.266667		0.406212
0.3		0.333333		0.446388
0.3		0.4		0.328795
0.3		0.466667		0.227199
0.3		0.533333		0.483358
0.3		0.6		0.391635
0.3		0.666667		0.235429
0.3		0.733333		0.435108
0.3		0.8		0.31209
0.3		0.866667		0.382927
0.3		0.933333		0.440472
0.32		0		0.430215
0.32		0.0666667		0.501811
0.32		0.133333		0.302775
0.32		0.2		0.278339
0.32		0.266667		0.416825
0.32		0.333333		0.437575
0.32		0.4		0.324228
0.32		0.466667		0.231931
0.32		0.533333		0.476795
0.32		0.6		0.377181
0.32		0.666667		0.234365
0.32		0.733333		0.429161
0.32		0.8		0.313205
0.32		0.866667		0.39387
0.32		0.933333		0.448424
0.34		0		0.43394
0.34		0.0666667		0.493121
0.34		0.133333		0.295147
0.34		0.2		0.312215
0.34		0.266667		0.431285
0.34		0.333333		0.433026
0.34		0.4		0.32731
0.34		0.466667		0.23945
0.34		0.533333		0.450315
0.34		0.6		0.359153
0.34		0.666667		0.233377
0.34		0.733333		0.424359
0.34		0.8		0.316404
0.34		0.866667		0.406202
0.34		0.933333		0.455499
0.36		0		0.437543
0.36		0.0666667		0.402235
0.36		0.133333		0.253094
0.36		0.2		0.374319
0.36		0.266667		0.456254
0.36		0.333333		0.433376
0.36		0.4		0.335451
0.36		0.466667		0.251879
0.36		0.533333		0.426285
0.36		0.6		0.346208
0.36		0.666667		0.232475
0.36		0.733333		0.421157
0.36		0.8		0.321376
0.36		0.866667		0.420088
0.36		0.933333		0.457781
0.38		0		0.441187
0.38		0.0666667		0.42017
0.38		0.133333		0.288383
0.38		0.2		0.382899
0.38		0.266667		0.488037
0.38		0.333333		0.44061
0.38		0.4		0.344254
0.38		0.466667		0.274754
0.38		0.533333		0.404216
0.38		0.6		0.339706
0.38		0.666667		0.231669
0.38		0.733333		0.420379
0.38		0.8		0.321483
0.38		0.866667		0.434704
0.38		0.933333		0.460561
0.4		0		0.444826
0.4		0.0666667		0.479653
0.4		0.133333		0.220976
0.4		0.2		0.3378
0.4		0.266667		0.485466
0.4		0.333333		0.461154
0.4		0.4		0.353051
0.4		0.466667		0.32952
0.4		0.533333		0.383742
0.4		0.6		0.343905
0.4		0.666667		0.230971
0.4		0.733333		0.42374
0.4		0.8		0.322794
0.4		0.866667		0.445753
0.4		0.933333		0.463867
0.42		0		0.407918
0.42		0.0666667		0.370368
0.42		0.133333		0.289107
0.42		0.2		0.432564
0.42		0.266667		0.382824
0.42		0.333333		0.429729
0.42		0.4		0.361786
0.42		0.466667		0.294231
0.42		0.533333		0.36321
0.42		0.6		0.328276
0.42		0.666667		0.230396
0.42		0.733333		0.43561
0.42		0.8		0.325708
0.42		0.866667		0.459327
0.42		0.933333		0.467721
0.44		0		0.396571
0.44		0.0666667		0.523568
0.44		0.133333		0.236021
0.44		0.2		0.370334
0.44		0.266667		0.468809
0.44		0.333333		0.372589
0.44		0.4		0.370566
0.44		0.466667		0.309391
0.44		0.533333		0.340107
0.44		0.6		0.280324
0.44		0.666667		0.229957
0.44		0.733333		0.434266
0.44		0.8		0.330874
0.44		0.866667		0.476708
0.44		0.933333		0.468409
0.46		0		0.485823
0.46		0.0666667		0.435165
0.46		0.133333		0.359045
0.46		0.2		0.349768
0.46		0.266667		0.446647
0.46		0.333333		0.43039
0.46		0.4		0.37961
0.46		0.466667		0.448197
0.46		0.533333		0.320524
0.46		0.6		0.281865
0.46		0.666667		0.216191
0.46		0.733333		0.388621
0.46		0.8		0.339502
0.46		0.866667		0.495547
0.46		0.933333		0.465304
0.48		0		0.369974
0.48		0.0666667		0.444797
0.48		0.133333		0.277657
0.48		0.2		0.313773
0.48		0.266667		0.345997
0.48		0.333333		0.405471
0.48		0.4		0.389246
0.48		0.466667		0.133246
0.48		0.533333		0.310398
0.48		0.6		0.260635
0.48		0.666667		0.254204
0.48		0.733333		0.388138
0.48		0.8		0.35433
0.48		0.866667		0.532561
0.48		0.933333		0.463198
0.5		0		0.387084
0.5		0.0666667		0.339645
0.5		0.133333		0.324996
0.5		0.2		0.312652
0.5		0.266667		0.351609
0.5		0.333333		0.396884
0.5		0.4		0.398615
0.5		0.466667		0.317382
0.5		0.533333		0.314632
0.5		0.6		0.245843
0.5		0.666667		0.276106
0.5		0.733333		0.417866
0.5		0.8		0.383678
0.5		0.866667		0.486786
0.5		0.933333		0.462097
0.52		0		0.34313
0.52		0.0666667		0.439721
0.52		0.133333		0.323567
0.52		0.2		0.450896
0.52		0.266667		0.425305
0.52		0.333333		0.36659
0.52		0.4		0.471699
0.52		0.466667		0.225484
0.52		0.533333		0.336166
0.52		0.6		0.349056
0.52		0.666667		0.285617
0.52		0.733333		0.43108
0.52		0.8		0.442884
0.52		0.866667		0.505052
0.52		0.933333		0.462011
0.54		0		0.425081
0.54		0.0666667		0.524847
0.54		0.133333		0.240985
0.54		0.2		0.297394
0.54		0.266667		0.356339
0.54		0.333333		0.368021
0.54		0.4		0.45688
0.54		0.466667		0.455081
0.54		0.533333		0.474705
0.54		0.6		0.267793
0.54		0.666667		0.2434
0.54		0.733333		0.440785
0.54		0.8		0.346232
0.54		0.866667		0.412332
0.54		0.933333		0.46296
0.56		0		0.452053
0.56		0.0666667		0.447329
0.56		0.133333		0.361128
0.56		0.2		0.495641
0.56		0.266667		0.447105
0.56		0.333333		0.275786
0.56		0.4		0.561331
0.56		0.466667		0.384689
0.56		0.533333		0.363822
0.56		0.6		0.359599
0.56		0.666667		0.363384
0.56		0.733333		0.389832
0.56		0.8		0.343376
0.56		0.866667		0.475633
0.56		0.933333		0.464981
0.58		0		0.355712
0.58		0.0666667		0.421204
0.58		0.133333		0.221799
0.58		0.2		0.479149
0.58		0.266667		0.345487
0.58		0.333333		0.36973
0.58		0.4		0.33399
0.58		0.466667		0.271351
0.58		0.533333		0.412343
0.58		0.6		0.269058
0.58		0.666667		0.301302
0.58		0.733333		0.460751
0.58		0.8		0.216227
0.58		0.866667		0.53341
0.58		0.933333		0.468041
0.6		0		0.447542
0.6		0.0666667		0.433408
0.6		0.133333		0.372027
0.6		0.2		0.338955
0.6		0.266667		0.347433
0.6		0.333333		0.342697
0.6		0.4		0.445496
0.6		0.466667		0.434725
0.6		0.533333		0.380646
0.6		0.6		0.262657
0.6		0.666667		0.450718
0.6		0.733333		0.349183
0.6		0.8		0.364639
0.6		0.866667		0.455031
0.6		0.933333		0.441493
0.62		0		0.385857
0.62		0.0666667		0.368667
0.62		0.133333		0.312563
0.62		0.2		0.30149
0.62		0.266667		0.423356
0.62		0.333333		0.388018
0.62		0.4		0.450235
0.62		0.466667		0.314258
0.62		0.533333		0.406307
0.62		0.6		0.283703
0.62		0.666667		0.29247
0.62		0.733333		0.347264
0.62		0.8		0.388834
0.62		0.866667		0.424716
0.62		0.933333		0.530767
0.64		0		0.439443
0.64		0.0666667		0.386799
0.64		0.133333		0.343945
0.64		0.2		0.325441
0.64		0.266667		0.351181
0.64		0.333333		0.253287
0.64		0.4		0.460325
0.64		0.466667		0.401925
0.64		0.533333		0.506901
0.64		0.6		0.26818
0.64		0.666667		0.357353
0.64		0.733333		0.414983
0.64		0.8		0.488669
0.64		0.866667		0.459328
0.64		0.933333		0.43209
0.66		0		0.405106
0.66		0.0666667		0.430871
0.66		0.133333		0.314275
0.66		0.2		0.375751
0.66		0.266667		0.511745
0.66		0.333333		0.350518
0.66		0.4		0.418986
0.66		0.466667		0.371343
0.66		0.533333		0.441912
0.66		0.6		0.344172
0.66		0.666667		0.2299
0.66		0.733333		0.402273
0.66		0.8		0.47005
0.66		0.866667		0.449711
0.66		0.933333		0.433012
0.68		0		0.399578
0.68		0.0666667		0.559546
0.68		0.133333		0.392079
0.68		0.2		0.358666
0.68		0.266667		0.330777
0.68		0.333333		0.279153
0.68		0.4		0.550789
0.68		0.466667		0.346713
0.68		0.533333		0.375826
0.68		0.6		0.277312
0.68		0.666667		0.339619
0.68		0.733333		0.404598
0.68		0.8		0.489117
0.68		0.866667		0.597781
0.68		0.933333		0.429923
0.7		0		0.398902
0.7		0.0666667		0.551596
0.7		0.133333		0.397454
0.7		0.2		0.232045
0.7		0.266667		0.312456
0.7		0.333333		0.32686
0.7		0.4		0.502876
0.7		0.466667		0.341407
0.7		0.533333		0.387686
0.7		0.6		0.232054
0.7		0.666667		0.38366
0.7		0.733333		0.40884
0.7		0.8		0.492335
0.7		0.866667		0.498173
0.7		0.933333		0.44236
0.72		0		0.400071
0.72		0.0666667		0.448963
0.72		0.133333		0.347834
0.72		0.2		0.395961
0.72		0.266667		0.445669
0.72		0.333333		0.35621
0.72		0.4		0.395867
0.72		0.466667		0.386258
0.72		0.533333		0.326533
0.72		0.6		0.276411
0.72		0.666667		0.361358
0.72		0.733333		0.415364
0.72		0.8		0.389
0.72		0.866667		0.528679
0.72		0.933333		0.400349
0.74		0		0.402262
0.74		0.0666667		0.365603
0.74		0.133333		0.275893
0.74		0.2		0.339219
0.74		0.266667		0.381367
0.74		0.333333		0.427835
0.74		0.4		0.38332
0.74		0.466667		0.432091
0.74		0.533333		0.299504
0.74		0.6		0.250468
0.74		0.666667		0.359084
0.74		0.733333		0.424689
0.74		0.8		0.473897
0.74		0.866667		0.455983
0.74		0.933333		0.442127
0.76		0		0.405173
0.76		0.0666667		0.346127
0.76		0.133333		0.297799
0.76		0.2		0.342876
0.76		0.266667		0.350473
0.76		0.333333		0.363565
0.76		0.4		0.574075
0.76		0.466667		0.405092
0.76		0.533333		0.272239
0.76		0.6		0.353931
0.76		0.666667		0.375748
0.76		0.733333		0.43759
0.76		0.8		0.420183
0.76		0.866667		0.453793
0.76		0.933333		0.427365
0.78		0		0.408678
0.78		0.0666667		0.439744
0.78		0.133333		0.394899
0.78		0.2		0.271792
0.78		0.266667		0.411345
0.78		0.333333		0.333848
0.78		0.4		0.370094
0.78		0.466667		0.441697
0.78		0.533333		0.223484
0.78		0.6		0.347941
0.78		0.666667		0.356587
0.78		0.733333		0.455287
0.78		0.8		0.396185
0.78		0.866667		0.478327
0.78		0.933333		0.406869
0.8		0		0.412729
0.8		0.0666667		0.428594
0.8		0.133333		0.307014
0.8		0.2		0.215222
0.8		0.266667		0.439187
0.8		0.333333		0.300303
0.8		0.4		0.41865
0.8		0.466667		0.488421
0.8		0.533333		0.264583
0.8		0.6		0.333938
0.8		0.666667		0.416296
0.8		0.733333		0.478459
0.8		0.8		0.405358
0.8		0.866667		0.489513
0.8		0.933333		0.427747
0.82		0		0.417308
0.82		0.0666667		0.450223
0.82		0.133333		0.282624
0.82		0.2		0.377424
0.82		0.266667		0.542733
0.82		0.333333		0.379966
0.82		0.4		0.396491
0.82		0.466667		0.564532
0.82		0.533333		0.256855
0.82		0.6		0.357942
0.82		0.666667		0.44712
0.82		0.733333		0.480989
0.82		0.8		0.464295
0.82		0.866667		0.466674
0.82		0.933333		0.46753
0.84		0		0.422423
0.84		0.0666667		0.428894
0.84		0.133333		0.430599
0.84		0.2		0.45694
0.84		0.266667		0.408536
0.84		0.333333		0.352707
0.84		0.4		0.388394
0.84		0.466667		0.474872
0.84		0.533333		0.217131
0.84		0.6		0.314425
0.84		0.666667		0.477325
0.84		0.733333		0.449376
0.84		0.8		0.439001
0.84		0.866667		0.451723
0.84		0.933333		0.475627
0.86		0		0.428087
0.86		0.0666667		0.347797
0.86		0.133333		0.450789
0.86		0.2		0.347181
0.86		0.266667		0.494417
0.86		0.333333		0.341976
0.86		0.4		0.456564
0.86		0.466667		0.441999
0.86		0.533333		0.295009
0.86		0.6		0.281676
0.86		0.666667		0.504457
0.86		0.733333		0.420187
0.86		0.8		0.412448
0.86		0.866667		0.434791
0.86		0.933333		0.473201
0.88		0		0.434327
0.88		0.0666667		0.343194
0.88		0.133333		0.404938
0.88		0.2		0.378767
0.88		0.266667		0.494669
0.88		0.333333		0.366631
0.88		0.4		0.512138
0.88		0.466667		0.493126
0.88		0.533333		0.308006
0.88		0.6		0.326362
0.88		0.666667		0.515825
0.88		0.733333		0.393625
0.88		0.8		0.547043
0.88		0.866667		0.420921
0.88		0.933333		0.480323
0.9		0		0.441171
0.9		0.0666667		0.394335
0.9		0.133333		0.424924
0.9		0.2		0.298027
0.9		0.266667		0.298674
0.9		0.333333		0.453162
0.9		0.4		0.396515
0.9		0.466667		0.41915
0.9		0.533333		0.361528
0.9		0.6		0.395519
0.9		0.666667		0.45824
0.9		0.733333		0.369959
0.9		0.8		0.517693
0.9		0.866667		0.40929
0.9		0.933333		0.463767
0.92		0		0.448657
0.92		0.0666667		0.430487
0.92		0.133333		0.371381
0.92		0.2		0.288862
0.92		0.266667		0.436701
0.92		0.333333		0.459265
0.92		0.4		0.252826
0.92		0.466667		0.372844
0.92		0.533333		0.388284
0.92		0.6		0.43879
0.92		0.666667		0.394197
0.92		0.733333		0.354818
0.92		0.8		0.392322
0.92		0.866667		0.399448
0.92		0.933333		0.443776
0.94		0		0.447772
0.94		0.0666667		0.390116
0.94		0.133333		0.357974
0.94		0.2		0.400244
0.94		0.266667		0.462747
0.94		0.333333		0.408675
0.94		0.4		0.469806
0.94		0.466667		0.399191
0.94		0.533333		0.410161
0.94		0.6		0.394575
0.94		0.666667		0.446043
0.94		0.733333		0.371236
0.94		0.8		0.39335
0.94		0.866667		0.391152
0.94		0.933333		0.431805
0.96		0		0.441247
0.96		0.0666667		0.366732
0.96		0.133333		0.354342
0.96		0.2		0.385714
0.96		0.266667		0.545519
0.96		0.333333		0.411608
0.96		0.4		0.311657
0.96		0.466667		0.456929
0.96		0.533333		0.428692
0.96		0.6		0.440115
0.96		0.666667		0.398542
0.96		0.733333		0.398749
0.96		0.8		0.461853
0.96		0.866667		0.384355
0.96		0.933333		0.425818
0.98		0		0.435747
0.98		0.0666667		0.529027
0.98		0.133333		0.358361
0.98		0.2		0.399807
0.98		0.266667		0.484239
0.98		0.333333		0.335751
0.98		0.4		0.424363
0.98		0.466667		0.580342
0.98		0.533333		0.449371
0.98		0.6		0.448633
0.98		0.666667		0.485785
0.98		0.733333		0.439901
0.98		0.8		0.468202
0.98		0.866667		0.379776
0.98		0.933333		0.424487
1		0		0.431147
1		0.0666667		0.4407
1		0.133333		0.446431
1		0.2		0.458261
1		0.266667		0.415013
1		0.333333		0.354189
1		0.4		0.426675
1		0.466667		0.313322
1		0.533333		0.46369
1		0.6		0.411108
1		0.666667		0.522825
1		0.733333		0.445482
1		0.8		0.48845
1		0.866667		0.382058
1		0.933333		0.426792
1.02		0		0.427348
1.02		0.0666667		0.420186
1.02		0.133333		0.549644
1.02		0.2		0.458067
1.02		0.266667		0.382383
1.02		0.333333		0.436639
1.02		0.4		0.457879
1.02		0.466667		0.374242
1.02		0.533333		0.476254
1.02		0.6		0.459086
1.02		0.666667		0.437167
1.02		0.733333		0.400414
1.02		0.8		0.530757
1.02		0.866667		0.392221
1.02		0.933333		0.431893
1.04		0		0.424275
1.04		0.0666667		0.450039
1.04		0.133333		0.614419
1.04		0.2		0.541059
1.04		0.266667		0.430866
1.04		0.333333		0.440456
1.04		0.4		0.370354
1.04		0.466667		0.507006
1.04		0.533333		0.491846
1.04		0.6		0.435398
1.04		0.666667		0.494338
1.04		0.733333		0.374067
1.04		0.8		0.538429
1.04		0.866667		0.405262
1.04		0.933333		0.439113
1.06		0		0.421871
1.06		0.0666667		0.411609
1.06		0.133333		0.575681
1.06		0.2		0.424891
1.06		0.266667		0.394609
1.06		0.333333		0.363567
1.06		0.4		0.364231
1.06		0.466667		0.537164
1.06		0.533333		0.50999
1.06		0.6		0.467312
1.06		0.666667		0.4042
1.06		0.733333		0.364399
1.06		0.8		0.539141
1.06		0.866667		0.419792
1.06		0.933333		0.447929
1.08		0		0.420094
1.08		0.0666667		0.403961
1.08		0.133333		0.438568
1.08		0.2		0.444141
1.08		0.266667		0.54467
1.08		0.333333		0.326803
1.08		0.4		0.3628
1.08		0.466667		0.352871
1.08		0.533333		0.530416
1.08		0.6		0.510785
1.08		0.666667		0.44761
1.08		0.733333		0.374261
1.08		0.8		0.548502
1.08		0.866667		0.435822
1.08		0.933333		0.45795
1.1		0		0.418913
1.1		0.0666667		0.409691
1.1		0.133333		0.447104
1.1		0.2		0.492789
1.1		0.266667		0.597653
1.1		0.333333		0.349565
1.1		0.4		0.340562
1.1		0.466667		0.256649
1.1		0.533333		0.553178
1.1		0.6		0.376278
1.1		0.666667		0.448482
1.1		0.733333		0.405289
1.1		0.8		0.547463
1.1		0.866667		0.453486
1.1		0.933333		0.468887
1.12		0		0.418307
1.12		0.0666667		0.369924
1.12		0.133333		0.603059
1.12		0.2		0.483038
1.12		0.266667		0.494171
1.12		0.333333		0.313251
1.12		0.4		0.355431
1.12		0.466667		0.337939
1.12		0.533333		0.568475
1.12		0.6		0.408028
1.12		0.666667		0.396945
1.12		0.733333		0.416959
1.12		0.8		0.414563
1.12		0.866667		0.473003
1.12		0.933333		0.48053
1.14		0		0.418267
1.14		0.0666667		0.343998
1.14		0.133333		0.49979
1.14		0.2		0.404021
1.14		0.266667		0.398888
1.14		0.333333		0.273504
1.14		0.4		0.357311
1.14		0.466667		0.421357
1.14		0.533333		0.583278
1.14		0.6		0.307305
1.14		0.666667		0.470887
1.14		0.733333		0.422072
1.14		0.8		0.402539
1.14		0.866667		0.494692
1.14		0.933333		0.492724
1.16		0		0.418795
1.16		0.0666667		0.328137
1.16		0.133333		0.467386
1.16		0.2		0.460306
1.16		0.266667		0.334363
1.16		0.333333		0.416909
1.16		0.4		0.441439
1.16		0.466667		0.463201
1.16		0.533333		0.602828
1.16		0.6		0.338244
1.16		0.666667		0.517887
1.16		0.733333		0.435346
1.16		0.8		0.396815
1.16		0.866667		0.515464
1.16		0.933333		0.494971
1.18		0		0.419928
1.18		0.0666667		0.308614
1.18		0.133333		0.481356
1.18		0.2		0.493804
1.18		0.266667		0.266825
1.18		0.333333		0.354269
1.18		0.4		0.375495
1.18		0.466667		0.517075
1.18		0.533333		0.614425
1.18		0.6		0.317841
1.18		0.666667		0.369072
1.18		0.733333		0.456203
1.18		0.8		0.395014
1.18		0.866667		0.535346
1.18		0.933333		0.487122
1.2		0		0.422163
1.2		0.0666667		0.283985
1.2		0.133333		0.496356
1.2		0.2		0.503941
1.2		0.266667		0.292172
1.2		0.333333		0.338714
1.2		0.4		0.404345
1.2		0.466667		0.453984
1.2		0.533333		0.596469
1.2		0.6		0.317793
1.2		0.666667		0.350802
1.2		0.733333		0.484168
1.2		0.8		0.378994
1.2		0.866667		0.558245
1.2		0.933333		0.480743
1.22		0		0.426297
1.22		0.0666667		0.323702
1.22		0.133333		0.518655
1.22		0.2		0.435991
1.22		0.266667		0.316846
1.22		0.333333		0.344058
1.22		0.4		0.450951
1.22		0.466667		0.399676
1.22		0.533333		0.577793
1.22		0.6		0.342912
1.22		0.666667		0.423499
1.22		0.733333		0.507059
1.22		0.8		0.368152
1.22		0.866667		0.584134
1.22		0.933333		0.475665
1.24		0		0.431315
1.24		0.0666667		0.386878
1.24		0.133333		0.555132
1.24		0.2		0.400369
1.24		0.266667		0.37003
1.24		0.333333		0.335048
1.24		0.4		0.324321
1.24		0.466667		0.284553
1.24		0.533333		0.555192
1.24		0.6		0.342988
1.24		0.666667		0.353886
1.24		0.733333		0.521457
1.24		0.8		0.356742
1.24		0.866667		0.597032
1.24		0.933333		0.47175
1.26		0		0.437087
1.26		0.0666667		0.400868
1.26		0.133333		0.615096
1.26		0.2		0.422891
1.26		0.266667		0.389134
1.26		0.333333		0.293753
1.26		0.4		0.354509
1.26		0.466667		0.270224
1.26		0.533333		0.563646
1.26		0.6		0.325194
1.26		0.666667		0.397618
1.26		0.733333		0.525441
1.26		0.8		0.324169
1.26		0.866667		0.570821
1.26		0.933333		0.468885
1.28		0		0.443639
1.28		0.0666667		0.370758
1.28		0.133333		0.573198
1.28		0.2		0.395388
1.28		0.266667		0.399393
1.28		0.333333		0.255496
1.28		0.4		0.315538
1.28		0.466667		0.374749
1.28		0.533333		0.584239
1.28		0.6		0.405015
1.28		0.666667		0.500623
1.28		0.733333		0.531903
1.28		0.8		0.309643
1.28		0.866667		0.545455
1.28		0.933333		0.466979
1.3		0		0.451012
1.3		0.0666667		0.348216
1.3		0.133333		0.517158
1.3		0.2		0.357009
1.3		0.266667		0.436028
1.3		0.333333		0.323507
1.3		0.4		0.368983
1.3		0.466667		0.522894
1.3		0.533333		0.452239
1.3		0.6		0.335989
1.3		0.666667		0.616669
1.3		0.733333		0.519164
1.3		0.8		0.328491
1.3		0.866667		0.522055
1.3		0.933333		0.464684
1.32		0		0.459263
1.32		0.0666667		0.357382
1.32		0.133333		0.473598
1.32		0.2		0.360516
1.32		0.266667		0.38742
1.32		0.333333		0.312872
1.32		0.4		0.389568
1.32		0.466667		0.604142
1.32		0.533333		0.348612
1.32		0.6		0.438297
1.32		0.666667		0.602435
1.32		0.733333		0.499216
1.32		0.8		0.36556
1.32		0.866667		0.494926
1.32		0.933333		0.45513
1.34		0		0.468457
1.34		0.0666667		0.380594
1.34		0.133333		0.454776
1.34		0.2		0.40793
1.34		0.266667		0.36353
1.34		0.333333		0.402842
1.34		0.4		0.423257
1.34		0.466667		0.588714
1.34		0.533333		0.356794
1.34		0.6		0.329883
1.34		0.666667		0.557992
1.34		0.733333		0.485104
1.34		0.8		0.405029
1.34		0.866667		0.490884
1.34		0.933333		0.446379
1.36		0		0.47587
1.36		0.0666667		0.402678
1.36		0.133333		0.453769
1.36		0.2		0.395606
1.36		0.266667		0.364189
1.36		0.333333		0.43754
1.36		0.4		0.409529
1.36		0.466667		0.524418
1.36		0.533333		0.293322
1.36		0.6		0.37281
1.36		0.666667		0.545245
1.36		0.733333		0.481465
1.36		0.8		0.45185
1.36		0.866667		0.498119
1.36		0.933333		0.438354
1.38		0		0.472691
1.38		0.0666667		0.40505
1.38		0.133333		0.488877
1.38		0.2		0.356717
1.38		0.266667		0.385215
1.38		0.333333		0.394026
1.38		0.4		0.388921
1.38		0.466667		0.426001
1.38		0.533333		0.295307
1.38		0.6		0.408889
1.38		0.666667		0.518777
1.38		0.733333		0.489272
1.38		0.8		0.48797
1.38		0.866667		0.549745
1.38		0.933333		0.43099
1.4		0		0.470297
1.4		0.0666667		0.408382
1.4		0.133333		0.544599
1.4		0.2		0.35991
1.4		0.266667		0.357248
1.4		0.333333		0.283186
1.4		0.4		0.384336
1.4		0.466667		0.401007
1.4		0.533333		0.318208
1.4		0.6		0.498791
1.4		0.666667		0.498998
1.4		0.733333		0.481989
1.4		0.8		0.530231
1.4		0.866667		0.522262
1.4		0.933333		0.424231
1.42		0		0.46867
1.42		0.0666667		0.416819
1.42		0.133333		0.558968
1.42		0.2		0.347949
1.42		0.266667		0.320958
1.42		0.333333		0.370817
1.42		0.4		0.404747
1.42		0.466667		0.358079
1.42		0.533333		0.385257
1.42		0.6		0.500054
1.42		0.666667		0.520326
1.42		0.733333		0.461346
1.42		0.8		0.551603
1.42		0.866667		0.529977
1.42		0.933333		0.418026
1.44		0		0.46779
1.44		0.0666667		0.410285
1.44		0.133333		0.509812
1.44		0.2		0.343427
1.44		0.266667		0.28923
1.44		0.333333		0.396072
1.44		0.4		0.472779
1.44		0.466667		0.320677
1.44		0.533333		0.402301
1.44		0.6		0.485815
1.44		0.666667		0.532189
1.44		0.733333		0.445542
1.44		0.8		0.544362
1.44		0.866667		0.470683
1.44		0.933333		0.414254
1.46		0		0.463505
1.46		0.0666667		0.412103
1.46		0.133333		0.497163
1.46		0.2		0.384241
1.46		0.266667		0.277742
1.46		0.333333		0.419309
1.46		0.4		0.507695
1.46		0.466667		0.324484
1.46		0.533333		0.387637
1.46		0.6		0.456672
1.46		0.666667		0.501961
1.46		0.733333		0.434318
1.46		0.8		0.510429
1.46		0.866667		0.539431
1.46		0.933333		0.411774
1.48		0		0.456433
1.48		0.0666667		0.413168
1.48		0.133333		0.510231
1.48		0.2		0.411704
1.48		0.266667		0.291457
1.48		0.333333		0.399431
1.48		0.4		0.456608
1.48		0.466667		0.350627
1.48		0.533333		0.355903
1.48		0.6		0.482322
1.48		0.666667		0.450797
1.48		0.733333		0.440793
1.48		0.8		0.484156
1.48		0.866667		0.514355
1.48		0.933333		0.409985
1.5		0		0.45
1.5		0.0666667		0.400875
1.5		0.133333		0.509436
1.5		0.2		0.424453
1.5		0.266667		0.321791
1.5		0.333333		0.449361
1.5		0.4		0.476388
1.5		0.466667		0.333767
1.5		0.533333		0.409703
1.5		0.6		0.462833
1.5		0.666667		0.408539
1.5		0.733333		0.46676
1.5		0.8		0.44912
1.5		0.866667		0.490207
1.5		0.933333		0.408937
1.52		0		0.44417
1.52		0.0666667		0.372763
1.52		0.133333		0.490345
1.52		0.2		0.40212
1.52		0.266667		0.346106
1.52		0.333333		0.541113
1.52		0.4		0.514168
1.52		0.466667		0.346511
1.52		0.533333		0.454094
1.52		0.6		0.412101
1.52		0.666667		0.388684
1.52		0.733333		0.498201
1.52		0.8		0.417326
1.52		0.866667		0.474626
1.52		0.933333		0.408708
1.54		0		0.438911
1.54		0.0666667		0.350585
1.54		0.133333		0.473249
1.54		0.2		0.363748
1.54		0.266667		0.372754
1.54		0.333333		0.472462
1.54		0.4		0.55428
1.54		0.466667		0.363127
1.54		0.533333		0.47735
1.54		0.6		0.391445
1.54		0.666667		0.381675
1.54		0.733333		0.534542
1.54		0.8		0.389514
1.54		0.866667		0.406528
1.54		0.933333		0.409431
1.56		0		0.434189
1.56		0.0666667		0.333178
1.56		0.133333		0.442009
1.56		0.2		0.342562
1.56		0.266667		0.402729
1.56		0.333333		0.453062
1.56		0.4		0.598592
1.56		0.466667		0.393418
1.56		0.533333		0.457463
1.56		0.6		0.472373
1.56		0.666667		0.383526
1.56		0.733333		0.526185
1.56		0.8		0.364926
1.56		0.866667		0.348063
1.56		0.933333		0.411319
1.58		0		0.429976
1.58		0.0666667		0.319722
1.58		0.133333		0.405246
1.58		0.2		0.386543
1.58		0.266667		0.433905
1.58		0.333333		0.389771
1.58		0.4		0.543835
1.58		0.466667		0.434014
1.58		0.533333		0.387356
1.58		0.6		0.464655
1.58		0.666667		0.396875
1.58		0.733333		0.491635
1.58		0.8		0.372774
1.58		0.866667		0.310226
1.58		0.933333		0.414724
1.6		0		0.426246
1.6		0.0666667		0.337899
1.6		0.133333		0.346492
1.6		0.2		0.43089
1.6		0.266667		0.453504
1.6		0.333333		0.409701
1.6		0.4		0.489466
1.6		0.466667		0.449564
1.6		0.533333		0.375
1.6		0.6		0.489618
1.6		0.666667		0.436754
1.6		0.733333		0.459344
1.6		0.8		0.38966
1.6		0.866667		0.31554
1.6		0.933333		0.420255
1.62		0		0.422977
1.62		0.0666667		0.36834
1.62		0.133333		0.282089
1.62		0.2		0.480519
1.62		0.266667		0.466967
1.62		0.333333		0.438887
1.62		0.4		0.459447
1.62		0.466667		0.450651
1.62		0.533333		0.425393
1.62		0.6		0.565011
1.62		0.666667		0.492865
1.62		0.733333		0.442923
1.62		0.8		0.409254
1.62		0.866667		0.342745
1.62		0.933333		0.429049
1.64		0		0.420147
1.64		0.0666667		0.403247
1.64		0.133333		0.266297
1.64		0.2		0.476565
1.64		0.266667		0.480171
1.64		0.333333		0.352307
1.64		0.4		0.485159
1.64		0.466667		0.450103
1.64		0.533333		0.434444
1.64		0.6		0.54703
1.64		0.666667		0.483841
1.64		0.733333		0.428456
1.64		0.8		0.429584
1.64		0.866667		0.40656
1.64		0.933333		0.432367
1.66		0		0.417741
1.66		0.0666667		0.439663
1.66		0.133333		0.24735
1.66		0.2		0.420902
1.66		0.266667		0.493578
1.66		0.333333		0.306155
1.66		0.4		0.512377
1.66		0.466667		0.440533
1.66		0.533333		0.379503
1.66		0.6		0.484182
1.66		0.666667		0.464423
1.66		0.733333		0.451368
1.66		0.8		0.450802
1.66		0.866667		0.423403
1.66		0.933333		0.413723
1.68		0		0.415742
1.68		0.0666667		0.459409
1.68		0.133333		0.256923
1.68		0.2		0.385861
1.68		0.266667		0.508023
1.68		0.333333		0.437767
1.68		0.4		0.529773
1.68		0.466667		0.434971
1.68		0.533333		0.335125
1.68		0.6		0.438264
1.68		0.666667		0.45177
1.68		0.733333		0.361431
1.68		0.8		0.47307
1.68		0.866667		0.440348
1.68		0.933333		0.394477
1.7		0		0.41414
1.7		0.0666667		0.436788
1.7		0.133333		0.25384
1.7		0.2		0.412479
1.7		0.266667		0.514541
1.7		0.333333		0.345187
1.7		0.4		0.493058
1.7		0.466667		0.416643
1.7		0.533333		0.323026
1.7		0.6		0.422843
1.7		0.666667		0.452706
1.7		0.733333		0.304827
1.7		0.8		0.496534
1.7		0.866667		0.440718
1.7		0.933333		0.375054
1.72		0		0.41292
1.72		0.0666667		0.421301
1.72		0.133333		0.26954
1.72		0.2		0.452261
1.72		0.266667		0.52375
1.72		0.333333		0.432139
1.72		0.4		0.46046
1.72		0.466667		0.402806
1.72		0.533333		0.215208
1.72		0.6		0.419294
1.72		0.666667		0.462091
1.72		0.733333		0.306889
1.72		0.8		0.519968
1.72		0.866667		0.394571
1.72		0.933333		0.366484
1.74		0		0.412069
1.74		0.0666667		0.41148
1.74		0.133333		0.313569
1.74		0.2		0.501028
1.74		0.266667		0.531009
1.74		0.333333		0.4271
1.74		0.4		0.48652
1.74		0.466667		0.391802
1.74		0.533333		0.254313
1.74		0.6		0.415674
1.74		0.666667		0.476061
1.74		0.733333		0.342664
1.74		0.8		0.522635
1.74		0.866667		0.358537
1.74		0.933333		0.395269
1.76		0		0.411572
1.76		0.0666667		0.406088
1.76		0.133333		0.291773
1.76		0.2		0.507345
1.76		0.266667		0.525794
1.76		0.333333		0.430115
1.76		0.4		0.520853
1.76		0.466667		0.379371
1.76		0.533333		0.292592
1.76		0.6		0.436841
1.76		0.666667		0.492555
1.76		0.733333		0.369079
1.76		0.8		0.527942
1.76		0.866667		0.329315
1.76		0.933333		0.384039
1.78		0		0.411409
1.78		0.0666667		0.404413
1.78		0.133333		0.284707
1.78		0.2		0.494389
1.78		0.266667		0.515373
1.78		0.333333		0.444685
1.78		0.4		0.549764
1.78		0.466667		0.360753
1.78		0.533333		0.362458
1.78		0.6		0.457103
1.78		0.666667		0.509317
1.78		0.733333		0.388643
1.78		0.8		0.526578
1.78		0.866667		0.304402
1.78		0.933333		0.353917
1.8		0		0.411557
1.8		0.0666667		0.406023
1.8		0.133333		0.313769
1.8		0.2		0.480046
1.8		0.266667		0.501492
1.8		0.333333		0.460176
1.8		0.4		0.53131
1.8		0.466667		0.345602
1.8		0.533333		0.379374
1.8		0.6		0.43141
1.8		0.666667		0.503364
1.8		0.733333		0.411084
1.8		0.8		0.525438
1.8		0.866667		0.283335
1.8		0.933333		0.380279
1.82		0		0.41199
1.82		0.0666667		0.410625
1.82		0.133333		0.35919
1.82		0.2		0.472077
1.82		0.266667		0.480565
1.82		0.333333		0.459202
1.82		0.4		0.521098
1.82		0.466667		0.325491
1.82		0.533333		0.391883
1.82		0.6		0.417453
1.82		0.666667		0.495535
1.82		0.733333		0.387912
1.82		0.8		0.527035
1.82		0.866667		0.27359
1.82		0.933333		0.419089
1.84		0		0.412679
1.84		0.0666667		0.417951
1.84		0.133333		0.411746
1.84		0.2		0.468661
1.84		0.266667		0.466579
1.84		0.333333		0.441021
1.84		0.4		0.520743
1.84		0.466667		0.304241
1.84		0.533333		0.449133
1.84		0.6		0.410148
1.84		0.666667		0.48885
1.84		0.733333		0.381886
1.84		0.8		0.53165
1.84		0.866667		0.274278
1.84		0.933333		0.444929
1.86		0		0.413598
1.86		0.0666667		0.427695
1.86		0.133333		0.415429
1.86		0.2		0.4648
1.86		0.266667		0.459877
1.86		0.333333		0.41996
1.86		0.4		0.527965
1.86		0.466667		0.300005
1.86		0.533333		0.463308
1.86		0.6		0.406988
1.86		0.666667		0.482737
1.86		0.733333		0.390332
1.86		0.8		0.539335
1.86		0.866667		0.280603
1.86		0.933333		0.436689
1.88		0		0.414721
1.88		0.0666667		0.439506
1.88		0.133333		0.423611
1.88		0.2		0.46511
1.88		0.266667		0.460006
1.88		0.333333		0.405424
1.88		0.4		0.536223
1.88		0.466667		0.305088
1.88		0.533333		0.447961
1.88		0.6		0.413933
1.88		0.666667		0.476928
1.88		0.733333		0.356763
1.88		0.8		0.550104
1.88		0.866667		0.313469
1.88		0.933333		0.428413
1.9		0		0.416024
1.9		0.0666667		0.45303
1.9		0.133333		0.43884
1.9		0.2		0.472238
1.9		0.266667		0.465896
1.9		0.333333		0.399258
1.9		0.4		0.524159
1.9		0.466667		0.316958
1.9		0.533333		0.416088
1.9		0.6		0.426374
1.9		0.666667		0.471386
1.9		0.733333		0.320693
1.9		0.8		0.563928
1.9		0.866667		0.349365
1.9		0.933333		0.425755
1.92		0		0.417489
1.92		0.0666667		0.467971
1.92		0.133333		0.459251
1.92		0.2		0.485569
1.92		0.266667		0.476504
1.92		0.333333		0.412785
1.92		0.4		0.516464
1.92		0.466667		0.335674
1.92		0.533333		0.355183
1.92		0.6		0.426386
1.92		0.666667		0.466253
1.92		0.733333		0.293683
1.92		0.8		0.574704
1.92		0.866667		0.340172
1.92		0.933333		0.427503
1.94		0		0.419098
1.94		0.0666667		0.476011
1.94		0.133333		0.484002
1.94		0.2		0.492394
1.94		0.266667		0.475054
1.94		0.333333		0.439625
1.94		0.4		0.511076
1.94		0.466667		0.362011
1.94		0.533333		0.347311
1.94		0.6		0.432292
1.94		0.666667		0.461823
1.94		0.733333		0.275278
1.94		0.8		0.575358
1.94		0.866667		0.339319
1.94		0.933333		0.433279
1.96		0		0.420835
1.96		0.0666667		0.477137
1.96		0.133333		0.502245
1.96		0.2		0.498311
1.96		0.266667		0.473659
1.96		0.333333		0.454826
1.96		0.4		0.503775
1.96		0.466667		0.397449
1.96		0.533333		0.336874
1.96		0.6		0.443426
1.96		0.666667		0.458503
1.96		0.733333		0.267928
1.96		0.8		0.57689
1.96		0.866667		0.353163
1.96		0.933333		0.419801
1.98		0		0.422689
1.98		0.0666667		0.479216
1.98		0.133333		0.518935
1.98		0.2		0.503096
1.98		0.266667		0.468403
1.98		0.333333		0.462758
1.98		0.4		0.489431
1.98		0.466667		0.444404
1.98		0.533333		0.302584
1.98		0.6		0.459336
1.98		0.666667		0.456794
1.98		0.733333		0.274843
1.98		0.8		0.577527
1.98		0.866667		0.383577
1.98		0.933333		0.402244
2		0		0.424647
2		0.0666667		0.482041
2		0.133333		0.539138
2		0.2		0.507731
2		0.266667		0.467571
2		0.333333		0.454573
2		0.4		0.510686
2		0.466667		0.485543
2		0.533333		0.257113
2		0.6		0.479741
2		0.666667		0.457286
2		0.733333		0.289752
2		0.8		0.576323
2		0.866667		0.376828
2		0.933333		0.377303
2.02		0		0.4267
2.02		0.0666667		0.485459
2.02		0.133333		0.55312
2.02		0.2		0.512238
2.02		0.266667		0.460691
2.02		0.333333		0.441731
2.02		0.4		0.545657
2.02		0.466667		0.489029
2.02		0.533333		0.257207
2.02		0.6		0.501218
2.02		0.666667		0.460749
2.02		0.733333		0.308976
2.02		0.8		0.577225
2.02		0.866667		0.390685
2.02		0.933333		0.355149
2.04		0		0.428267
2.04		0.0666667		0.489351
2.04		0.133333		0.54115
2.04		0.2		0.516653
2.04		0.266667		0.434795
2.04		0.333333		0.429111
2.04		0.4		0.57609
2.04		0.466667		0.477249
2.04		0.533333		0.277129
2.04		0.6		0.503844
2.04		0.666667		0.463629
2.04		0.733333		0.331432
2.04		0.8		0.580406
2.04		0.866667		0.387122
2.04		0.933333		0.335396
2.06		0		0.427383
2.06		0.0666667		0.493625
2.06		0.133333		0.521335
2.06		0.2		0.521014
2.06		0.266667		0.415349
2.06		0.333333		0.418986
2.06		0.4		0.538156
2.06		0.466667		0.453903
2.06		0.533333		0.313383
2.06		0.6		0.511372
2.06		0.666667		0.469861
2.06		0.733333		0.333262
2.06		0.8		0.573773
2.06		0.866667		0.331439
2.06		0.933333		0.317765
2.08		0		0.426603
2.08		0.0666667		0.498211
2.08		0.133333		0.50431
2.08		0.2		0.52536
2.08		0.266667		0.402669
2.08		0.333333		0.410763
2.08		0.4		0.49725
2.08		0.466667		0.434982
2.08		0.533333		0.358523
2.08		0.6		0.521913
2.08		0.666667		0.469139
2.08		0.733333		0.325749
2.08		0.8		0.565205
2.08		0.866667		0.320803
2.08		0.933333		0.302048
2.1		0		0.425918
2.1		0.0666667		0.503051
2.1		0.133333		0.489667
2.1		0.2		0.529727
2.1		0.266667		0.397879
2.1		0.333333		0.3956
2.1		0.4		0.467096
2.1		0.466667		0.423169
2.1		0.533333		0.38704
2.1		0.6		0.519745
2.1		0.666667		0.462727
2.1		0.733333		0.323072
2.1		0.8		0.556219
2.1		0.866667		0.382638
2.1		0.933333		0.2881
2.12		0		0.42532
2.12		0.0666667		0.508099
2.12		0.133333		0.473885
2.12		0.2		0.534145
2.12		0.266667		0.403385
2.12		0.333333		0.388433
2.12		0.4		0.443666
2.12		0.466667		0.418311
2.12		0.533333		0.410113
2.12		0.6		0.512313
2.12		0.666667		0.449799
2.12		0.733333		0.323877
2.12		0.8		0.547806
2.12		0.866667		0.374568
2.12		0.933333		0.275844
2.14		0		0.424801
2.14		0.0666667		0.51332
2.14		0.133333		0.449334
2.14		0.2		0.538638
2.14		0.266667		0.392651
2.14		0.333333		0.38976
2.14		0.4		0.458061
2.14		0.466667		0.429836
2.14		0.533333		0.427249
2.14		0.6		0.506528
2.14		0.666667		0.443141
2.14		0.733333		0.327407
2.14		0.8		0.540739
2.14		0.866667		0.364862
2.14		0.933333		0.265329
2.16		0		0.424355
2.16		0.0666667		0.518682
2.16		0.133333		0.422804
2.16		0.2		0.543228
2.16		0.266667		0.364049
2.16		0.333333		0.399152
2.16		0.4		0.478555
2.16		0.466667		0.468756
2.16		0.533333		0.432567
2.16		0.6		0.498634
2.16		0.666667		0.444191
2.16		0.733333		0.333216
2.16		0.8		0.53488
2.16		0.866667		0.374071
2.16		0.933333		0.256964
2.18		0		0.423973
2.18		0.0666667		0.521568
2.18		0.133333		0.397982
2.18		0.2		0.547929
2.18		0.266667		0.346664
2.18		0.333333		0.413421
2.18		0.4		0.502215
2.18		0.466667		0.522468
2.18		0.533333		0.439884
2.18		0.6		0.48046
2.18		0.666667		0.420415
2.18		0.733333		0.341032
2.18		0.8		0.530119
2.18		0.866667		0.377956
2.18		0.933333		0.252361
2.2		0		0.42365
2.2		0.0666667		0.520927
2.2		0.133333		0.374758
2.2		0.2		0.552756
2.2		0.266667		0.322381
2.2		0.333333		0.400475
2.2		0.4		0.530444
2.2		0.466667		0.574876
2.2		0.533333		0.448808
2.2		0.6		0.464741
2.2		0.666667		0.390078
2.2		0.733333		0.350697
2.2		0.8		0.526375
2.2		0.866667		0.374377
2.2		0.933333		0.253864
2.22		0		0.423381
2.22		0.0666667		0.52058
2.22		0.133333		0.353055
2.22		0.2		0.557722
2.22		0.266667		0.298912
2.22		0.333333		0.378301
2.22		0.4		0.529008
2.22		0.466667		0.628625
2.22		0.533333		0.459188
2.22		0.6		0.451463
2.22		0.666667		0.367926
2.22		0.733333		0.362125
2.22		0.8		0.523607
2.22		0.866667		0.370841
2.22		0.933333		0.259769
2.24		0		0.42316
2.24		0.0666667		0.520497
2.24		0.133333		0.332817
2.24		0.2		0.561718
2.24		0.266667		0.301766
2.24		0.333333		0.362439
2.24		0.4		0.515834
2.24		0.466667		0.595218
2.24		0.533333		0.467626
2.24		0.6		0.440665
2.24		0.666667		0.349522
2.24		0.733333		0.375277
2.24		0.8		0.521831
2.24		0.866667		0.367328
2.24		0.933333		0.267777
2.26		0		0.422982
2.26		0.0666667		0.520652
2.26		0.133333		0.314004
2.26		0.2		0.562473
2.26		0.266667		0.317281
2.26		0.333333		0.351728
2.26		0.4		0.50764
2.26		0.466667		0.547586
2.26		0.533333		0.472677
2.26		0.6		0.432444
2.26		0.666667		0.329616
2.26		0.733333		0.383885
2.26		0.8		0.521109
2.26		0.866667		0.364042
2.26		0.933333		0.277096
2.28		0		0.422843
2.28		0.0666667		0.521024
2.28		0.133333		0.296593
2.28		0.2		0.561032
2.28		0.266667		0.336637
2.28		0.333333		0.348083
2.28		0.4		0.502497
2.28		0.466667		0.499163
2.28		0.533333		0.484785
2.28		0.6		0.426981
2.28		0.666667		0.317905
2.28		0.733333		0.374667
2.28		0.8		0.514208
2.28		0.866667		0.361404
2.28		0.933333		0.287447
2.3		0		0.422739
2.3		0.0666667		0.521593
2.3		0.133333		0.280614
2.3		0.2		0.557861
2.3		0.266667		0.359592
2.3		0.333333		0.351011
2.3		0.4		0.499352
2.3		0.466667		0.462682
2.3		0.533333		0.507717
2.3		0.6		0.424597
2.3		0.666667		0.314837
2.3		0.733333		0.367764
2.3		0.8		0.51005
2.3		0.866667		0.356932
2.3		0.933333		0.29869
2.32		0		0.422666
2.32		0.0666667		0.522343
2.32		0.133333		0.266694
2.32		0.2		0.554366
2.32		0.266667		0.386255
2.32		0.333333		0.357812
2.32		0.4		0.497586
2.32		0.466667		0.441384
2.32		0.533333		0.520259
2.32		0.6		0.425902
2.32		0.666667		0.318649
2.32		0.733333		0.363263
2.32		0.8		0.509354
2.32		0.866667		0.34831
2.32		0.933333		0.310725
2.34		0		0.422621
2.34		0.0666667		0.523261
2.34		0.133333		0.260065
2.34		0.2		0.551717
2.34		0.266667		0.416799
2.34		0.333333		0.363119
2.34		0.4		0.496816
2.34		0.466667		0.445586
2.34		0.533333		0.546397
2.34		0.6		0.430963
2.34		0.666667		0.326751
2.34		0.733333		0.360879
2.34		0.8		0.512048
2.34		0.866667		0.343862
2.34		0.933333		0.323466
2.36		0		0.4226
2.36		0.0666667		0.524335
2.36		0.133333		0.257122
2.36		0.2		0.549906
2.36		0.266667		0.451332
2.36		0.333333		0.365439
2.36		0.4		0.502789
2.36		0.466667		0.459723
2.36		0.533333		0.521732
2.36		0.6		0.430202
2.36		0.666667		0.337466
2.36		0.733333		0.359774
2.36		0.8		0.517275
2.36		0.866667		0.345936
2.36		0.933333		0.336816
2.38		0		0.422602
2.38		0.0666667		0.525556
2.38		0.133333		0.255144
2.38		0.2		0.548918
2.38		0.266667		0.484629
2.38		0.333333		0.370552
2.38		0.4		0.510451
2.38		0.466667		0.471994
2.38		0.533333		0.510635
2.38		0.6		0.436068
2.38		0.666667		0.350003
2.38		0.733333		0.359289
2.38		0.8		0.524156
2.38		0.866667		0.353
2.38		0.933333		0.350666
2.4		0		0.422624
2.4		0.0666667		0.527629
2.4		0.133333		0.255945
2.4		0.2		0.548721
2.4		0.266667		0.502358
2.4		0.333333		0.370551
2.4		0.4		0.517969
2.4		0.466667		0.469935
2.4		0.533333		0.526255
2.4		0.6		0.442404
2.4		0.666667		0.364077
2.4		0.733333		0.359225
2.4		0.8		0.532124
2.4		0.866667		0.355897
2.4		0.933333		0.364913
2.42		0		0.422663
2.42		0.0666667		0.532425
2.42		0.133333		0.265655
2.42		0.2		0.549258
2.42		0.266667		0.524772
2.42		0.333333		0.370099
2.42		0.4		0.525376
2.42		0.466667		0.467518
2.42		0.533333		0.550215
2.42		0.6		0.440872
2.42		0.666667		0.379691
2.42		0.733333		0.359778
2.42		0.8		0.540864
2.42		0.866667		0.362346
2.42		0.933333		0.379508
2.44		0		0.422718
2.44		0.0666667		0.534059
2.44		0.133333		0.276823
2.44		0.2		0.550458
2.44		0.266667		0.551377
2.44		0.333333		0.372209
2.44		0.4		0.532704
2.44		0.466667		0.465066
2.44		0.533333		0.563683
2.44		0.6		0.442079
2.44		0.666667		0.393861
2.44		0.733333		0.361452
2.44		0.8		0.550202
2.44		0.866667		0.37187
2.44		0.933333		0.394494
2.46		0		0.422786
2.46		0.0666667		0.535221
2.46		0.133333		0.288899
2.46		0.2		0.552237
2.46		0.266667		0.581896
2.46		0.333333		0.376935
2.46		0.4		0.539981
2.46		0.466667		0.463342
2.46		0.533333		0.571274
2.46		0.6		0.445764
2.46		0.666667		0.393932
2.46		0.733333		0.365012
2.46		0.8		0.560037
2.46		0.866667		0.384458
2.46		0.933333		0.409978
2.48		0		0.422866
2.48		0.0666667		0.536324
2.48		0.133333		0.301655
2.48		0.2		0.554514
2.48		0.266667		0.610556
2.48		0.333333		0.384475
2.48		0.4		0.547234
2.48		0.466667		0.462814
2.48		0.533333		0.588387
2.48		0.6		0.451818
2.48		0.666667		0.384169
2.48		0.733333		0.371476
2.48		0.8		0.570307
2.48		0.866667		0.400378
2.48		0.933333		0.426083
2.5		0		0.422958
2.5		0.0666667		0.537355
2.5		0.133333		0.306383
2.5		0.2		0.557213
2.5		0.266667		0.630925
2.5		0.333333		0.395078
2.5		0.4		0.552519
2.5		0.466667		0.447357
2.5		0.533333		0.589635
2.5		0.6		0.460229
2.5		0.666667		0.374807
2.5		0.733333		0.364146
2.5		0.8		0.580965
2.5		0.866667		0.420101
2.5		0.933333		0.442924
2.52		0		0.423058
2.52		0.0666667		0.538302
2.52		0.133333		0.311868
2.52		0.2		0.56027
2.52		0.266667		0.616518
2.52		0.333333		0.408825
2.52		0.4		0.555087
2.52		0.466667		0.431773
2.52		0.533333		0.567895
2.52		0.6		0.471069
2.52		0.666667		0.365951
2.52		0.733333		0.344364
2.52		0.8		0.591974
2.52		0.866667		0.413305
2.52		0.933333		0.460616
2.54		0		0.423167
2.54		0.0666667		0.539158
2.54		0.133333		0.318265
2.54		0.2		0.563629
2.54		0.266667		0.604939
2.54		0.333333		0.408895
2.54		0.4		0.557698
2.54		0.466667		0.419425
2.54		0.533333		0.544361
2.54		0.6		0.484505
2.54		0.666667		0.35769
2.54		0.733333		0.329017
2.54		0.8		0.603294
2.54		0.866667		0.406006
2.54		0.933333		0.468505
2.56		0		0.423282
2.56		0.0666667		0.539925
2.56		0.133333		0.325776
2.56		0.2		0.567245
2.56		0.266667		0.598109
2.56		0.333333		0.408212
2.56		0.4		0.560367
2.56		0.466667		0.414373
2.56		0.533333		0.518701
2.56		0.6		0.50083
2.56		0.666667		0.350089
2.56		0.733333		0.318036
2.56		0.8		0.614882
2.56		0.866667		0.4021
2.56		0.933333		0.464952
2.58		0		0.423404
2.58		0.0666667		0.54061
2.58		0.133333		0.33468
2.58		0.2		0.571082
2.58		0.266667		0.575246
2.58		0.333333		0.415753
2.58		0.4		0.563106
2.58		0.466667		0.426621
2.58		0.533333		0.501827
2.58		0.6		0.512724
2.58		0.666667		0.343197
2.58		0.733333		0.311467
2.58		0.8		0.623784
2.58		0.866667		0.401116
2.58		0.933333		0.461973
2.6		0		0.423532
2.6		0.0666667		0.541226
2.6		0.133333		0.345379
2.6		0.2		0.575107
2.6		0.266667		0.552707
2.6		0.333333		0.434135
2.6		0.4		0.565923
2.6		0.466667		0.4465
2.6		0.533333		0.495635
2.6		0.6		0.521796
2.6		0.666667		0.337076
2.6		0.733333		0.309438
2.6		0.8		0.621025
2.6		0.866667		0.402881
2.6		0.933333		0.459486
2.62		0		0.423664
2.62		0.0666667		0.541788
2.62		0.133333		0.358422
2.62		0.2		0.579294
2.62		0.266667		0.523025
2.62		0.333333		0.449637
2.62		0.4		0.568826
2.62		0.466667		0.470276
2.62		0.533333		0.486221
2.62		0.6		0.517505
2.62		0.666667		0.331922
2.62		0.733333		0.312264
2.62		0.8		0.619222
2.62		0.866667		0.407433
2.62		0.933333		0.457425
2.64		0		0.423799
2.64		0.0666667		0.542307
2.64		0.133333		0.374435
2.64		0.2		0.583621
2.64		0.266667		0.488704
2.64		0.333333		0.410419
2.64		0.4		0.57182
2.64		0.466667		0.497657
2.64		0.533333		0.476421
2.64		0.6		0.486252
2.64		0.666667		0.328711
2.64		0.733333		0.320612
2.64		0.8		0.618197
2.64		0.866667		0.41013
2.64		0.933333		0.455738
2.66		0		0.423939
2.66		0.0666667		0.542794
2.66		0.133333		0.393868
2.66		0.2		0.588069
2.66		0.266667		0.456898
2.66		0.333333		0.37224
2.66		0.4		0.574912
2.66		0.466667		0.521075
2.66		0.533333		0.475068
2.66		0.6		0.458898
2.66		0.666667		0.332209
2.66		0.733333		0.335428
2.66		0.8		0.617812
2.66		0.866667		0.414701
2.66		0.933333		0.450159
2.68		0		0.424081
2.68		0.0666667		0.543255
2.68		0.133333		0.416817
2.68		0.2		0.592621
2.68		0.266667		0.427416
2.68		0.333333		0.339831
2.68		0.4		0.578104
2.68		0.466667		0.539279
2.68		0.533333		0.479575
2.68		0.6		0.435147
2.68		0.666667		0.344666
2.68		0.733333		0.357302
2.68		0.8		0.617953
2.68		0.866667		0.419381
2.68		0.933333		0.442935
2.7		0		0.424225
2.7		0.0666667		0.543697
2.7		0.133333		0.428322
2.7		0.2		0.592259
2.7		0.266667		0.400125
2.7		0.333333		0.313667
2.7		0.4		0.581401
2.7		0.466667		0.561638
2.7		0.533333		0.464128
2.7		0.6		0.414802
2.7		0.666667		0.360308
2.7		0.733333		0.386292
2.7		0.8		0.611714
2.7		0.866667		0.417502
2.7		0.933333		0.436302
2.72		0		0.424372
2.72		0.0666667		0.544122
2.72		0.133333		0.43534
2.72		0.2		0.592098
2.72		0.266667		0.374965
2.72		0.333333		0.307818
2.72		0.4		0.584808
2.72		0.466667		0.586444
2.72		0.533333		0.459033
2.72		0.6		0.398403
2.72		0.666667		0.377353
2.72		0.733333		0.404068
2.72		0.8		0.605573
2.72		0.866667		0.416951
2.72		0.933333		0.430206
2.74		0		0.424519
2.74		0.0666667		0.544534
2.74		0.133333		0.436978
2.74		0.2		0.59212
2.74		0.266667		0.352012
2.74		0.333333		0.313054
2.74		0.4		0.588328
2.74		0.466667		0.585031
2.74		0.533333		0.444091
2.74		0.6		0.388873
2.74		0.666667		0.39548
2.74		0.733333		0.393667
2.74		0.8		0.600169
2.74		0.866667		0.417643
2.74		0.933333		0.424602
2.76		0		0.424669
2.76		0.0666667		0.544934
2.76		0.133333		0.441289
2.76		0.2		0.592309
2.76		0.266667		0.331706
2.76		0.333333		0.323923
2.76		0.4		0.591966
2.76		0.466667		0.582989
2.76		0.533333		0.438022
2.76		0.6		0.387937
2.76		0.666667		0.414375
2.76		0.733333		0.388715
2.76		0.8		0.595406
2.76		0.866667		0.419582
2.76		0.933333		0.419449
2.78		0		0.424819
2.78		0.0666667		0.545324
2.78		0.133333		0.441386
2.78		0.2		0.592647
2.78		0.266667		0.315732
2.78		0.333333		0.341359
2.78		0.4		0.595724
2.78		0.466667		0.571738
2.78		0.533333		0.388482
2.78		0.6		0.391919
2.78		0.666667		0.432496
2.78		0.733333		0.380489
2.78		0.8		0.591202
2.78		0.866667		0.422814
2.78		0.933333		0.414712
2.8		0		0.424969
2.8		0.0666667		0.545705
2.8		0.133333		0.436379
2.8		0.2		0.593121
2.8		0.266667		0.307465
2.8		0.333333		0.366085
2.8		0.4		0.599446
2.8		0.466667		0.555655
2.8		0.533333		0.352358
2.8		0.6		0.399455
2.8		0.666667		0.451999
2.8		0.733333		0.380015
2.8		0.8		0.587488
2.8		0.866667		0.4274
2.8		0.933333		0.410358
2.82		0		0.42512
2.82		0.0666667		0.546077
2.82		0.133333		0.433558
2.82		0.2		0.593718
2.82		0.266667		0.305892
2.82		0.333333		0.388616
2.82		0.4		0.59778
2.82		0.466667		0.544113
2.82		0.533333		0.337614
2.82		0.6		0.410879
2.82		0.666667		0.472728
2.82		0.733333		0.389996
2.82		0.8		0.584202
2.82		0.866667		0.433405
2.82		0.933333		0.40636
2.84		0		0.425272
2.84		0.0666667		0.546441
2.84		0.133333		0.432863
2.84		0.2		0.59443
2.84		0.266667		0.307845
2.84		0.333333		0.39598
2.84		0.4		0.596466
2.84		0.466667		0.53655
2.84		0.533333		0.345555
2.84		0.6		0.415262
2.84		0.666667		0.485646
2.84		0.733333		0.364197
2.84		0.8		0.581291
2.84		0.866667		0.440888
2.84		0.933333		0.402693
2.86		0		0.425423
2.86		0.0666667		0.546798
2.86		0.133333		0.434287
2.86		0.2		0.595248
2.86		0.266667		0.312307
2.86		0.333333		0.412932
2.86		0.4		0.595482
2.86		0.466667		0.532602
2.86		0.533333		0.368438
2.86		0.6		0.389767
2.86		0.666667		0.49999
2.86		0.733333		0.339996
2.86		0.8		0.578484
2.86		0.866667		0.445656
2.86		0.933333		0.399335
2.88		0		0.425574
2.88		0.0666667		0.547148
2.88		0.133333		0.437885
2.88		0.2		0.596177
2.88		0.266667		0.319109
2.88		0.333333		0.407842
2.88		0.4		0.594811
2.88		0.466667		0.531266
2.88		0.533333		0.338928
2.88		0.6		0.369171
2.88		0.666667		0.497988
2.88		0.733333		0.323194
2.88		0.8		0.575346
2.88		0.866667		0.441709
2.88		0.933333		0.396266
2.9		0		0.425725
2.9		0.0666667		0.547491
2.9		0.133333		0.443779
2.9		0.2		0.596497
2.9		0.266667		0.328259
2.9		0.333333		0.400599
2.9		0.4		0.594438
2.9		0.466667		0.525252
2.9		0.533333		0.311953
2.9		0.6		0.351689
2.9		0.666667		0.49517
2.9		0.733333		0.307846
2.9		0.8		0.57249
2.9		0.866667		0.433915
2.9		0.933333		0.393196
2.92		0		0.425876
2.92		0.0666667		0.547827
2.92		0.133333		0.434443
2.92		0.2		0.59618
2.92		0.266667		0.339926
2.92		0.333333		0.400204
2.92		0.4		0.594353
2.92		0.466667		0.501574
2.92		0.533333		0.287196
2.92		0.6		0.336342
2.92		0.666667		0.493894
2.92		0.733333		0.304098
2.92		0.8		0.569883
2.92		0.866667		0.419924
2.92		0.933333		0.388374
2.94		0		0.426026
2.94		0.0666667		0.548157
2.94		0.133333		0.422488
2.94		0.2		0.596601
2.94		0.266667		0.354264
2.94		0.333333		0.406389
2.94		0.4		0.594544
2.94		0.466667		0.479175
2.94		0.533333		0.26134
2.94		0.6		0.322768
2.94		0.666667		0.493766
2.94		0.733333		0.314597
2.94		0.8		0.567494
2.94		0.866667		0.407347
2.94		0.933333		0.3839
2.96		0		0.426175
2.96		0.0666667		0.548481
2.96		0.133333		0.412356
2.96		0.2		0.597273
2.96		0.266667		0.370939
2.96		0.333333		0.419484
2.96		0.4		0.595005
2.96		0.466667		0.458104
2.96		0.533333		0.26099
2.96		0.6		0.311601
2.96		0.666667		0.494484
2.96		0.733333		0.33962
2.96		0.8		0.565297
2.96		0.866667		0.395997
2.96		0.933333		0.379787
2.98		0		0.426323
2.98		0.0666667		0.548798
2.98		0.133333		0.403801
2.98		0.2		0.598009
2.98		0.266667		0.390025
2.98		0.333333		0.437137
2.98		0.4		0.591869
2.98		0.466667		0.43818
2.98		0.533333		0.263358
2.98		0.6		0.305932
2.98		0.666667		0.487869
2.98		0.733333		0.382269
2.98		0.8		0.56327
2.98		0.866667		0.385722
2.98		0.933333		0.376178
3		0		0.426471
3		0.0666667		0.549109
3		0.133333		0.39662
3		0.2		0.598066
3		0.266667		0.409655
3		0.333333		0.450957
3		0.4		0.588081
3		0.466667		0.419275
3		0.533333		0.262855
3		0.6		0.310119
3		0.666667		0.474589
3		0.733333		0.413122
3		0.8		0.561392
3		0.866667		0.376393
3		0.933333		0.374921
3.02		0		0.426618
3.02		0.0666667		0.549413
3.02		0.133333		0.390648
3.02		0.2		0.5975
3.02		0.266667		0.41624
3.02		0.333333		0.439825
3.02		0.4		0.58449
3.02		0.466667		0.39587
3.02		0.533333		0.320807
3.02		0.6		0.324311
3.02		0.666667		0.462015
3.02		0.733333		0.36659
3.02		0.8		0.559646
3.02		0.866667		0.367906
3.02		0.933333		0.378581
3.04		0		0.426764
3.04		0.0666667		0.549712
3.04		0.133333		0.385754
3.04		0.2		0.596972
3.04		0.266667		0.42357
3.04		0.333333		0.427917
3.04		0.4		0.581088
3.04		0.466667		0.373257
3.04		0.533333		0.34966
3.04		0.6		0.35071
3.04		0.666667		0.450131
3.04		0.733333		0.337359
3.04		0.8		0.558016
3.04		0.866667		0.360173
3.04		0.933333		0.383139
3.06		0		0.426909
3.06		0.0666667		0.550005
3.06		0.133333		0.381854
3.06		0.2		0.596477
3.06		0.266667		0.431739
3.06		0.333333		0.41623
3.06		0.4		0.577867
3.06		0.466667		0.352492
3.06		0.533333		0.363659
3.06		0.6		0.345072
3.06		0.666667		0.439034
3.06		0.733333		0.331365
3.06		0.8		0.55649
3.06		0.866667		0.353124
3.06		0.933333		0.38788
3.08		0		0.426917
3.08		0.0666667		0.550292
3.08		0.133333		0.37902
3.08		0.2		0.596014
3.08		0.266667		0.427089
3.08		0.333333		0.410638
3.08		0.4		0.57482
3.08		0.466667		0.334663
3.08		0.533333		0.385117
3.08		0.6		0.317698
3.08		0.666667		0.428884
3.08		0.733333		0.341307
3.08		0.8		0.555056
3.08		0.866667		0.346701
3.08		0.933333		0.392723
3.1		0		0.426898
3.1		0.0666667		0.550574
3.1		0.133333		0.378962
3.1		0.2		0.59558
3.1		0.266667		0.418728
3.1		0.333333		0.410058
3.1		0.4		0.571941
3.1		0.466667		0.331188
3.1		0.533333		0.410223
3.1		0.6		0.300119
3.1		0.666667		0.419864
3.1		0.733333		0.36159
3.1		0.8		0.553703
3.1		0.866667		0.340859
3.1		0.933333		0.397645
3.12		0		0.426879
3.12		0.0666667		0.550849
3.12		0.133333		0.384369
3.12		0.2		0.595173
3.12		0.266667		0.402905
3.12		0.333333		0.413768
3.12		0.4		0.569222
3.12		0.466667		0.349151
3.12		0.533333		0.437743
3.12		0.6		0.301825
3.12		0.666667		0.412146
3.12		0.733333		0.354807
3.12		0.8		0.552423
3.12		0.866667		0.335561
3.12		0.933333		0.400429
3.14		0		0.42686
3.14		0.0666667		0.550733
3.14		0.133333		0.391465
3.14		0.2		0.59479
3.14		0.266667		0.394047
3.14		0.333333		0.421219
3.14		0.4		0.566659
3.14		0.466667		0.375338
3.14		0.533333		0.467343
3.14		0.6		0.316752
3.14		0.666667		0.40587
3.14		0.733333		0.344483
3.14		0.8		0.551209
3.14		0.866667		0.330778
3.14		0.933333		0.401996
3.16		0		0.426842
3.16		0.0666667		0.549871
3.16		0.133333		0.399569
3.16		0.2		0.594431
3.16		0.266667		0.378015
3.16		0.333333		0.431912
3.16		0.4		0.564246
3.16		0.466667		0.328479
3.16		0.533333		0.499099
3.16		0.6		0.332079
3.16		0.666667		0.401132
3.16		0.733333		0.341843
3.16		0.8		0.550054
3.16		0.866667		0.326496
3.16		0.933333		0.403619
3.18		0		0.426824
3.18		0.0666667		0.549033
3.18		0.133333		0.408825
3.18		0.2		0.594094
3.18		0.266667		0.373876
3.18		0.333333		0.445538
3.18		0.4		0.561977
3.18		0.466667		0.328906
3.18		0.533333		0.527072
3.18		0.6		0.347178
3.18		0.666667		0.397988
3.18		0.733333		0.34362
3.18		0.8		0.548951
3.18		0.866667		0.322728
3.18		0.933333		0.405296
3.2		0		0.426806
3.2		0.0666667		0.54822
3.2		0.133333		0.421051
3.2		0.2		0.593777
3.2		0.266667		0.387372
3.2		0.333333		0.462101
3.2		0.4		0.559848
3.2		0.466667		0.36353
3.2		0.533333		0.541609
3.2		0.6		0.361797
3.2		0.666667		0.396463
3.2		0.733333		0.346657
3.2		0.8		0.547877
3.2		0.866667		0.319813
3.2		0.933333		0.406733
3.22		0		0.426788
3.22		0.0666667		0.54743
3.22		0.133333		0.433894
3.22		0.2		0.592692
3.22		0.266667		0.345675
3.22		0.333333		0.481826
3.22		0.4		0.557853
3.22		0.466667		0.376431
3.22		0.533333		0.542109
3.22		0.6		0.375776
3.22		0.666667		0.395358
3.22		0.733333		0.348344
3.22		0.8		0.546843
3.22		0.866667		0.320397
3.22		0.933333		0.408171
3.24		0		0.426771
3.24		0.0666667		0.546662
3.24		0.133333		0.44717
3.24		0.2		0.591549
3.24		0.266667		0.307201
3.24		0.333333		0.505006
3.24		0.4		0.555989
3.24		0.466667		0.358534
3.24		0.533333		0.545825
3.24		0.6		0.381268
3.24		0.666667		0.395645
3.24		0.733333		0.348535
3.24		0.8		0.545848
3.24		0.866667		0.322731
3.24		0.933333		0.40969
3.26		0		0.426753
3.26		0.0666667		0.545917
3.26		0.133333		0.460869
3.26		0.2		0.590437
3.26		0.266667		0.287691
3.26		0.333333		0.51942
3.26		0.4		0.55425
3.26		0.466667		0.351667
3.26		0.533333		0.55274
3.26		0.6		0.376554
3.26		0.666667		0.397575
3.26		0.733333		0.350331
3.26		0.8		0.544887
3.26		0.866667		0.325888
3.26		0.933333		0.411285
3.28		0		0.426736
3.28		0.0666667		0.545192
3.28		0.133333		0.474994
3.28		0.2		0.589355
3.28		0.266667		0.30431
3.28		0.333333		0.523529
3.28		0.4		0.552633
3.28		0.466667		0.350596
3.28		0.533333		0.563166
3.28		0.6		0.373941
3.28		0.666667		0.401286
3.28		0.733333		0.349178
3.28		0.8		0.543957
3.28		0.866667		0.329854
3.28		0.933333		0.412951
3.3		0		0.426719
3.3		0.0666667		0.544488
3.3		0.133333		0.489553
3.3		0.2		0.588304
3.3		0.266667		0.333155
3.3		0.333333		0.530831
3.3		0.4		0.550382
3.3		0.466667		0.353343
3.3		0.533333		0.575396
3.3		0.6		0.372768
3.3		0.666667		0.407044
3.3		0.733333		0.335082
3.3		0.8		0.543054
3.3		0.866667		0.334671
3.3		0.933333		0.414684
3.32		0		0.426703
3.32		0.0666667		0.543804
3.32		0.133333		0.504548
3.32		0.2		0.58728
3.32		0.266667		0.368757
3.32		0.333333		0.541476
3.32		0.4		0.545218
3.32		0.466667		0.359094
3.32		0.533333		0.5645
3.32		0.6		0.37262
3.32		0.666667		0.415323
3.32		0.733333		0.32943
3.32		0.8		0.542174
3.32		0.866667		0.3404
3.32		0.933333		0.416478
3.34		0		0.426686
3.34		0.0666667		0.543139
3.34		0.133333		0.519971
3.34		0.2		0.586283
3.34		0.266667		0.38572
3.34		0.333333		0.543738
3.34		0.4		0.540231
3.34		0.466667		0.367336
3.34		0.533333		0.555288
3.34		0.6		0.373226
3.34		0.666667		0.40828
3.34		0.733333		0.311491
3.34		0.8		0.541313
3.34		0.866667		0.347118
3.34		0.933333		0.41833
3.36		0		0.426669
3.36		0.0666667		0.542493
3.36		0.133333		0.535712
3.36		0.2		0.585313
3.36		0.266667		0.403432
3.36		0.333333		0.534314
3.36		0.4		0.535412
3.36		0.466667		0.375648
3.36		0.533333		0.542276
3.36		0.6		0.374401
3.36		0.666667		0.399645
3.36		0.733333		0.298074
3.36		0.8		0.540465
3.36		0.866667		0.354924
3.36		0.933333		0.420235
3.38		0		0.426653
3.38		0.0666667		0.541865
3.38		0.133333		0.551187
3.38		0.2		0.584368
3.38		0.266667		0.363472
3.38		0.333333		0.526531
3.38		0.4		0.530754
3.38		0.466667		0.38363
3.38		0.533333		0.531252
3.38		0.6		0.376015
3.38		0.666667		0.392141
3.38		0.733333		0.29576
3.38		0.8		0.539622
3.38		0.866667		0.363936
3.38		0.933333		0.422189
3.4		0		0.426637
3.4		0.0666667		0.541254
3.4		0.133333		0.566966
3.4		0.2		0.583447
3.4		0.266667		0.325619
3.4		0.333333		0.504958
3.4		0.4		0.526251
3.4		0.466667		0.392515
3.4		0.533333		0.522656
3.4		0.6		0.377973
3.4		0.666667		0.378608
3.4		0.733333		0.300185
3.4		0.8		0.538769
3.4		0.866667		0.374302
3.4		0.933333		0.424189
3.42		0		0.426621
3.42		0.0666667		0.54066
3.42		0.133333		0.582948
3.42		0.2		0.58255
3.42		0.266667		0.295629
3.42		0.333333		0.486056
3.42		0.4		0.521896
3.42		0.466667		0.402095
3.42		0.533333		0.518832
3.42		0.6		0.380205
3.42		0.666667		0.365081
3.42		0.733333		0.30774
3.42		0.8		0.537882
3.42		0.866667		0.386206
3.42		0.933333		0.426231
3.44		0		0.426605
3.44		0.0666667		0.540083
3.44		0.133333		0.587759
3.44		0.2		0.581676
3.44		0.266667		0.271885
3.44		0.333333		0.469545
3.44		0.4		0.517682
3.44		0.466667		0.41228
3.44		0.533333		0.519801
3.44		0.6		0.382658
3.44		0.666667		0.35271
3.44		0.733333		0.316684
3.44		0.8		0.536916
3.44		0.866667		0.399877
3.44		0.933333		0.428312
3.46		0		0.426589
3.46		0.0666667		0.539521
3.46		0.133333		0.585168
3.46		0.2		0.580823
3.46		0.266667		0.256053
3.46		0.333333		0.455206
3.46		0.4		0.513603
3.46		0.466667		0.423036
3.46		0.533333		0.529901
3.46		0.6		0.385293
3.46		0.666667		0.341839
3.46		0.733333		0.326284
3.46		0.8		0.535813
3.46		0.866667		0.405724
3.46		0.933333		0.430428
3.48		0		0.426573
3.48		0.0666667		0.538975
3.48		0.133333		0.583864
3.48		0.2		0.579985
3.48		0.266667		0.254144
3.48		0.333333		0.442885
3.48		0.4		0.509606
3.48		0.466667		0.430809
3.48		0.533333		0.547489
3.48		0.6		0.388077
3.48		0.666667		0.335224
3.48		0.733333		0.336253
3.48		0.8		0.534544
3.48		0.866667		0.396117
3.48		0.933333		0.432578
3.5		0		0.426558
3.5		0.0666667		0.538444
3.5		0.133333		0.583778
3.5		0.2		0.577535
3.5		0.266667		0.259058
3.5		0.333333		0.432502
3.5		0.4		0.504777
3.5		0.466667		0.430172
3.5		0.533333		0.574252
3.5		0.6		0.390987
3.5		0.666667		0.339909
3.5		0.733333		0.346477
3.5		0.8		0.53315
3.5		0.866667		0.376809
3.5		0.933333		0.434757
3.52		0		0.426542
3.52		0.0666667		0.537927
3.52		0.133333		0.584865
3.52		0.2		0.575154
3.52		0.266667		0.267444
3.52		0.333333		0.422014
3.52		0.4		0.500073
3.52		0.466667		0.430355
3.52		0.533333		0.546588
3.52		0.6		0.394003
3.52		0.666667		0.350749
3.52		0.733333		0.356912
3.52		0.8		0.531695
3.52		0.866667		0.358053
3.52		0.933333		0.436963
3.54		0		0.426527
3.54		0.0666667		0.537425
3.54		0.133333		0.587094
3.54		0.2		0.572838
3.54		0.266667		0.278614
3.54		0.333333		0.411694
3.54		0.4		0.495489
3.54		0.466667		0.431276
3.54		0.533333		0.521283
3.54		0.6		0.39711
3.54		0.666667		0.364676
3.54		0.733333		0.367548
3.54		0.8		0.530221
3.54		0.866667		0.34048
3.54		0.933333		0.439194
3.56		0		0.426511
3.56		0.0666667		0.536936
3.56		0.133333		0.588902
3.56		0.2		0.570586
3.56		0.266667		0.292259
3.56		0.333333		0.403526
3.56		0.4		0.491021
3.56		0.466667		0.432877
3.56		0.533333		0.502652
3.56		0.6		0.400294
3.56		0.666667		0.381592
3.56		0.733333		0.378402
3.56		0.8		0.528753
3.56		0.866667		0.323937
3.56		0.933333		0.441447
3.58		0		0.426496
3.58		0.0666667		0.536461
3.58		0.133333		0.590822
3.58		0.2		0.568394
3.58		0.266667		0.308262
3.58		0.333333		0.394869
3.58		0.4		0.486664
3.58		0.466667		0.435111
3.58		0.533333		0.489948
3.58		0.6		0.403545
3.58		0.666667		0.401852
3.58		0.733333		0.3895
3.58		0.8		0.527301
3.58		0.866667		0.308299
3.58		0.933333		0.44372
3.6		0		0.426481
3.6		0.0666667		0.535998
3.6		0.133333		0.593885
3.6		0.2		0.566261
3.6		0.266667		0.315901
3.6		0.333333		0.38693
3.6		0.4		0.482414
3.6		0.466667		0.437944
3.6		0.533333		0.486056
3.6		0.6		0.406854
3.6		0.666667		0.405227
3.6		0.733333		0.40088
3.6		0.8		0.525872
3.6		0.866667		0.293468
3.6		0.933333		0.446011
3.62		0		0.426465
3.62		0.0666667		0.535548
3.62		0.133333		0.598084
3.62		0.2		0.564184
3.62		0.266667		0.30535
3.62		0.333333		0.380918
3.62		0.4		0.478268
3.62		0.466667		0.441354
3.62		0.533333		0.490876
3.62		0.6		0.410215
3.62		0.666667		0.392876
3.62		0.733333		0.412587
3.62		0.8		0.524467
3.62		0.866667		0.27937
3.62		0.933333		0.448318
3.64		0		0.42645
3.64		0.0666667		0.53511
3.64		0.133333		0.603413
3.64		0.2		0.562162
3.64		0.266667		0.297999
3.64		0.333333		0.376514
3.64		0.4		0.474222
3.64		0.466667		0.445324
3.64		0.533333		0.497784
3.64		0.6		0.413622
3.64		0.666667		0.385216
3.64		0.733333		0.424672
3.64		0.8		0.523088
3.64		0.866667		0.265948
3.64		0.933333		0.450638
3.66		0		0.426435
3.66		0.0666667		0.534684
3.66		0.133333		0.609868
3.66		0.2		0.560192
3.66		0.266667		0.292914
3.66		0.333333		0.373487
3.66		0.4		0.470272
3.66		0.466667		0.449847
3.66		0.533333		0.505042
3.66		0.6		0.417069
3.66		0.666667		0.380933
3.66		0.733333		0.437192
3.66		0.8		0.521736
3.66		0.866667		0.253173
3.66		0.933333		0.452969
3.68		0		0.42642
3.68		0.0666667		0.534269
3.68		0.133333		0.611347
3.68		0.2		0.558273
3.68		0.266667		0.289502
3.68		0.333333		0.371739
3.68		0.4		0.466415
3.68		0.466667		0.454921
3.68		0.533333		0.513336
3.68		0.6		0.420553
3.68		0.666667		0.379256
3.68		0.733333		0.44541
3.68		0.8		0.52041
3.68		0.866667		0.241043
3.68		0.933333		0.455311
3.7		0		0.426405
3.7		0.0666667		0.533856
3.7		0.133333		0.607974
3.7		0.2		0.556402
3.7		0.266667		0.287372
3.7		0.333333		0.371422
3.7		0.4		0.462648
3.7		0.466667		0.460552
3.7		0.533333		0.52258
3.7		0.6		0.423507
3.7		0.666667		0.379686
3.7		0.733333		0.449827
3.7		0.8		0.51911
3.7		0.866667		0.229617
3.7		0.933333		0.457661
3.72		0		0.426391
3.72		0.0666667		0.533398
3.72		0.133333		0.602243
3.72		0.2		0.554579
3.72		0.266667		0.286261
3.72		0.333333		0.373346
3.72		0.4		0.458967
3.72		0.466667		0.460765
3.72		0.533333		0.530914
3.72		0.6		0.425274
3.72		0.666667		0.381842
3.72		0.733333		0.45482
3.72		0.8		0.517836
3.72		0.866667		0.219093
3.72		0.933333		0.460017
3.74		0		0.426376
3.74		0.0666667		0.532954
3.74		0.133333		0.596885
3.74		0.2		0.552801
3.74		0.266667		0.285987
3.74		0.333333		0.379024
3.74		0.4		0.455371
3.74		0.466667		0.458827
3.74		0.533333		0.5381
3.74		0.6		0.427058
3.74		0.666667		0.385387
3.74		0.733333		0.458277
3.74		0.8		0.516587
3.74		0.866667		0.210633
3.74		0.933333		0.462378
3.76		0		0.426361
3.76		0.0666667		0.532522
3.76		0.133333		0.591966
3.76		0.2		0.551067
3.76		0.266667		0.286425
3.76		0.333333		0.387941
3.76		0.4		0.451855
3.76		0.466667		0.457445
3.76		0.533333		0.546579
3.76		0.6		0.428857
3.76		0.666667		0.39001
3.76		0.733333		0.460426
3.76		0.8		0.515363
3.76		0.866667		0.209877
3.76		0.933333		0.462962
3.78		0		0.426346
3.78		0.0666667		0.532102
3.78		0.133333		0.587536
3.78		0.2		0.549375
3.78		0.266667		0.287493
3.78		0.333333		0.398334
3.78		0.4		0.448419
3.78		0.466667		0.456604
3.78		0.533333		0.552722
3.78		0.6		0.430671
3.78		0.666667		0.395453
3.78		0.733333		0.463607
3.78		0.8		0.514162
3.78		0.866667		0.213842
3.78		0.933333		0.462049
3.8		0		0.426331
3.8		0.0666667		0.531695
3.8		0.133333		0.583629
3.8		0.2		0.547725
3.8		0.266667		0.283702
3.8		0.333333		0.409402
3.8		0.4		0.445058
3.8		0.466667		0.456297
3.8		0.533333		0.540131
3.8		0.6		0.432497
3.8		0.666667		0.401522
3.8		0.733333		0.460362
3.8		0.8		0.512985
3.8		0.866667		0.220386
3.8		0.933333		0.461255
3.82		0		0.426317
3.82		0.0666667		0.531298
3.82		0.133333		0.580265
3.82		0.2		0.546114
3.82		0.266667		0.279641
3.82		0.333333		0.415941
3.82		0.4		0.441772
3.82		0.466667		0.456521
3.82		0.533333		0.529825
3.82		0.6		0.434334
3.82		0.666667		0.408085
3.82		0.733333		0.450346
3.82		0.8		0.51183
3.82		0.866667		0.229215
3.82		0.933333		0.460571
3.84		0		0.426302
3.84		0.0666667		0.530914
3.84		0.133333		0.577454
3.84		0.2		0.544542
3.84		0.266667		0.275848
3.84		0.333333		0.421465
3.84		0.4		0.438558
3.84		0.466667		0.457276
3.84		0.533333		0.514839
3.84		0.6		0.436182
3.84		0.666667		0.415057
3.84		0.733333		0.441193
3.84		0.8		0.510698
3.84		0.866667		0.24033
3.84		0.933333		0.459991
3.86		0		0.426288
3.86		0.0666667		0.53054
3.86		0.133333		0.575197
3.86		0.2		0.543008
3.86		0.266667		0.272323
3.86		0.333333		0.427284
3.86		0.4		0.435414
3.86		0.466667		0.458573
3.86		0.533333		0.498048
3.86		0.6		0.438039
3.86		0.666667		0.422392
3.86		0.733333		0.432812
3.86		0.8		0.509587
3.86		0.866667		0.254029
3.86		0.933333		0.459507
3.88		0		0.426273
3.88		0.0666667		0.530176
3.88		0.133333		0.57311
3.88		0.2		0.54151
3.88		0.266667		0.269119
3.88		0.333333		0.433364
3.88		0.4		0.432339
3.88		0.466667		0.460423
3.88		0.533333		0.48376
3.88		0.6		0.439906
3.88		0.666667		0.42858
3.88		0.733333		0.425126
3.88		0.8		0.508497
3.88		0.866667		0.270925
3.88		0.933333		0.459024
3.9		0		0.426258
3.9		0.0666667		0.529823
3.9		0.133333		0.567546
3.9		0.2		0.540046
3.9		0.266667		0.26639
3.9		0.333333		0.439683
3.9		0.4		0.42933
3.9		0.466667		0.462849
3.9		0.533333		0.471716
3.9		0.6		0.44178
3.9		0.666667		0.426404
3.9		0.733333		0.418068
3.9		0.8		0.507427
3.9		0.866667		0.268449
3.9		0.933333		0.458551
3.92		0		0.426244
3.92		0.0666667		0.52948
3.92		0.133333		0.56263
3.92		0.2		0.538617
3.92		0.266667		0.264393
3.92		0.333333		0.446226
3.92		0.4		0.426388
3.92		0.466667		0.465876
3.92		0.533333		0.461639
3.92		0.6		0.443662
3.92		0.666667		0.424596
3.92		0.733333		0.411579
3.92		0.8		0.506377
3.92		0.866667		0.254412
3.92		0.933333		0.458156
3.94		0		0.426229
3.94		0.0666667		0.529146
3.94		0.133333		0.55834
3.94		0.2		0.537221
3.94		0.266667		0.263154
3.94		0.333333		0.452982
3.94		0.4		0.423513
3.94		0.466667		0.467894
3.94		0.533333		0.453313
3.94		0.6		0.445552
3.94		0.666667		0.423107
3.94		0.733333		0.405607
3.94		0.8		0.505346
3.94		0.866667		0.243599
3.94		0.933333		0.457834
3.96		0		0.426215
3.96		0.0666667		0.528822
3.96		0.133333		0.54948
3.96		0.2		0.535857
3.96		0.266667		0.26237
3.96		0.333333		0.459946
3.96		0.4		0.420704
3.96		0.466667		0.460548
3.96		0.533333		0.446637
3.96		0.6		0.447448
3.96		0.666667		0.4219
3.96		0.733333		0.400109
3.96		0.8		0.504334
3.96		0.866667		0.23515
3.96		0.933333		0.457581
3.98		0		0.4262
3.98		0.0666667		0.528507
3.98		0.133333		0.538863
3.98		0.2		0.534524
3.98		0.266667		0.261821
3.98		0.333333		0.467112
3.98		0.4		0.417965
3.98		0.466667		0.453735
3.98		0.533333		0.441641
3.98		0.6		0.44935
3.98		0.666667		0.420945
3.98		0.733333		0.395045
3.98		0.8		0.503341
3.98		0.866667		0.228508
3.98		0.933333		0.457393
4		0		0.426186
4		0.0666667		0.528201
4		0.133333		0.52898
4		0.2		0.533221
4		0.266667		0.261431
4		0.333333		0.474478
4		0.4		0.415302
4		0.466667		0.446502
4		0.533333		0.438517
4		0.6		0.451258
4		0.666667		0.420216
4		0.733333		0.390379
4		0.8		0.502365
4		0.866667		0.223311
4		0.933333		0.457266
4.02		0		0.426171
4.02		0.0666667		0.527903
4.02		0.133333		0.51982
4.02		0.2		0.531947
4.02		0.266667		0.261196
4.02		0.333333		0.482042
4.02		0.4		0.412731
4.02		0.466667		0.437492
4.02		0.533333		0.437684
4.02		0.6		0.453171
4.02		0.666667		0.419691
4.02		0.733333		0.38608
4.02		0.8		0.501406
4.02		0.866667		0.21936
4.02		0.933333		0.457196
4.04		0		0.426157
4.04		0.0666667		0.527613
4.04		0.133333		0.511364
4.04		0.2		0.530702
4.04		0.266667		0.261145
4.04		0.333333		0.488214
4.04		0.4		0.410285
4.04		0.466667		0.428975
4.04		0.533333		0.439952
4.04		0.6		0.455087
4.04		0.666667		0.419353
4.04		0.733333		0.382121
4.04		0.8		0.500464
4.04		0.866667		0.216654
4.04		0.933333		0.457181
4.06		0		0.426142
4.06		0.0666667		0.527332
4.06		0.133333		0.503585
4.06		0.2		0.529485
4.06		0.266667		0.261326
4.06		0.333333		0.487988
4.06		0.4		0.408052
4.06		0.466667		0.420919
4.06		0.533333		0.446904
4.06		0.6		0.457005
4.06		0.666667		0.419186
4.06		0.733333		0.378477
4.06		0.8		0.499539
4.06		0.866667		0.215586
4.06		0.933333		0.457217
4.08		0		0.426128
4.08		0.0666667		0.527058
4.08		0.133333		0.496442
4.08		0.2		0.528294
4.08		0.266667		0.261803
4.08		0.333333		0.488085
4.08		0.4		0.406223
4.08		0.466667		0.413297
4.08		0.533333		0.461858
4.08		0.6		0.458919
4.08		0.666667		0.419177
4.08		0.733333		0.375125
4.08		0.8		0.49863
4.08		0.866667		0.216936
4.08		0.933333		0.457302
4.1		0		0.426113
4.1		0.0666667		0.526792
4.1		0.133333		0.489887
4.1		0.2		0.52713
4.1		0.266667		0.262656
4.1		0.333333		0.488474
4.1		0.4		0.404981
4.1		0.466667		0.406083
4.1		0.533333		0.437291
4.1		0.6		0.457179
4.1		0.666667		0.419315
4.1		0.733333		0.372046
4.1		0.8		0.497736
4.1		0.866667		0.220408
4.1		0.933333		0.457433
4.12		0		0.426099
4.12		0.0666667		0.526534
4.12		0.133333		0.483864
4.12		0.2		0.525991
4.12		0.266667		0.263975
4.12		0.333333		0.489127
4.12		0.4		0.404202
4.12		0.466667		0.399255
4.12		0.533333		0.412214
4.12		0.6		0.455353
4.12		0.666667		0.41959
4.12		0.733333		0.369221
4.12		0.8		0.496858
4.12		0.866667		0.224742
4.12		0.933333		0.457606
4.14		0		0.426084
4.14		0.0666667		0.526283
4.14		0.133333		0.478315
4.14		0.2		0.524876
4.14		0.266667		0.265859
4.14		0.333333		0.490019
4.14		0.4		0.403661
4.14		0.466667		0.39279
4.14		0.533333		0.393815
4.14		0.6		0.453454
4.14		0.666667		0.419992
4.14		0.733333		0.366637
4.14		0.8		0.495995
4.14		0.866667		0.229255
4.14		0.933333		0.457821
4.16		0		0.42607
4.16		0.0666667		0.526038
4.16		0.133333		0.473182
4.16		0.2		0.523786
4.16		0.266667		0.268411
4.16		0.333333		0.491129
4.16		0.4		0.403239
4.16		0.466667		0.386671
4.16		0.533333		0.397379
4.16		0.6		0.451245
4.16		0.666667		0.420515
4.16		0.733333		0.364277
4.16		0.8		0.495146
4.16		0.866667		0.233706
4.16		0.933333		0.458074
4.18		0		0.426055
4.18		0.0666667		0.525801
4.18		0.133333		0.468412
4.18		0.2		0.522719
4.18		0.266667		0.271729
4.18		0.333333		0.492438
4.18		0.4		0.402889
4.18		0.466667		0.380879
4.18		0.533333		0.424287
4.18		0.6		0.4485
4.18		0.666667		0.421151
4.18		0.733333		0.365419
4.18		0.8		0.494311
4.18		0.866667		0.23801
4.18		0.933333		0.458364
4.2		0		0.426041
4.2		0.0666667		0.52557
4.2		0.133333		0.463957
4.2		0.2		0.521675
4.2		0.266667		0.275904
4.2		0.333333		0.493928
4.2		0.4		0.402589
4.2		0.466667		0.375398
4.2		0.533333		0.429507
4.2		0.6		0.44546
4.2		0.666667		0.421894
4.2		0.733333		0.369105
4.2		0.8		0.493491
4.2		0.866667		0.242143
4.2		0.933333		0.458688
4.22		0		0.426026
4.22		0.0666667		0.525345
4.22		0.133333		0.459775
4.22		0.2		0.520653
4.22		0.266667		0.281016
4.22		0.333333		0.495585
4.22		0.4		0.402328
4.22		0.466667		0.370213
4.22		0.533333		0.40073
4.22		0.6		0.442349
4.22		0.666667		0.422739
4.22		0.733333		0.372875
4.22		0.8		0.492684
4.22		0.866667		0.246109
4.22		0.933333		0.459045
4.24		0		0.426012
4.24		0.0666667		0.525127
4.24		0.133333		0.455831
4.24		0.2		0.519653
4.24		0.266667		0.28714
4.24		0.333333		0.497394
4.24		0.4		0.402099
4.24		0.466667		0.365309
4.24		0.533333		0.386337
4.24		0.6		0.43924
4.24		0.666667		0.423682
4.24		0.733333		0.376731
4.24		0.8		0.49189
4.24		0.866667		0.249933
4.24		0.933333		0.459432
4.26		0		0.425997
4.26		0.0666667		0.524914
4.26		0.133333		0.452094
4.26		0.2		0.518673
4.26		0.266667		0.29436
4.26		0.333333		0.499343
4.26		0.4		0.4019
4.26		0.466667		0.360672
4.26		0.533333		0.385869
4.26		0.6		0.436159
4.26		0.666667		0.424717
4.26		0.733333		0.378953
4.26		0.8		0.49111
4.26		0.866667		0.253661
4.26		0.933333		0.459848
4.28		0		0.425983
4.28		0.0666667		0.524708
4.28		0.133333		0.448541
4.28		0.2		0.517714
4.28		0.266667		0.302777
4.28		0.333333		0.501423
4.28		0.4		0.401726
4.28		0.466667		0.356288
4.28		0.533333		0.394527
4.28		0.6		0.433113
4.28		0.666667		0.425842
4.28		0.733333		0.381084
4.28		0.8		0.490342
4.28		0.866667		0.257366
4.28		0.933333		0.460292
4.3		0		0.425968
4.3		0.0666667		0.524507
4.3		0.133333		0.445149
4.3		0.2		0.516775
4.3		0.266667		0.312533
4.3		0.333333		0.503621
4.3		0.4		0.401577
4.3		0.466667		0.352145
4.3		0.533333		0.404853
4.3		0.6		0.430105
4.3		0.666667		0.427052
4.3		0.733333		0.38334
4.3		0.8		0.489586
4.3		0.866667		0.261167
4.3		0.933333		0.459726
4.32		0		0.425954
4.32		0.0666667		0.524312
4.32		0.133333		0.441902
4.32		0.2		0.515856
4.32		0.266667		0.323824
4.32		0.333333		0.505931
4.32		0.4		0.401451
4.32		0.466667		0.348234
4.32		0.533333		0.415309
4.32		0.6		0.427138
4.32		0.666667		0.428346
4.32		0.733333		0.385733
4.32		0.8		0.488843
4.32		0.866667		0.265266
4.32		0.933333		0.458564
4.34		0		0.425939
4.34		0.0666667		0.524122
4.34		0.133333		0.438783
4.34		0.2		0.514955
4.34		0.266667		0.331313
4.34		0.333333		0.508343
4.34		0.4		0.401346
4.34		0.466667		0.344548
4.34		0.533333		0.425621
4.34		0.6		0.424211
4.34		0.666667		0.429721
4.34		0.733333		0.38828
4.34		0.8		0.488111
4.34		0.866667		0.270015
4.34		0.933333		0.457461
4.36		0		0.425924
4.36		0.0666667		0.523938
4.36		0.133333		0.435782
4.36		0.2		0.514073
4.36		0.266667		0.324337
4.36		0.333333		0.51085
4.36		0.4		0.401262
4.36		0.466667		0.341089
4.36		0.533333		0.435738
4.36		0.6		0.421325
4.36		0.666667		0.431175
4.36		0.733333		0.390998
4.36		0.8		0.487392
4.36		0.866667		0.276008
4.36		0.933333		0.456414
4.38		0		0.42591
4.38		0.0666667		0.523758
4.38		0.133333		0.432887
4.38		0.2		0.513209
4.38		0.266667		0.318312
4.38		0.333333		0.5121
4.38		0.4		0.401198
4.38		0.466667		0.337882
4.38		0.533333		0.445667
4.38		0.6		0.418479
4.38		0.666667		0.430471
4.38		0.733333		0.393903
4.38		0.8		0.486683
4.38		0.866667		0.284174
4.38		0.933333		0.455421
4.4		0		0.425895
4.4		0.0666667		0.523584
4.4		0.133333		0.430089
4.4		0.2		0.512362
4.4		0.266667		0.313189
4.4		0.333333		0.509924
4.4		0.4		0.401152
4.4		0.466667		0.335031
4.4		0.533333		0.455428
4.4		0.6		0.415674
4.4		0.666667		0.429155
4.4		0.733333		0.397001
4.4		0.8		0.485986
4.4		0.866667		0.29577
4.4		0.933333		0.454478
4.42		0		0.42588
4.42		0.0666667		0.523415
4.42		0.133333		0.42738
4.42		0.2		0.511533
4.42		0.266667		0.308903
4.42		0.333333		0.507955
4.42		0.4		0.401125
4.42		0.466667		0.332997
4.42		0.533333		0.459056
4.42		0.6		0.412908
4.42		0.666667		0.427958
4.42		0.733333		0.400287
4.42		0.8		0.4853
4.42		0.866667		0.3122
4.42		0.933333		0.453585
4.44		0		0.425865
4.44		0.0666667		0.52325
4.44		0.133333		0.424754
4.44		0.2		0.51072
4.44		0.266667		0.305384
4.44		0.333333		0.506176
4.44		0.4		0.401116
4.44		0.466667		0.332969
4.44		0.533333		0.454716
4.44		0.6		0.410182
4.44		0.666667		0.426882
4.44		0.733333		0.403741
4.44		0.8		0.484624
4.44		0.866667		0.334732
4.44		0.933333		0.452739
4.46		0		0.425851
4.46		0.0666667		0.523089
4.46		0.133333		0.422204
4.46		0.2		0.509923
4.46		0.266667		0.302567
4.46		0.333333		0.504572
4.46		0.4		0.401123
4.46		0.466667		0.334555
4.46		0.533333		0.451662
4.46		0.6		0.407496
4.46		0.666667		0.425933
4.46		0.733333		0.407338
4.46		0.8		0.483959
4.46		0.866667		0.343599
4.46		0.933333		0.451937
4.48		0		0.425836
4.48		0.0666667		0.522934
4.48		0.133333		0.419724
4.48		0.2		0.509142
4.48		0.266667		0.300401
4.48		0.333333		0.503131
4.48		0.4		0.401147
4.48		0.466667		0.336647
4.48		0.533333		0.449603
4.48		0.6		0.40485
4.48		0.666667		0.425123
4.48		0.733333		0.411049
4.48		0.8		0.483304
4.48		0.866667		0.336445
4.48		0.933333		0.451178
4.5		0		0.425821
4.5		0.0666667		0.522782
4.5		0.133333		0.417312
4.5		0.2		0.508377
4.5		0.266667		0.298859
4.5		0.333333		0.501839
4.5		0.4		0.401187
4.5		0.466667		0.338927
4.5		0.533333		0.44834
4.5		0.6		0.402244
4.5		0.666667		0.424478
4.5		0.733333		0.41485
4.5		0.8		0.48266
4.5		0.866667		0.335398
4.5		0.933333		0.44976
4.52		0		0.425806
4.52		0.0666667		0.522635
4.52		0.133333		0.414961
4.52		0.2		0.507627
4.52		0.266667		0.297962
4.52		0.333333		0.500687
4.52		0.4		0.401242
4.52		0.466667		0.34131
4.52		0.533333		0.447737
4.52		0.6		0.399679
4.52		0.666667		0.424043
4.52		0.733333		0.418721
4.52		0.8		0.482025
4.52		0.866667		0.339101
4.52		0.933333		0.44835
4.54		0		0.425791
4.54		0.0666667		0.522492
4.54		0.133333		0.412669
4.54		0.2		0.506892
4.54		0.266667		0.297821
4.54		0.333333		0.499665
4.54		0.4		0.401312
4.54		0.466667		0.343766
4.54		0.533333		0.447693
4.54		0.6		0.397154
4.54		0.666667		0.423892
4.54		0.733333		0.422647
4.54		0.8		0.4814
4.54		0.866667		0.346427
4.54		0.933333		0.446986
4.56		0		0.425776
4.56		0.0666667		0.522353
4.56		0.133333		0.410432
4.56		0.2		0.506171
4.56		0.266667		0.298748
4.56		0.333333		0.498763
4.56		0.4		0.401397
4.56		0.466667		0.346281
4.56		0.533333		0.448138
4.56		0.6		0.394672
4.56		0.666667		0.424105
4.56		0.733333		0.426617
4.56		0.8		0.480784
4.56		0.866667		0.354041
4.56		0.933333		0.445666
4.58		0		0.425761
4.58		0.0666667		0.522218
4.58		0.133333		0.408248
4.58		0.2		0.505464
4.58		0.266667		0.301445
4.58		0.333333		0.497973
4.58		0.4		0.401495
4.58		0.466667		0.348846
4.58		0.533333		0.448565
4.58		0.6		0.392232
4.58		0.666667		0.424699
4.58		0.733333		0.430623
4.58		0.8		0.480178
4.58		0.866667		0.34452
4.58		0.933333		0.44439
4.6		0		0.425746
4.6		0.0666667		0.522086
4.6		0.133333		0.406113
4.6		0.2		0.504771
4.6		0.266667		0.306386
4.6		0.333333		0.49729
4.6		0.4		0.401607
4.6		0.466667		0.351457
4.6		0.533333		0.448152
4.6		0.6		0.389839
4.6		0.666667		0.425597
4.6		0.733333		0.43466
4.6		0.8		0.479581
4.6		0.866667		0.337863
4.6		0.933333		0.443154
4.62		0		0.425731
4.62		0.0666667		0.521958
4.62		0.133333		0.404026
4.62		0.2		0.504091
4.62		0.266667		0.311435
4.62		0.333333		0.493928
4.62		0.4		0.401733
4.62		0.466667		0.354109
4.62		0.533333		0.448122
4.62		0.6		0.387493
4.62		0.666667		0.426698
4.62		0.733333		0.438724
4.62		0.8		0.478993
4.62		0.866667		0.331917
4.62		0.933333		0.441959
4.64		0		0.425716
4.64		0.0666667		0.521834
4.64		0.133333		0.401984
4.64		0.2		0.503424
4.64		0.266667		0.31564
4.64		0.333333		0.48986
4.64		0.4		0.401871
4.64		0.466667		0.356801
4.64		0.533333		0.448455
4.64		0.6		0.3852
4.64		0.666667		0.427929
4.64		0.733333		0.442811
4.64		0.8		0.478413
4.64		0.866667		0.328519
4.64		0.933333		0.440802
4.66		0		0.425701
4.66		0.0666667		0.521714
4.66		0.133333		0.399986
4.66		0.2		0.50277
4.66		0.266667		0.320088
4.66		0.333333		0.48595
4.66		0.4		0.402021
4.66		0.466667		0.35953
4.66		0.533333		0.449138
4.66		0.6		0.382967
4.66		0.666667		0.429248
4.66		0.733333		0.446921
4.66		0.8		0.477843
4.66		0.866667		0.327246
4.66		0.933333		0.439682
4.68		0		0.425686
4.68		0.0666667		0.521596
4.68		0.133333		0.39803
4.68		0.2		0.502129
4.68		0.266667		0.324658
4.68		0.333333		0.482188
4.68		0.4		0.402184
4.68		0.466667		0.362295
4.68		0.533333		0.450162
4.68		0.6		0.380803
4.68		0.666667		0.430629
4.68		0.733333		0.45105
4.68		0.8		0.47728
4.68		0.866667		0.327771
4.68		0.933333		0.438597
4.7		0		0.42567
4.7		0.0666667		0.521482
4.7		0.133333		0.396116
4.7		0.2		0.5015
4.7		0.266667		0.329299
4.7		0.333333		0.478567
4.7		0.4		0.402359
4.7		0.466667		0.365093
4.7		0.533333		0.451526
4.7		0.6		0.378725
4.7		0.666667		0.432058
4.7		0.733333		0.4552
4.7		0.8		0.476726
4.7		0.866667		0.329829
4.7		0.933333		0.437546
4.72		0		0.425655
4.72		0.0666667		0.521372
4.72		0.133333		0.394243
4.72		0.2		0.500882
4.72		0.266667		0.333983
4.72		0.333333		0.475077
4.72		0.4		0.402545
4.72		0.466667		0.367925
4.72		0.533333		0.45323
4.72		0.6		0.376758
4.72		0.666667		0.433525
4.72		0.733333		0.459369
4.72		0.8		0.476181
4.72		0.866667		0.333201
4.72		0.933333		0.436529
4.74		0		0.42564
4.74		0.0666667		0.521264
4.74		0.133333		0.39241
4.74		0.2		0.500277
4.74		0.266667		0.338695
4.74		0.333333		0.471713
4.74		0.4		0.402743
4.74		0.466667		0.370788
4.74		0.533333		0.455279
4.74		0.6		0.374947
4.74		0.666667		0.435027
4.74		0.733333		0.463558
4.74		0.8		0.475643
4.74		0.866667		0.33771
4.74		0.933333		0.435543
4.76		0		0.425625
4.76		0.0666667		0.52116
4.76		0.133333		0.390619
4.76		0.2		0.499682
4.76		0.266667		0.343424
4.76		0.333333		0.468467
4.76		0.4		0.402951
4.76		0.466667		0.373682
4.76		0.533333		0.457683
4.76		0.6		0.373364
4.76		0.666667		0.436557
4.76		0.733333		0.467765
4.76		0.8		0.475113
4.76		0.866667		0.343209
4.76		0.933333		0.434588
4.78		0		0.425609
4.78		0.0666667		0.521058
4.78		0.133333		0.38887
4.78		0.2		0.499099
4.78		0.266667		0.348162
4.78		0.333333		0.465335
4.78		0.4		0.40317
4.78		0.466667		0.376606
4.78		0.533333		0.454039
4.78		0.6		0.372115
4.78		0.666667		0.438114
4.78		0.733333		0.471993
4.78		0.8		0.474591
4.78		0.866667		0.349587
4.78		0.933333		0.433662
4.8		0		0.425594
4.8		0.0666667		0.520959
4.8		0.133333		0.387168
4.8		0.2		0.498527
4.8		0.266667		0.352905
4.8		0.333333		0.462313
4.8		0.4		0.403399
4.8		0.466667		0.379559
4.8		0.533333		0.447962
4.8		0.6		0.371318
4.8		0.666667		0.439695
4.8		0.733333		0.47624
4.8		0.8		0.474076
4.8		0.866667		0.356759
4.8		0.933333		0.432765
4.82		0		0.425578
4.82		0.0666667		0.520864
4.82		0.133333		0.385517
4.82		0.2		0.497965
4.82		0.266667		0.357649
4.82		0.333333		0.459395
4.82		0.4		0.403638
4.82		0.466667		0.38254
4.82		0.533333		0.442223
4.82		0.6		0.371027
4.82		0.666667		0.441299
4.82		0.733333		0.480509
4.82		0.8		0.473569
4.82		0.866667		0.364667
4.82		0.933333		0.431895
4.84		0		0.425563
4.84		0.0666667		0.520771
4.84		0.133333		0.383926
4.84		0.2		0.497414
4.84		0.266667		0.36239
4.84		0.333333		0.45658
4.84		0.4		0.403888
4.84		0.466667		0.385549
4.84		0.533333		0.436797
4.84		0.6		0.371188
4.84		0.666667		0.442925
4.84		0.733333		0.482348
4.84		0.8		0.473069
4.84		0.866667		0.373271
4.84		0.933333		0.431051
4.86		0		0.425547
4.86		0.0666667		0.52068
4.86		0.133333		0.38241
4.86		0.2		0.496873
4.86		0.266667		0.367125
4.86		0.333333		0.453865
4.86		0.4		0.404146
4.86		0.466667		0.388586
4.86		0.533333		0.43166
4.86		0.6		0.371687
4.86		0.666667		0.44457
4.86		0.733333		0.481804
4.86		0.8		0.472577
4.86		0.866667		0.381527
4.86		0.933333		0.430233
4.88		0		0.425532
4.88		0.0666667		0.520581
4.88		0.133333		0.380994
4.88		0.2		0.496341
4.88		0.266667		0.371852
4.88		0.333333		0.451252
4.88		0.4		0.404415
4.88		0.466667		0.391648
4.88		0.533333		0.426791
4.88		0.6		0.372427
4.88		0.666667		0.446236
4.88		0.733333		0.481404
4.88		0.8		0.472091
4.88		0.866667		0.381981
4.88		0.933333		0.429439
4.9		0		0.425516
4.9		0.0666667		0.520404
4.9		0.133333		0.37972
4.9		0.2		0.49582
4.9		0.266667		0.37657
4.9		0.333333		0.448741
4.9		0.4		0.404692
4.9		0.466667		0.394737
4.9		0.533333		0.422171
4.9		0.6		0.373342
4.9		0.666667		0.44792
4.9		0.733333		0.48114
4.9		0.8		0.471612
4.9		0.866667		0.379275
4.9		0.933333		0.428669
4.92		0		0.4255
4.92		0.0666667		0.520231
4.92		0.133333		0.376606
4.92		0.2		0.495308
4.92		0.266667		0.381276
4.92		0.333333		0.446337
4.92		0.4		0.404978
4.92		0.466667		0.397851
4.92		0.533333		0.417784
4.92		0.6		0.374391
4.92		0.666667		0.449622
4.92		0.733333		0.481
4.92		0.8		0.47114
4.92		0.866667		0.377316
4.92		0.933333		0.427922
4.94		0		0.425485
4.94		0.0666667		0.520062
4.94		0.133333		0.373093
4.94		0.2		0.494805
4.94		0.266667		0.385968
4.94		0.333333		0.444047
4.94		0.4		0.405273
4.94		0.466667		0.40099
4.94		0.533333		0.413614
4.94		0.6		0.37555
4.94		0.666667		0.451342
4.94		0.733333		0.480977
4.94		0.8		0.470675
4.94		0.866667		0.376094
4.94		0.933333		0.427197
4.96		0		0.425469
4.96		0.0666667		0.519896
4.96		0.133333		0.369935
4.96		0.2		0.494311
4.96		0.266667		0.390647
4.96		0.333333		0.441882
4.96		0.4		0.405577
4.96		0.466667		0.404154
4.96		0.533333		0.409648
4.96		0.6		0.376804
4.96		0.666667		0.453078
4.96		0.733333		0.481064
4.96		0.8		0.470216
4.96		0.866667		0.375603
4.96		0.933333		0.426493
4.98		0		0.425453
4.98		0.0666667		0.519733
4.98		0.133333		0.367215
4.98		0.2		0.493826
4.98		0.266667		0.39531
4.98		0.333333		0.439859
4.98		0.4		0.405888
4.98		0.466667		0.407342
4.98		0.533333		0.405872
4.98		0.6		0.378144
4.98		0.666667		0.45483
4.98		0.733333		0.481252
4.98		0.8		0.469764
4.98		0.866667		0.364877
4.98		0.933333		0.425809
5		0		0.425437
5		0.0666667		0.519573
5		0.133333		0.364939
5		0.2		0.49335
5		0.266667		0.399956
5		0.333333		0.437998
5		0.4		0.406208
5		0.466667		0.410553
5		0.533333		0.402275
5		0.6		0.379564
5		0.666667		0.456599
5		0.733333		0.481537
5		0.8		0.469318
5		0.866667		0.354478
5		0.933333		0.425145
