0.02		0		0.282241
0.02		0.1		0.38303
0.02		0.2		0.300649
0.02		0.3		0.385273
0.02		0.4		0.361484
0.02		0.5		0.359361
0.02		0.6		0.387097
0.02		0.7		0.302435
0.02		0.8		0.378582
0.04		0		0.321722
0.04		0.1		0.399095
0.04		0.2		0.361588
0.04		0.3		0.397948
0.04		0.4		0.401696
0.04		0.5		0.396854
0.04		0.6		0.401126
0.04		0.7		0.364534
0.04		0.8		0.399333
0.06		0		0.330699
0.06		0.1		0.401055
0.06		0.2		0.37701
0.06		0.3		0.400788
0.06		0.4		0.402531
0.06		0.5		0.395739
0.06		0.6		0.401064
0.06		0.7		0.378842
0.06		0.8		0.39985
0.08		0		0.344614
0.08		0.1		0.402115
0.08		0.2		0.388197
0.08		0.3		0.405369
0.08		0.4		0.402018
0.08		0.5		0.398657
0.08		0.6		0.402678
0.08		0.7		0.392367
0.08		0.8		0.40288
0.1		0		0.356975
0.1		0.1		0.402995
0.1		0.2		0.402325
0.1		0.3		0.405879
0.1		0.4		0.401725
0.1		0.5		0.404004
0.1		0.6		0.406031
0.1		0.7		0.401022
0.1		0.8		0.405318
0.12		0		0.373864
0.12		0.1		0.404522
0.12		0.2		0.411364
0.12		0.3		0.403561
0.12		0.4		0.412955
0.12		0.5		0.405893
0.12		0.6		0.407816
0.12		0.7		0.407075
0.12		0.8		0.403958
0.14		0		0.380376
0.14		0.1		0.409478
0.14		0.2		0.418618
0.14		0.3		0.409378
0.14		0.4		0.415024
0.14		0.5		0.411008
0.14		0.6		0.403086
0.14		0.7		0.417725
0.14		0.8		0.405985
0.16		0		0.393659
0.16		0.1		0.409069
0.16		0.2		0.419604
0.16		0.3		0.406206
0.16		0.4		0.41225
0.16		0.5		0.412653
0.16		0.6		0.405482
0.16		0.7		0.417722
0.16		0.8		0.409839
0.18		0		0.408278
0.18		0.1		0.410673
0.18		0.2		0.417124
0.18		0.3		0.405786
0.18		0.4		0.415209
0.18		0.5		0.409414
0.18		0.6		0.40785
0.18		0.7		0.421063
0.18		0.8		0.409274
0.2		0		0.405509
0.2		0.1		0.40937
0.2		0.2		0.420579
0.2		0.3		0.407374
0.2		0.4		0.415356
0.2		0.5		0.411032
0.2		0.6		0.406825
0.2		0.7		0.420243
0.2		0.8		0.407388
0.22		0		0.413435
0.22		0.1		0.406328
0.22		0.2		0.415183
0.22		0.3		0.406226
0.22		0.4		0.411549
0.22		0.5		0.410228
0.22		0.6		0.408617
0.22		0.7		0.414872
0.22		0.8		0.409641
0.24		0		0.41725
0.24		0.1		0.412222
0.24		0.2		0.416459
0.24		0.3		0.408656
0.24		0.4		0.410341
0.24		0.5		0.409354
0.24		0.6		0.404385
0.24		0.7		0.40974
0.24		0.8		0.407527
0.26		0		0.412341
0.26		0.1		0.40436
0.26		0.2		0.41025
0.26		0.3		0.409647
0.26		0.4		0.409695
0.26		0.5		0.408407
0.26		0.6		0.408586
0.26		0.7		0.410757
0.26		0.8		0.404647
0.28		0		0.411668
0.28		0.1		0.407149
0.28		0.2		0.407804
0.28		0.3		0.408682
0.28		0.4		0.409237
0.28		0.5		0.408212
0.28		0.6		0.405141
0.28		0.7		0.40743
0.28		0.8		0.404587
0.3		0		0.409084
0.3		0.1		0.402956
0.3		0.2		0.405729
0.3		0.3		0.407493
0.3		0.4		0.409227
0.3		0.5		0.401739
0.3		0.6		0.402945
0.3		0.7		0.404343
0.3		0.8		0.407142
0.32		0		0.405459
0.32		0.1		0.400134
0.32		0.2		0.402338
0.32		0.3		0.404145
0.32		0.4		0.402232
0.32		0.5		0.40587
0.32		0.6		0.404945
0.32		0.7		0.400916
0.32		0.8		0.404939
0.34		0		0.403289
0.34		0.1		0.399909
0.34		0.2		0.3993
0.34		0.3		0.40293
0.34		0.4		0.40117
0.34		0.5		0.400278
0.34		0.6		0.403082
0.34		0.7		0.399759
0.34		0.8		0.404511
0.36		0		0.406028
0.36		0.1		0.401316
0.36		0.2		0.396473
0.36		0.3		0.402588
0.36		0.4		0.397378
0.36		0.5		0.397121
0.36		0.6		0.405264
0.36		0.7		0.396842
0.36		0.8		0.399989
0.38		0		0.400894
0.38		0.1		0.39812
0.38		0.2		0.394102
0.38		0.3		0.403141
0.38		0.4		0.401292
0.38		0.5		0.397448
0.38		0.6		0.404516
0.38		0.7		0.396598
0.38		0.8		0.396068
0.4		0		0.397711
0.4		0.1		0.396448
0.4		0.2		0.392638
0.4		0.3		0.399547
0.4		0.4		0.393877
0.4		0.5		0.396656
0.4		0.6		0.397886
0.4		0.7		0.394459
0.4		0.8		0.393971
0.42		0		0.397169
0.42		0.1		0.396909
0.42		0.2		0.391906
0.42		0.3		0.397437
0.42		0.4		0.395376
0.42		0.5		0.39695
0.42		0.6		0.394455
0.42		0.7		0.390901
0.42		0.8		0.39339
0.44		0		0.398539
0.44		0.1		0.394003
0.44		0.2		0.392324
0.44		0.3		0.395843
0.44		0.4		0.39333
0.44		0.5		0.393491
0.44		0.6		0.394327
0.44		0.7		0.393653
0.44		0.8		0.393611
0.46		0		0.395592
0.46		0.1		0.396317
0.46		0.2		0.389537
0.46		0.3		0.392706
0.46		0.4		0.391447
0.46		0.5		0.3894
0.46		0.6		0.389544
0.46		0.7		0.389437
0.46		0.8		0.39427
0.48		0		0.398572
0.48		0.1		0.388284
0.48		0.2		0.391106
0.48		0.3		0.390508
0.48		0.4		0.391438
0.48		0.5		0.393295
0.48		0.6		0.393663
0.48		0.7		0.38412
0.48		0.8		0.390375
0.5		0		0.394791
0.5		0.1		0.39255
0.5		0.2		0.392961
0.5		0.3		0.392666
0.5		0.4		0.389245
0.5		0.5		0.387053
0.5		0.6		0.388007
0.5		0.7		0.391219
0.5		0.8		0.391828
0.52		0		0.397781
0.52		0.1		0.389072
0.52		0.2		0.389783
0.52		0.3		0.389234
0.52		0.4		0.392739
0.52		0.5		0.388292
0.52		0.6		0.389693
0.52		0.7		0.390262
0.52		0.8		0.393305
0.54		0		0.394455
0.54		0.1		0.38929
0.54		0.2		0.387545
0.54		0.3		0.385598
0.54		0.4		0.388124
0.54		0.5		0.38828
0.54		0.6		0.385938
0.54		0.7		0.389448
0.54		0.8		0.390984
0.56		0		0.392821
0.56		0.1		0.387087
0.56		0.2		0.389821
0.56		0.3		0.38858
0.56		0.4		0.387991
0.56		0.5		0.390404
0.56		0.6		0.386159
0.56		0.7		0.391001
0.56		0.8		0.384135
0.58		0		0.392254
0.58		0.1		0.386605
0.58		0.2		0.38426
0.58		0.3		0.388427
0.58		0.4		0.38494
0.58		0.5		0.388935
0.58		0.6		0.391278
0.58		0.7		0.388998
0.58		0.8		0.387482
0.6		0		0.392677
0.6		0.1		0.38534
0.6		0.2		0.386748
0.6		0.3		0.385288
0.6		0.4		0.386883
0.6		0.5		0.388149
0.6		0.6		0.383698
0.6		0.7		0.388793
0.6		0.8		0.383382
0.62		0		0.39334
0.62		0.1		0.386218
0.62		0.2		0.386912
0.62		0.3		0.389941
0.62		0.4		0.389074
0.62		0.5		0.385601
0.62		0.6		0.381648
0.62		0.7		0.386342
0.62		0.8		0.388164
0.64		0		0.391389
0.64		0.1		0.384973
0.64		0.2		0.387333
0.64		0.3		0.386016
0.64		0.4		0.390512
0.64		0.5		0.388715
0.64		0.6		0.387958
0.64		0.7		0.385894
0.64		0.8		0.383041
0.66		0		0.389916
0.66		0.1		0.386675
0.66		0.2		0.384582
0.66		0.3		0.386679
0.66		0.4		0.388272
0.66		0.5		0.384583
0.66		0.6		0.386773
0.66		0.7		0.384147
0.66		0.8		0.381563
0.68		0		0.391461
0.68		0.1		0.383521
0.68		0.2		0.384311
0.68		0.3		0.385833
0.68		0.4		0.384955
0.68		0.5		0.382762
0.68		0.6		0.384289
0.68		0.7		0.386425
0.68		0.8		0.387186
0.7		0		0.395277
0.7		0.1		0.385349
0.7		0.2		0.384527
0.7		0.3		0.384497
0.7		0.4		0.386761
0.7		0.5		0.382255
0.7		0.6		0.385248
0.7		0.7		0.385452
0.7		0.8		0.386071
0.72		0		0.390265
0.72		0.1		0.384049
0.72		0.2		0.382696
0.72		0.3		0.383518
0.72		0.4		0.382372
0.72		0.5		0.384553
0.72		0.6		0.386472
0.72		0.7		0.386899
0.72		0.8		0.386723
0.74		0		0.390214
0.74		0.1		0.386349
0.74		0.2		0.386161
0.74		0.3		0.389199
0.74		0.4		0.386641
0.74		0.5		0.384988
0.74		0.6		0.385241
0.74		0.7		0.381445
0.74		0.8		0.383811
0.76		0		0.392161
0.76		0.1		0.387669
0.76		0.2		0.385806
0.76		0.3		0.383496
0.76		0.4		0.385778
0.76		0.5		0.382935
0.76		0.6		0.383168
0.76		0.7		0.380699
0.76		0.8		0.383841
0.78		0		0.390738
0.78		0.1		0.384288
0.78		0.2		0.38712
0.78		0.3		0.384485
0.78		0.4		0.381697
0.78		0.5		0.38099
0.78		0.6		0.384066
0.78		0.7		0.383509
0.78		0.8		0.385697
0.8		0		0.391276
0.8		0.1		0.386703
0.8		0.2		0.381959
0.8		0.3		0.380243
0.8		0.4		0.382662
0.8		0.5		0.384231
0.8		0.6		0.385619
0.8		0.7		0.381861
0.8		0.8		0.384463
0.82		0		0.391028
0.82		0.1		0.387088
0.82		0.2		0.382302
0.82		0.3		0.379064
0.82		0.4		0.380504
0.82		0.5		0.38272
0.82		0.6		0.380851
0.82		0.7		0.384568
0.82		0.8		0.383351
0.84		0		0.387649
0.84		0.1		0.384607
0.84		0.2		0.379001
0.84		0.3		0.385554
0.84		0.4		0.382618
0.84		0.5		0.383038
0.84		0.6		0.383961
0.84		0.7		0.382321
0.84		0.8		0.38583
0.86		0		0.391881
0.86		0.1		0.385972
0.86		0.2		0.382612
0.86		0.3		0.384941
0.86		0.4		0.382458
0.86		0.5		0.380869
0.86		0.6		0.382537
0.86		0.7		0.382317
0.86		0.8		0.38294
0.88		0		0.389315
0.88		0.1		0.381963
0.88		0.2		0.380553
0.88		0.3		0.384064
0.88		0.4		0.381183
0.88		0.5		0.383071
0.88		0.6		0.37992
0.88		0.7		0.384791
0.88		0.8		0.380272
0.9		0		0.390378
0.9		0.1		0.383558
0.9		0.2		0.379429
0.9		0.3		0.379575
0.9		0.4		0.383625
0.9		0.5		0.379335
0.9		0.6		0.382968
0.9		0.7		0.380449
0.9		0.8		0.381748
0.92		0		0.387804
0.92		0.1		0.377819
0.92		0.2		0.379464
0.92		0.3		0.383722
0.92		0.4		0.381495
0.92		0.5		0.377428
0.92		0.6		0.3809
0.92		0.7		0.381184
0.92		0.8		0.383675
0.94		0		0.388105
0.94		0.1		0.380559
0.94		0.2		0.380957
0.94		0.3		0.378509
0.94		0.4		0.38106
0.94		0.5		0.381352
0.94		0.6		0.378388
0.94		0.7		0.382144
0.94		0.8		0.382287
0.96		0		0.390786
0.96		0.1		0.382636
0.96		0.2		0.377125
0.96		0.3		0.378741
0.96		0.4		0.380148
0.96		0.5		0.381712
0.96		0.6		0.379662
0.96		0.7		0.381827
0.96		0.8		0.383111
0.98		0		0.390591
0.98		0.1		0.382288
0.98		0.2		0.381108
0.98		0.3		0.380069
0.98		0.4		0.379593
0.98		0.5		0.381037
0.98		0.6		0.381661
0.98		0.7		0.380524
0.98		0.8		0.385993
1		0		0.390343
1		0.1		0.382016
1		0.2		0.3823
1		0.3		0.380107
1		0.4		0.382924
1		0.5		0.377414
1		0.6		0.380794
1		0.7		0.380951
1		0.8		0.379482
1.02		0		0.385077
1.02		0.1		0.382125
1.02		0.2		0.380434
1.02		0.3		0.380239
1.02		0.4		0.381817
1.02		0.5		0.37988
1.02		0.6		0.381002
1.02		0.7		0.379363
1.02		0.8		0.383165
1.04		0		0.390633
1.04		0.1		0.381029
1.04		0.2		0.382248
1.04		0.3		0.380117
1.04		0.4		0.382336
1.04		0.5		0.375804
1.04		0.6		0.381114
1.04		0.7		0.381909
1.04		0.8		0.380877
1.06		0		0.389171
1.06		0.1		0.38097
1.06		0.2		0.382776
1.06		0.3		0.381711
1.06		0.4		0.377838
1.06		0.5		0.380451
1.06		0.6		0.377694
1.06		0.7		0.378751
1.06		0.8		0.3811
1.08		0		0.389555
1.08		0.1		0.381582
1.08		0.2		0.379111
1.08		0.3		0.384174
1.08		0.4		0.382923
1.08		0.5		0.381659
1.08		0.6		0.381685
1.08		0.7		0.379284
1.08		0.8		0.380888
1.1		0		0.389158
1.1		0.1		0.379857
1.1		0.2		0.379647
1.1		0.3		0.37765
1.1		0.4		0.3806
1.1		0.5		0.381548
1.1		0.6		0.377942
1.1		0.7		0.379265
1.1		0.8		0.385017
1.12		0		0.386128
1.12		0.1		0.381984
1.12		0.2		0.377417
1.12		0.3		0.380369
1.12		0.4		0.377811
1.12		0.5		0.381525
1.12		0.6		0.380366
1.12		0.7		0.379867
1.12		0.8		0.379297
1.14		0		0.386251
1.14		0.1		0.382079
1.14		0.2		0.380823
1.14		0.3		0.382825
1.14		0.4		0.380803
1.14		0.5		0.379166
1.14		0.6		0.379279
1.14		0.7		0.380872
1.14		0.8		0.38577
1.16		0		0.385393
1.16		0.1		0.381151
1.16		0.2		0.381452
1.16		0.3		0.378639
1.16		0.4		0.380779
1.16		0.5		0.380184
1.16		0.6		0.3844
1.16		0.7		0.381308
1.16		0.8		0.380174
1.18		0		0.387894
1.18		0.1		0.379586
1.18		0.2		0.378923
1.18		0.3		0.380846
1.18		0.4		0.379135
1.18		0.5		0.384487
1.18		0.6		0.381511
1.18		0.7		0.377639
1.18		0.8		0.378821
1.2		0		0.389754
1.2		0.1		0.380352
1.2		0.2		0.379703
1.2		0.3		0.378788
1.2		0.4		0.379831
1.2		0.5		0.379501
1.2		0.6		0.380931
1.2		0.7		0.380935
1.2		0.8		0.381902
1.22		0		0.383289
1.22		0.1		0.382389
1.22		0.2		0.379492
1.22		0.3		0.378422
1.22		0.4		0.377928
1.22		0.5		0.37774
1.22		0.6		0.380232
1.22		0.7		0.382227
1.22		0.8		0.380567
1.24		0		0.387003
1.24		0.1		0.382247
1.24		0.2		0.37798
1.24		0.3		0.38064
1.24		0.4		0.378655
1.24		0.5		0.377808
1.24		0.6		0.379699
1.24		0.7		0.376738
1.24		0.8		0.379477
1.26		0		0.386226
1.26		0.1		0.381066
1.26		0.2		0.37986
1.26		0.3		0.377574
1.26		0.4		0.380209
1.26		0.5		0.377022
1.26		0.6		0.37765
1.26		0.7		0.378075
1.26		0.8		0.378506
1.28		0		0.389019
1.28		0.1		0.381572
1.28		0.2		0.379047
1.28		0.3		0.381852
1.28		0.4		0.381504
1.28		0.5		0.377809
1.28		0.6		0.379165
1.28		0.7		0.37807
1.28		0.8		0.379492
1.3		0		0.388642
1.3		0.1		0.381341
1.3		0.2		0.379787
1.3		0.3		0.377771
1.3		0.4		0.378478
1.3		0.5		0.376115
1.3		0.6		0.381015
1.3		0.7		0.381571
1.3		0.8		0.381692
1.32		0		0.388941
1.32		0.1		0.383039
1.32		0.2		0.380237
1.32		0.3		0.375188
1.32		0.4		0.381252
1.32		0.5		0.375698
1.32		0.6		0.381563
1.32		0.7		0.379529
1.32		0.8		0.381962
1.34		0		0.38651
1.34		0.1		0.379091
1.34		0.2		0.380196
1.34		0.3		0.378482
1.34		0.4		0.380117
1.34		0.5		0.375339
1.34		0.6		0.381379
1.34		0.7		0.382257
1.34		0.8		0.37977
1.36		0		0.387814
1.36		0.1		0.379216
1.36		0.2		0.37806
1.36		0.3		0.379956
1.36		0.4		0.377651
1.36		0.5		0.380256
1.36		0.6		0.378309
1.36		0.7		0.375945
1.36		0.8		0.377087
1.38		0		0.386232
1.38		0.1		0.378865
1.38		0.2		0.379321
1.38		0.3		0.376739
1.38		0.4		0.380746
1.38		0.5		0.381219
1.38		0.6		0.378666
1.38		0.7		0.376496
1.38		0.8		0.381937
1.4		0		0.388352
1.4		0.1		0.376625
1.4		0.2		0.377665
1.4		0.3		0.37641
1.4		0.4		0.377915
1.4		0.5		0.375264
1.4		0.6		0.376272
1.4		0.7		0.375878
1.4		0.8		0.38053
1.42		0		0.385122
1.42		0.1		0.380914
1.42		0.2		0.378151
1.42		0.3		0.380961
1.42		0.4		0.379556
1.42		0.5		0.378022
1.42		0.6		0.377355
1.42		0.7		0.37727
1.42		0.8		0.383065
1.44		0		0.385454
1.44		0.1		0.382497
1.44		0.2		0.37707
1.44		0.3		0.381891
1.44		0.4		0.378726
1.44		0.5		0.381341
1.44		0.6		0.379602
1.44		0.7		0.378365
1.44		0.8		0.376555
1.46		0		0.387923
1.46		0.1		0.381636
1.46		0.2		0.379479
1.46		0.3		0.381343
1.46		0.4		0.380808
1.46		0.5		0.377892
1.46		0.6		0.377818
1.46		0.7		0.377904
1.46		0.8		0.380153
1.48		0		0.386396
1.48		0.1		0.378886
1.48		0.2		0.380743
1.48		0.3		0.377325
1.48		0.4		0.378997
1.48		0.5		0.373989
1.48		0.6		0.378014
1.48		0.7		0.377831
1.48		0.8		0.382085
1.5		0		0.388565
1.5		0.1		0.377589
1.5		0.2		0.379149
1.5		0.3		0.376429
1.5		0.4		0.378606
1.5		0.5		0.379149
1.5		0.6		0.376387
1.5		0.7		0.375355
1.5		0.8		0.38081
1.52		0		0.387558
1.52		0.1		0.377544
1.52		0.2		0.377778
1.52		0.3		0.376306
1.52		0.4		0.377832
1.52		0.5		0.381188
1.52		0.6		0.374456
1.52		0.7		0.378449
1.52		0.8		0.377027
1.54		0		0.386028
1.54		0.1		0.378696
1.54		0.2		0.378733
1.54		0.3		0.381455
1.54		0.4		0.377373
1.54		0.5		0.377869
1.54		0.6		0.375584
1.54		0.7		0.377011
1.54		0.8		0.380919
1.56		0		0.38773
1.56		0.1		0.379553
1.56		0.2		0.378959
1.56		0.3		0.379456
1.56		0.4		0.377629
1.56		0.5		0.374735
1.56		0.6		0.377052
1.56		0.7		0.378288
1.56		0.8		0.380852
1.58		0		0.387043
1.58		0.1		0.378672
1.58		0.2		0.373456
1.58		0.3		0.379234
1.58		0.4		0.380489
1.58		0.5		0.375794
1.58		0.6		0.37346
1.58		0.7		0.375762
1.58		0.8		0.379865
1.6		0		0.384312
1.6		0.1		0.378615
1.6		0.2		0.377088
1.6		0.3		0.378846
1.6		0.4		0.377977
1.6		0.5		0.379008
1.6		0.6		0.377329
1.6		0.7		0.377403
1.6		0.8		0.380207
1.62		0		0.387229
1.62		0.1		0.380805
1.62		0.2		0.379791
1.62		0.3		0.378498
1.62		0.4		0.377537
1.62		0.5		0.375397
1.62		0.6		0.377878
1.62		0.7		0.372908
1.62		0.8		0.380139
1.64		0		0.383963
1.64		0.1		0.38133
1.64		0.2		0.374551
1.64		0.3		0.378807
1.64		0.4		0.373697
1.64		0.5		0.373754
1.64		0.6		0.378638
1.64		0.7		0.377889
1.64		0.8		0.378472
1.66		0		0.388033
1.66		0.1		0.381665
1.66		0.2		0.376623
1.66		0.3		0.377905
1.66		0.4		0.378046
1.66		0.5		0.373436
1.66		0.6		0.377503
1.66		0.7		0.379754
1.66		0.8		0.378873
1.68		0		0.389334
1.68		0.1		0.377635
1.68		0.2		0.378587
1.68		0.3		0.379182
1.68		0.4		0.375712
1.68		0.5		0.377727
1.68		0.6		0.381457
1.68		0.7		0.37269
1.68		0.8		0.376208
1.7		0		0.390085
1.7		0.1		0.378392
1.7		0.2		0.37916
1.7		0.3		0.37948
1.7		0.4		0.379863
1.7		0.5		0.379546
1.7		0.6		0.377612
1.7		0.7		0.378251
1.7		0.8		0.375438
1.72		0		0.386567
1.72		0.1		0.379965
1.72		0.2		0.375535
1.72		0.3		0.376882
1.72		0.4		0.379071
1.72		0.5		0.37486
1.72		0.6		0.374005
1.72		0.7		0.378201
1.72		0.8		0.378205
1.74		0		0.387698
1.74		0.1		0.377262
1.74		0.2		0.381647
1.74		0.3		0.377698
1.74		0.4		0.376909
1.74		0.5		0.376247
1.74		0.6		0.373963
1.74		0.7		0.375323
1.74		0.8		0.377643
1.76		0		0.389162
1.76		0.1		0.378169
1.76		0.2		0.37864
1.76		0.3		0.379302
1.76		0.4		0.375807
1.76		0.5		0.3783
1.76		0.6		0.379057
1.76		0.7		0.375459
1.76		0.8		0.379294
1.78		0		0.387477
1.78		0.1		0.383036
1.78		0.2		0.377096
1.78		0.3		0.377489
1.78		0.4		0.379047
1.78		0.5		0.378833
1.78		0.6		0.376146
1.78		0.7		0.375713
1.78		0.8		0.375032
1.8		0		0.387721
1.8		0.1		0.375321
1.8		0.2		0.378538
1.8		0.3		0.375558
1.8		0.4		0.380605
1.8		0.5		0.375757
1.8		0.6		0.379541
1.8		0.7		0.37566
1.8		0.8		0.378733
1.82		0		0.389055
1.82		0.1		0.377843
1.82		0.2		0.379622
1.82		0.3		0.377353
1.82		0.4		0.375416
1.82		0.5		0.375791
1.82		0.6		0.377185
1.82		0.7		0.378399
1.82		0.8		0.377756
1.84		0		0.384639
1.84		0.1		0.379267
1.84		0.2		0.37739
1.84		0.3		0.378737
1.84		0.4		0.380637
1.84		0.5		0.379063
1.84		0.6		0.37953
1.84		0.7		0.378282
1.84		0.8		0.378724
1.86		0		0.388839
1.86		0.1		0.375398
1.86		0.2		0.378867
1.86		0.3		0.377641
1.86		0.4		0.376675
1.86		0.5		0.375189
1.86		0.6		0.379808
1.86		0.7		0.375804
1.86		0.8		0.38044
1.88		0		0.388645
1.88		0.1		0.379817
1.88		0.2		0.3758
1.88		0.3		0.376791
1.88		0.4		0.377394
1.88		0.5		0.373526
1.88		0.6		0.380092
1.88		0.7		0.375883
1.88		0.8		0.384783
1.9		0		0.389312
1.9		0.1		0.375414
1.9		0.2		0.37741
1.9		0.3		0.380085
1.9		0.4		0.376563
1.9		0.5		0.37964
1.9		0.6		0.378793
1.9		0.7		0.375924
1.9		0.8		0.380455
1.92		0		0.386239
1.92		0.1		0.380104
1.92		0.2		0.374916
1.92		0.3		0.3757
1.92		0.4		0.377032
1.92		0.5		0.375472
1.92		0.6		0.378805
1.92		0.7		0.377927
1.92		0.8		0.377647
1.94		0		0.389153
1.94		0.1		0.378626
1.94		0.2		0.378604
1.94		0.3		0.379779
1.94		0.4		0.377252
1.94		0.5		0.375251
1.94		0.6		0.377853
1.94		0.7		0.37499
1.94		0.8		0.376329
1.96		0		0.385482
1.96		0.1		0.378822
1.96		0.2		0.370472
1.96		0.3		0.379552
1.96		0.4		0.377066
1.96		0.5		0.376684
1.96		0.6		0.378385
1.96		0.7		0.375659
1.96		0.8		0.381357
1.98		0		0.387056
1.98		0.1		0.37563
1.98		0.2		0.376444
1.98		0.3		0.374549
1.98		0.4		0.37727
1.98		0.5		0.3772
1.98		0.6		0.376731
1.98		0.7		0.379732
1.98		0.8		0.378641
2		0		0.389001
2		0.1		0.37811
2		0.2		0.378388
2		0.3		0.378797
2		0.4		0.380933
2		0.5		0.37784
2		0.6		0.376714
2		0.7		0.375976
2		0.8		0.373381
