-2		-3		0.431588
-2		-2.9		0.332646
-2		-2.8		0.333909
-2		-2.7		0.402487
-2		-2.6		0.284531
-2		-2.5		0.331338
-2		-2.4		0.384388
-2		-2.3		0.26092
-2		-2.2		0.264359
-2		-2.1		0.272557
-2		-2		0.295919
-2		-1.9		0.218925
-2		-1.8		0.206977
-2		-1.7		0.272528
-2		-1.6		0.19577
-2		-1.5		0.23338
-2		-1.4		0.202301
-2		-1.3		0.192426
-2		-1.2		0.193664
-2		-1.1		0.170205
-2		-1		0.192851
-2		-0.9		0.168276
-2		-0.8		0.171672
-2		-0.7		0.213647
-2		-0.6		0.195278
-2		-0.5		0.200668
-2		-0.4		0.21076
-2		-0.3		0.228742
-2		-0.2		0.227049
-2		-0.1		0.253144
-2		1.52656e-15		0.256026
-2		0.1		0.249896
-2		0.2		0.249305
-2		0.3		0.211155
-2		0.4		0.212461
-2		0.5		0.186695
-2		0.6		0.194959
-2		0.7		0.173388
-2		0.8		0.191258
-2		0.9		0.168685
-2		1		0.195874
-2		1.1		0.21884
-2		1.2		0.171254
-2		1.3		0.218421
-2		1.4		0.249211
-2		1.5		0.187282
-2		1.6		0.240487
-2		1.7		0.219354
-2		1.8		0.312824
-2		1.9		0.242974
-2		2		0.257958
-2		2.1		0.224205
-2		2.2		0.290915
-2		2.3		0.362904
-2		2.4		0.229375
-2		2.5		0.329065
-2		2.6		0.344303
-2		2.7		0.368344
-2		2.8		0.276995
-2		2.9		0.312394
-1.9		-3		0.23342
-1.9		-2.9		0.343577
-1.9		-2.8		0.34803
-1.9		-2.7		0.442028
-1.9		-2.6		0.348043
-1.9		-2.5		0.278874
-1.9		-2.4		0.33884
-1.9		-2.3		0.284009
-1.9		-2.2		0.300674
-1.9		-2.1		0.289332
-1.9		-2		0.327513
-1.9		-1.9		0.200781
-1.9		-1.8		0.220604
-1.9		-1.7		0.247353
-1.9		-1.6		0.207876
-1.9		-1.5		0.225934
-1.9		-1.4		0.197242
-1.9		-1.3		0.193108
-1.9		-1.2		0.170387
-1.9		-1.1		0.20716
-1.9		-1		0.177132
-1.9		-0.9		0.14131
-1.9		-0.8		0.175984
-1.9		-0.7		0.169847
-1.9		-0.6		0.179982
-1.9		-0.5		0.178535
-1.9		-0.4		0.182705
-1.9		-0.3		0.203761
-1.9		-0.2		0.228512
-1.9		-0.1		0.230613
-1.9		1.52656e-15		0.263956
-1.9		0.1		0.216597
-1.9		0.2		0.215282
-1.9		0.3		0.219036
-1.9		0.4		0.21312
-1.9		0.5		0.186607
-1.9		0.6		0.181741
-1.9		0.7		0.194515
-1.9		0.8		0.165785
-1.9		0.9		0.183783
-1.9		1		0.17429
-1.9		1.1		0.174205
-1.9		1.2		0.181661
-1.9		1.3		0.217196
-1.9		1.4		0.196345
-1.9		1.5		0.241907
-1.9		1.6		0.185087
-1.9		1.7		0.211545
-1.9		1.8		0.172631
-1.9		1.9		0.276318
-1.9		2		0.198985
-1.9		2.1		0.301851
-1.9		2.2		0.401268
-1.9		2.3		0.171376
-1.9		2.4		0.218173
-1.9		2.5		0.278856
-1.9		2.6		0.304455
-1.9		2.7		0.323514
-1.9		2.8		0.369145
-1.9		2.9		0.413614
-1.8		-3		0.489192
-1.8		-2.9		0.30341
-1.8		-2.8		0.46125
-1.8		-2.7		0.51296
-1.8		-2.6		0.310018
-1.8		-2.5		0.254186
-1.8		-2.4		0.399357
-1.8		-2.3		0.309219
-1.8		-2.2		0.185019
-1.8		-2.1		0.288604
-1.8		-2		0.331209
-1.8		-1.9		0.227237
-1.8		-1.8		0.267852
-1.8		-1.7		0.282874
-1.8		-1.6		0.228831
-1.8		-1.5		0.174942
-1.8		-1.4		0.168744
-1.8		-1.3		0.23076
-1.8		-1.2		0.204809
-1.8		-1.1		0.162017
-1.8		-1		0.172862
-1.8		-0.9		0.177076
-1.8		-0.8		0.18235
-1.8		-0.7		0.183701
-1.8		-0.6		0.164051
-1.8		-0.5		0.182676
-1.8		-0.4		0.190904
-1.8		-0.3		0.199485
-1.8		-0.2		0.214199
-1.8		-0.1		0.226947
-1.8		1.52656e-15		0.23752
-1.8		0.1		0.230153
-1.8		0.2		0.205362
-1.8		0.3		0.197442
-1.8		0.4		0.191039
-1.8		0.5		0.206314
-1.8		0.6		0.169624
-1.8		0.7		0.177224
-1.8		0.8		0.153597
-1.8		0.9		0.175693
-1.8		1		0.176927
-1.8		1.1		0.213982
-1.8		1.2		0.194852
-1.8		1.3		0.237616
-1.8		1.4		0.262908
-1.8		1.5		0.235993
-1.8		1.6		0.204555
-1.8		1.7		0.226719
-1.8		1.8		0.274686
-1.8		1.9		0.279927
-1.8		2		0.265689
-1.8		2.1		0.381
-1.8		2.2		0.260656
-1.8		2.3		0.306519
-1.8		2.4		0.295745
-1.8		2.5		0.374943
-1.8		2.6		0.345824
-1.8		2.7		0.32521
-1.8		2.8		0.317416
-1.8		2.9		0.497931
-1.7		-3		0.377454
-1.7		-2.9		0.458847
-1.7		-2.8		0.436327
-1.7		-2.7		0.460826
-1.7		-2.6		0.313349
-1.7		-2.5		0.317711
-1.7		-2.4		0.482559
-1.7		-2.3		0.405054
-1.7		-2.2		0.248088
-1.7		-2.1		0.340602
-1.7		-2		0.339167
-1.7		-1.9		0.330864
-1.7		-1.8		0.284451
-1.7		-1.7		0.252634
-1.7		-1.6		0.205953
-1.7		-1.5		0.194886
-1.7		-1.4		0.157191
-1.7		-1.3		0.216932
-1.7		-1.2		0.162174
-1.7		-1.1		0.172604
-1.7		-1		0.15803
-1.7		-0.9		0.194464
-1.7		-0.8		0.166622
-1.7		-0.7		0.158647
-1.7		-0.6		0.165388
-1.7		-0.5		0.185364
-1.7		-0.4		0.189348
-1.7		-0.3		0.174912
-1.7		-0.2		0.204906
-1.7		-0.1		0.208869
-1.7		1.52656e-15		0.243379
-1.7		0.1		0.205432
-1.7		0.2		0.202907
-1.7		0.3		0.173678
-1.7		0.4		0.173275
-1.7		0.5		0.155712
-1.7		0.6		0.174388
-1.7		0.7		0.160469
-1.7		0.8		0.162413
-1.7		0.9		0.191206
-1.7		1		0.199143
-1.7		1.1		0.188536
-1.7		1.2		0.184043
-1.7		1.3		0.194119
-1.7		1.4		0.196376
-1.7		1.5		0.225296
-1.7		1.6		0.2687
-1.7		1.7		0.242545
-1.7		1.8		0.224293
-1.7		1.9		0.257634
-1.7		2		0.219216
-1.7		2.1		0.292347
-1.7		2.2		0.345362
-1.7		2.3		0.3247
-1.7		2.4		0.372155
-1.7		2.5		0.347931
-1.7		2.6		0.373707
-1.7		2.7		0.236234
-1.7		2.8		0.390426
-1.7		2.9		0.313764
-1.6		-3		0.5578
-1.6		-2.9		0.24884
-1.6		-2.8		0.35173
-1.6		-2.7		0.451738
-1.6		-2.6		0.430722
-1.6		-2.5		0.389349
-1.6		-2.4		0.432585
-1.6		-2.3		0.439585
-1.6		-2.2		0.245329
-1.6		-2.1		0.339061
-1.6		-2		0.369053
-1.6		-1.9		0.233002
-1.6		-1.8		0.181443
-1.6		-1.7		0.206823
-1.6		-1.6		0.159397
-1.6		-1.5		0.196975
-1.6		-1.4		0.269756
-1.6		-1.3		0.21057
-1.6		-1.2		0.188294
-1.6		-1.1		0.175838
-1.6		-1		0.200506
-1.6		-0.9		0.199654
-1.6		-0.8		0.145302
-1.6		-0.7		0.175697
-1.6		-0.6		0.166742
-1.6		-0.5		0.171027
-1.6		-0.4		0.186845
-1.6		-0.3		0.164254
-1.6		-0.2		0.231455
-1.6		-0.1		0.260002
-1.6		1.52656e-15		0.279171
-1.6		0.1		0.270708
-1.6		0.2		0.217551
-1.6		0.3		0.196894
-1.6		0.4		0.171742
-1.6		0.5		0.149172
-1.6		0.6		0.165446
-1.6		0.7		0.160546
-1.6		0.8		0.162844
-1.6		0.9		0.178244
-1.6		1		0.172712
-1.6		1.1		0.188065
-1.6		1.2		0.181356
-1.6		1.3		0.152398
-1.6		1.4		0.184662
-1.6		1.5		0.263897
-1.6		1.6		0.240871
-1.6		1.7		0.232562
-1.6		1.8		0.217119
-1.6		1.9		0.174195
-1.6		2		0.346811
-1.6		2.1		0.181261
-1.6		2.2		0.285735
-1.6		2.3		0.40223
-1.6		2.4		0.435656
-1.6		2.5		0.249754
-1.6		2.6		0.389596
-1.6		2.7		0.333936
-1.6		2.8		0.420457
-1.6		2.9		0.376106
-1.5		-3		0.377288
-1.5		-2.9		0.219367
-1.5		-2.8		0.362428
-1.5		-2.7		0.394504
-1.5		-2.6		0.403659
-1.5		-2.5		0.320537
-1.5		-2.4		0.395144
-1.5		-2.3		0.395844
-1.5		-2.2		0.462339
-1.5		-2.1		0.274536
-1.5		-2		0.223999
-1.5		-1.9		0.334145
-1.5		-1.8		0.202463
-1.5		-1.7		0.256746
-1.5		-1.6		0.265307
-1.5		-1.5		0.251052
-1.5		-1.4		0.245608
-1.5		-1.3		0.249724
-1.5		-1.2		0.203776
-1.5		-1.1		0.212547
-1.5		-1		0.200933
-1.5		-0.9		0.15897
-1.5		-0.8		0.140712
-1.5		-0.7		0.160232
-1.5		-0.6		0.176235
-1.5		-0.5		0.149375
-1.5		-0.4		0.169765
-1.5		-0.3		0.163584
-1.5		-0.2		0.210745
-1.5		-0.1		0.234733
-1.5		1.52656e-15		0.26528
-1.5		0.1		0.230218
-1.5		0.2		0.198998
-1.5		0.3		0.173942
-1.5		0.4		0.155749
-1.5		0.5		0.162443
-1.5		0.6		0.170733
-1.5		0.7		0.138738
-1.5		0.8		0.151907
-1.5		0.9		0.172288
-1.5		1		0.163546
-1.5		1.1		0.220355
-1.5		1.2		0.174319
-1.5		1.3		0.176213
-1.5		1.4		0.163089
-1.5		1.5		0.182002
-1.5		1.6		0.261151
-1.5		1.7		0.268845
-1.5		1.8		0.212215
-1.5		1.9		0.286834
-1.5		2		0.217865
-1.5		2.1		0.359282
-1.5		2.2		0.356782
-1.5		2.3		0.218325
-1.5		2.4		0.367544
-1.5		2.5		0.378376
-1.5		2.6		0.278077
-1.5		2.7		0.574561
-1.5		2.8		0.394268
-1.5		2.9		0.375492
-1.4		-3		0.481191
-1.4		-2.9		0.382686
-1.4		-2.8		0.241063
-1.4		-2.7		0.334713
-1.4		-2.6		0.331926
-1.4		-2.5		0.391685
-1.4		-2.4		0.294274
-1.4		-2.3		0.318647
-1.4		-2.2		0.29726
-1.4		-2.1		0.198401
-1.4		-2		0.224394
-1.4		-1.9		0.337455
-1.4		-1.8		0.256403
-1.4		-1.7		0.307307
-1.4		-1.6		0.283188
-1.4		-1.5		0.21584
-1.4		-1.4		0.213049
-1.4		-1.3		0.250901
-1.4		-1.2		0.183885
-1.4		-1.1		0.178311
-1.4		-1		0.214521
-1.4		-0.9		0.178397
-1.4		-0.8		0.168921
-1.4		-0.7		0.156074
-1.4		-0.6		0.166232
-1.4		-0.5		0.151395
-1.4		-0.4		0.177155
-1.4		-0.3		0.190211
-1.4		-0.2		0.193117
-1.4		-0.1		0.205499
-1.4		1.52656e-15		0.256306
-1.4		0.1		0.203184
-1.4		0.2		0.182317
-1.4		0.3		0.163897
-1.4		0.4		0.179158
-1.4		0.5		0.164959
-1.4		0.6		0.171252
-1.4		0.7		0.168955
-1.4		0.8		0.20234
-1.4		0.9		0.207222
-1.4		1		0.164151
-1.4		1.1		0.210767
-1.4		1.2		0.213348
-1.4		1.3		0.168795
-1.4		1.4		0.272038
-1.4		1.5		0.174734
-1.4		1.6		0.222114
-1.4		1.7		0.237585
-1.4		1.8		0.172226
-1.4		1.9		0.271996
-1.4		2		0.287205
-1.4		2.1		0.276406
-1.4		2.2		0.315481
-1.4		2.3		0.314669
-1.4		2.4		0.466261
-1.4		2.5		0.292937
-1.4		2.6		0.404988
-1.4		2.7		0.310818
-1.4		2.8		0.547263
-1.4		2.9		0.403348
-1.3		-3		0.603942
-1.3		-2.9		0.420828
-1.3		-2.8		0.32632
-1.3		-2.7		0.477938
-1.3		-2.6		0.4437
-1.3		-2.5		0.370474
-1.3		-2.4		0.214114
-1.3		-2.3		0.335111
-1.3		-2.2		0.408375
-1.3		-2.1		0.28661
-1.3		-2		0.203063
-1.3		-1.9		0.344158
-1.3		-1.8		0.246638
-1.3		-1.7		0.240702
-1.3		-1.6		0.206518
-1.3		-1.5		0.185598
-1.3		-1.4		0.206208
-1.3		-1.3		0.200583
-1.3		-1.2		0.186606
-1.3		-1.1		0.209645
-1.3		-1		0.186571
-1.3		-0.9		0.188036
-1.3		-0.8		0.153736
-1.3		-0.7		0.172272
-1.3		-0.6		0.167027
-1.3		-0.5		0.15883
-1.3		-0.4		0.16591
-1.3		-0.3		0.17051
-1.3		-0.2		0.193672
-1.3		-0.1		0.250895
-1.3		1.52656e-15		0.3065
-1.3		0.1		0.223457
-1.3		0.2		0.183611
-1.3		0.3		0.155002
-1.3		0.4		0.170449
-1.3		0.5		0.160087
-1.3		0.6		0.173105
-1.3		0.7		0.159773
-1.3		0.8		0.151632
-1.3		0.9		0.183818
-1.3		1		0.159451
-1.3		1.1		0.209318
-1.3		1.2		0.225552
-1.3		1.3		0.221372
-1.3		1.4		0.202371
-1.3		1.5		0.232613
-1.3		1.6		0.238446
-1.3		1.7		0.247809
-1.3		1.8		0.254044
-1.3		1.9		0.31535
-1.3		2		0.202594
-1.3		2.1		0.311354
-1.3		2.2		0.31272
-1.3		2.3		0.363621
-1.3		2.4		0.445398
-1.3		2.5		0.347097
-1.3		2.6		0.266014
-1.3		2.7		0.397239
-1.3		2.8		0.411061
-1.3		2.9		0.567045
-1.2		-3		0.404457
-1.2		-2.9		0.383632
-1.2		-2.8		0.320211
-1.2		-2.7		0.55993
-1.2		-2.6		0.258474
-1.2		-2.5		0.442958
-1.2		-2.4		0.465035
-1.2		-2.3		0.417327
-1.2		-2.2		0.421156
-1.2		-2.1		0.341127
-1.2		-2		0.199866
-1.2		-1.9		0.33768
-1.2		-1.8		0.2655
-1.2		-1.7		0.275655
-1.2		-1.6		0.305438
-1.2		-1.5		0.214986
-1.2		-1.4		0.19737
-1.2		-1.3		0.228004
-1.2		-1.2		0.199825
-1.2		-1.1		0.193624
-1.2		-1		0.168802
-1.2		-0.9		0.178563
-1.2		-0.8		0.174983
-1.2		-0.7		0.163424
-1.2		-0.6		0.140703
-1.2		-0.5		0.130243
-1.2		-0.4		0.15986
-1.2		-0.3		0.162978
-1.2		-0.2		0.173374
-1.2		-0.1		0.222624
-1.2		1.52656e-15		0.297954
-1.2		0.1		0.214589
-1.2		0.2		0.192731
-1.2		0.3		0.178887
-1.2		0.4		0.176952
-1.2		0.5		0.14255
-1.2		0.6		0.162086
-1.2		0.7		0.130851
-1.2		0.8		0.175568
-1.2		0.9		0.171846
-1.2		1		0.233122
-1.2		1.1		0.190194
-1.2		1.2		0.19236
-1.2		1.3		0.20144
-1.2		1.4		0.199892
-1.2		1.5		0.256653
-1.2		1.6		0.215501
-1.2		1.7		0.214404
-1.2		1.8		0.277025
-1.2		1.9		0.238483
-1.2		2		0.391204
-1.2		2.1		0.341464
-1.2		2.2		0.286456
-1.2		2.3		0.414431
-1.2		2.4		0.400788
-1.2		2.5		0.454221
-1.2		2.6		0.371663
-1.2		2.7		0.429429
-1.2		2.8		0.431569
-1.2		2.9		0.581125
-1.1		-3		0.446312
-1.1		-2.9		0.526903
-1.1		-2.8		0.33004
-1.1		-2.7		0.355672
-1.1		-2.6		0.338061
-1.1		-2.5		0.47006
-1.1		-2.4		0.429868
-1.1		-2.3		0.450643
-1.1		-2.2		0.282904
-1.1		-2.1		0.324727
-1.1		-2		0.239179
-1.1		-1.9		0.267308
-1.1		-1.8		0.254104
-1.1		-1.7		0.333021
-1.1		-1.6		0.309603
-1.1		-1.5		0.274022
-1.1		-1.4		0.234954
-1.1		-1.3		0.209786
-1.1		-1.2		0.196191
-1.1		-1.1		0.233719
-1.1		-1		0.178741
-1.1		-0.9		0.185546
-1.1		-0.8		0.156576
-1.1		-0.7		0.196855
-1.1		-0.6		0.135313
-1.1		-0.5		0.154012
-1.1		-0.4		0.144846
-1.1		-0.3		0.153154
-1.1		-0.2		0.163748
-1.1		-0.1		0.199803
-1.1		1.52656e-15		0.303868
-1.1		0.1		0.208337
-1.1		0.2		0.176787
-1.1		0.3		0.162003
-1.1		0.4		0.158361
-1.1		0.5		0.161013
-1.1		0.6		0.165833
-1.1		0.7		0.157243
-1.1		0.8		0.181904
-1.1		0.9		0.180754
-1.1		1		0.22608
-1.1		1.1		0.198574
-1.1		1.2		0.219122
-1.1		1.3		0.196301
-1.1		1.4		0.27225
-1.1		1.5		0.287313
-1.1		1.6		0.257212
-1.1		1.7		0.346923
-1.1		1.8		0.292343
-1.1		1.9		0.351981
-1.1		2		0.369304
-1.1		2.1		0.47117
-1.1		2.2		0.287464
-1.1		2.3		0.278476
-1.1		2.4		0.288214
-1.1		2.5		0.305201
-1.1		2.6		0.37232
-1.1		2.7		0.393676
-1.1		2.8		0.468554
-1.1		2.9		0.439592
-1		-3		0.368852
-1		-2.9		0.324088
-1		-2.8		0.380468
-1		-2.7		0.445879
-1		-2.6		0.412052
-1		-2.5		0.37603
-1		-2.4		0.424497
-1		-2.3		0.442768
-1		-2.2		0.317406
-1		-2.1		0.350828
-1		-2		0.210721
-1		-1.9		0.358146
-1		-1.8		0.254661
-1		-1.7		0.270436
-1		-1.6		0.254921
-1		-1.5		0.295026
-1		-1.4		0.236203
-1		-1.3		0.257465
-1		-1.2		0.216189
-1		-1.1		0.228763
-1		-1		0.162875
-1		-0.9		0.19015
-1		-0.8		0.188918
-1		-0.7		0.146291
-1		-0.6		0.144916
-1		-0.5		0.171687
-1		-0.4		0.145544
-1		-0.3		0.188084
-1		-0.2		0.167557
-1		-0.1		0.234927
-1		1.52656e-15		0.283204
-1		0.1		0.212564
-1		0.2		0.183932
-1		0.3		0.133463
-1		0.4		0.135007
-1		0.5		0.146058
-1		0.6		0.16427
-1		0.7		0.174656
-1		0.8		0.161543
-1		0.9		0.169138
-1		1		0.190324
-1		1.1		0.201733
-1		1.2		0.193267
-1		1.3		0.161085
-1		1.4		0.19429
-1		1.5		0.276099
-1		1.6		0.163285
-1		1.7		0.229344
-1		1.8		0.307415
-1		1.9		0.236607
-1		2		0.297886
-1		2.1		0.342202
-1		2.2		0.395809
-1		2.3		0.533085
-1		2.4		0.445091
-1		2.5		0.341248
-1		2.6		0.548037
-1		2.7		0.365539
-1		2.8		0.388854
-1		2.9		0.470628
-0.9		-3		0.592423
-0.9		-2.9		0.451644
-0.9		-2.8		0.413985
-0.9		-2.7		0.322731
-0.9		-2.6		0.394597
-0.9		-2.5		0.409257
-0.9		-2.4		0.426434
-0.9		-2.3		0.278362
-0.9		-2.2		0.267488
-0.9		-2.1		0.34259
-0.9		-2		0.409676
-0.9		-1.9		0.295982
-0.9		-1.8		0.295012
-0.9		-1.7		0.278544
-0.9		-1.6		0.259525
-0.9		-1.5		0.362278
-0.9		-1.4		0.268398
-0.9		-1.3		0.167627
-0.9		-1.2		0.26892
-0.9		-1.1		0.194386
-0.9		-1		0.242056
-0.9		-0.9		0.152265
-0.9		-0.8		0.168573
-0.9		-0.7		0.145254
-0.9		-0.6		0.148265
-0.9		-0.5		0.159009
-0.9		-0.4		0.168482
-0.9		-0.3		0.146016
-0.9		-0.2		0.165355
-0.9		-0.1		0.17949
-0.9		1.52656e-15		0.308186
-0.9		0.1		0.230134
-0.9		0.2		0.153697
-0.9		0.3		0.162134
-0.9		0.4		0.167372
-0.9		0.5		0.177636
-0.9		0.6		0.162073
-0.9		0.7		0.196835
-0.9		0.8		0.184442
-0.9		0.9		0.204533
-0.9		1		0.206976
-0.9		1.1		0.252842
-0.9		1.2		0.165034
-0.9		1.3		0.319954
-0.9		1.4		0.278063
-0.9		1.5		0.294435
-0.9		1.6		0.265309
-0.9		1.7		0.165366
-0.9		1.8		0.34724
-0.9		1.9		0.201085
-0.9		2		0.304027
-0.9		2.1		0.338983
-0.9		2.2		0.412307
-0.9		2.3		0.294098
-0.9		2.4		0.379446
-0.9		2.5		0.393254
-0.9		2.6		0.280351
-0.9		2.7		0.41468
-0.9		2.8		0.538941
-0.9		2.9		0.308052
-0.8		-3		0.448207
-0.8		-2.9		0.499471
-0.8		-2.8		0.347788
-0.8		-2.7		0.527535
-0.8		-2.6		0.319843
-0.8		-2.5		0.333199
-0.8		-2.4		0.36346
-0.8		-2.3		0.429939
-0.8		-2.2		0.44237
-0.8		-2.1		0.312191
-0.8		-2		0.29759
-0.8		-1.9		0.307431
-0.8		-1.8		0.306277
-0.8		-1.7		0.286568
-0.8		-1.6		0.24936
-0.8		-1.5		0.272594
-0.8		-1.4		0.298765
-0.8		-1.3		0.285265
-0.8		-1.2		0.246548
-0.8		-1.1		0.254887
-0.8		-1		0.24595
-0.8		-0.9		0.199898
-0.8		-0.8		0.152954
-0.8		-0.7		0.159879
-0.8		-0.6		0.20134
-0.8		-0.5		0.205488
-0.8		-0.4		0.14805
-0.8		-0.3		0.166936
-0.8		-0.2		0.162234
-0.8		-0.1		0.206822
-0.8		1.52656e-15		0.281934
-0.8		0.1		0.200399
-0.8		0.2		0.143831
-0.8		0.3		0.147023
-0.8		0.4		0.152933
-0.8		0.5		0.171623
-0.8		0.6		0.206696
-0.8		0.7		0.218465
-0.8		0.8		0.195654
-0.8		0.9		0.185005
-0.8		1		0.284175
-0.8		1.1		0.248806
-0.8		1.2		0.262408
-0.8		1.3		0.248624
-0.8		1.4		0.319738
-0.8		1.5		0.215711
-0.8		1.6		0.254393
-0.8		1.7		0.305881
-0.8		1.8		0.322263
-0.8		1.9		0.349575
-0.8		2		0.300888
-0.8		2.1		0.341882
-0.8		2.2		0.460072
-0.8		2.3		0.29107
-0.8		2.4		0.462935
-0.8		2.5		0.32529
-0.8		2.6		0.428799
-0.8		2.7		0.358975
-0.8		2.8		0.438306
-0.8		2.9		0.408654
-0.7		-3		0.522069
-0.7		-2.9		0.572849
-0.7		-2.8		0.428303
-0.7		-2.7		0.375386
-0.7		-2.6		0.381459
-0.7		-2.5		0.414966
-0.7		-2.4		0.384771
-0.7		-2.3		0.382092
-0.7		-2.2		0.41455
-0.7		-2.1		0.456356
-0.7		-2		0.304734
-0.7		-1.9		0.334456
-0.7		-1.8		0.310084
-0.7		-1.7		0.37188
-0.7		-1.6		0.386306
-0.7		-1.5		0.329779
-0.7		-1.4		0.24802
-0.7		-1.3		0.275751
-0.7		-1.2		0.251875
-0.7		-1.1		0.263938
-0.7		-1		0.253452
-0.7		-0.9		0.289345
-0.7		-0.8		0.222611
-0.7		-0.7		0.207059
-0.7		-0.6		0.231917
-0.7		-0.5		0.189649
-0.7		-0.4		0.176489
-0.7		-0.3		0.184368
-0.7		-0.2		0.172739
-0.7		-0.1		0.18871
-0.7		1.52656e-15		0.206451
-0.7		0.1		0.183423
-0.7		0.2		0.16847
-0.7		0.3		0.164586
-0.7		0.4		0.190066
-0.7		0.5		0.175314
-0.7		0.6		0.190528
-0.7		0.7		0.202262
-0.7		0.8		0.212265
-0.7		0.9		0.213464
-0.7		1		0.224159
-0.7		1.1		0.201528
-0.7		1.2		0.300916
-0.7		1.3		0.276598
-0.7		1.4		0.304876
-0.7		1.5		0.251484
-0.7		1.6		0.287983
-0.7		1.7		0.284846
-0.7		1.8		0.387843
-0.7		1.9		0.277642
-0.7		2		0.533933
-0.7		2.1		0.472806
-0.7		2.2		0.284508
-0.7		2.3		0.304528
-0.7		2.4		0.373067
-0.7		2.5		0.271441
-0.7		2.6		0.457445
-0.7		2.7		0.43204
-0.7		2.8		0.561893
-0.7		2.9		0.475418
-0.6		-3		0.385477
-0.6		-2.9		0.52636
-0.6		-2.8		0.450202
-0.6		-2.7		0.331366
-0.6		-2.6		0.384847
-0.6		-2.5		0.38006
-0.6		-2.4		0.377931
-0.6		-2.3		0.555166
-0.6		-2.2		0.341145
-0.6		-2.1		0.492775
-0.6		-2		0.448135
-0.6		-1.9		0.304186
-0.6		-1.8		0.286305
-0.6		-1.7		0.361229
-0.6		-1.6		0.355678
-0.6		-1.5		0.342112
-0.6		-1.4		0.262134
-0.6		-1.3		0.203402
-0.6		-1.2		0.43925
-0.6		-1.1		0.339921
-0.6		-1		0.303766
-0.6		-0.9		0.154756
-0.6		-0.8		0.240856
-0.6		-0.7		0.236341
-0.6		-0.6		0.226073
-0.6		-0.5		0.219983
-0.6		-0.4		0.245871
-0.6		-0.3		0.248126
-0.6		-0.2		0.211117
-0.6		-0.1		0.251628
-0.6		1.52656e-15		0.214788
-0.6		0.1		0.245141
-0.6		0.2		0.234189
-0.6		0.3		0.207112
-0.6		0.4		0.202012
-0.6		0.5		0.187254
-0.6		0.6		0.243726
-0.6		0.7		0.344119
-0.6		0.8		0.275598
-0.6		0.9		0.261308
-0.6		1		0.279775
-0.6		1.1		0.24064
-0.6		1.2		0.242118
-0.6		1.3		0.27176
-0.6		1.4		0.317282
-0.6		1.5		0.346933
-0.6		1.6		0.444075
-0.6		1.7		0.31884
-0.6		1.8		0.411979
-0.6		1.9		0.243786
-0.6		2		0.391097
-0.6		2.1		0.318913
-0.6		2.2		0.297969
-0.6		2.3		0.469331
-0.6		2.4		0.301445
-0.6		2.5		0.630272
-0.6		2.6		0.520295
-0.6		2.7		0.568099
-0.6		2.8		0.437711
-0.6		2.9		0.558699
-0.5		-3		0.322486
-0.5		-2.9		0.564375
-0.5		-2.8		0.301307
-0.5		-2.7		0.31228
-0.5		-2.6		0.456147
-0.5		-2.5		0.381607
-0.5		-2.4		0.337554
-0.5		-2.3		0.444238
-0.5		-2.2		0.274288
-0.5		-2.1		0.423603
-0.5		-2		0.390029
-0.5		-1.9		0.37498
-0.5		-1.8		0.297468
-0.5		-1.7		0.284101
-0.5		-1.6		0.475324
-0.5		-1.5		0.245909
-0.5		-1.4		0.25251
-0.5		-1.3		0.423512
-0.5		-1.2		0.369614
-0.5		-1.1		0.351385
-0.5		-1		0.379447
-0.5		-0.9		0.327014
-0.5		-0.8		0.337581
-0.5		-0.7		0.279989
-0.5		-0.6		0.388459
-0.5		-0.5		0.249822
-0.5		-0.4		0.279969
-0.5		-0.3		0.28468
-0.5		-0.2		0.274692
-0.5		-0.1		0.259888
-0.5		1.52656e-15		0.229932
-0.5		0.1		0.2189
-0.5		0.2		0.263651
-0.5		0.3		0.290835
-0.5		0.4		0.28894
-0.5		0.5		0.270175
-0.5		0.6		0.266328
-0.5		0.7		0.272503
-0.5		0.8		0.264397
-0.5		0.9		0.326893
-0.5		1		0.329394
-0.5		1.1		0.294856
-0.5		1.2		0.308317
-0.5		1.3		0.433029
-0.5		1.4		0.347364
-0.5		1.5		0.397474
-0.5		1.6		0.300399
-0.5		1.7		0.336385
-0.5		1.8		0.285449
-0.5		1.9		0.438874
-0.5		2		0.344044
-0.5		2.1		0.370106
-0.5		2.2		0.307748
-0.5		2.3		0.402369
-0.5		2.4		0.51508
-0.5		2.5		0.36948
-0.5		2.6		0.352302
-0.5		2.7		0.349766
-0.5		2.8		0.357868
-0.5		2.9		0.250037
-0.4		-3		0.327657
-0.4		-2.9		0.313225
-0.4		-2.8		0.673538
-0.4		-2.7		0.429113
-0.4		-2.6		0.669897
-0.4		-2.5		0.371445
-0.4		-2.4		0.320658
-0.4		-2.3		0.288898
-0.4		-2.2		0.326801
-0.4		-2.1		0.342816
-0.4		-2		0.274004
-0.4		-1.9		0.326088
-0.4		-1.8		0.342175
-0.4		-1.7		0.504487
-0.4		-1.6		0.272884
-0.4		-1.5		0.380888
-0.4		-1.4		0.519774
-0.4		-1.3		0.595536
-0.4		-1.2		0.261979
-0.4		-1.1		0.341056
-0.4		-1		0.468564
-0.4		-0.9		0.294374
-0.4		-0.8		0.432533
-0.4		-0.7		0.396726
-0.4		-0.6		0.361574
-0.4		-0.5		0.30751
-0.4		-0.4		0.317606
-0.4		-0.3		0.408641
-0.4		-0.2		0.317894
-0.4		-0.1		0.263401
-0.4		1.52656e-15		0.173138
-0.4		0.1		0.275925
-0.4		0.2		0.305688
-0.4		0.3		0.345014
-0.4		0.4		0.442137
-0.4		0.5		0.335231
-0.4		0.6		0.341794
-0.4		0.7		0.304586
-0.4		0.8		0.543901
-0.4		0.9		0.286811
-0.4		1		0.383308
-0.4		1.1		0.228409
-0.4		1.2		0.425444
-0.4		1.3		0.281761
-0.4		1.4		0.30746
-0.4		1.5		0.285847
-0.4		1.6		0.259218
-0.4		1.7		0.314539
-0.4		1.8		0.288288
-0.4		1.9		0.653393
-0.4		2		0.565853
-0.4		2.1		0.384403
-0.4		2.2		0.46693
-0.4		2.3		0.547224
-0.4		2.4		0.407
-0.4		2.5		0.471882
-0.4		2.6		0.371507
-0.4		2.7		0.287124
-0.4		2.8		0.463251
-0.4		2.9		0.290197
-0.3		-3		0.758311
-0.3		-2.9		0.594421
-0.3		-2.8		0.512755
-0.3		-2.7		0.289341
-0.3		-2.6		0.829374
-0.3		-2.5		0.361705
-0.3		-2.4		0.350489
-0.3		-2.3		0.488613
-0.3		-2.2		0.190275
-0.3		-2.1		0.364318
-0.3		-2		0.401529
-0.3		-1.9		0.383985
-0.3		-1.8		0.256101
-0.3		-1.7		0.255551
-0.3		-1.6		0.59399
-0.3		-1.5		0.237053
-0.3		-1.4		0.210605
-0.3		-1.3		0.488524
-0.3		-1.2		0.213845
-0.3		-1.1		0.21142
-0.3		-1		0.204585
-0.3		-0.9		0.374641
-0.3		-0.8		0.216107
-0.3		-0.7		0.41295
-0.3		-0.6		0.446512
-0.3		-0.5		0.392134
-0.3		-0.4		0.361421
-0.3		-0.3		0.403605
-0.3		-0.2		0.371224
-0.3		-0.1		0.297434
-0.3		1.52656e-15		0.180799
-0.3		0.1		0.268104
-0.3		0.2		0.359716
-0.3		0.3		0.425387
-0.3		0.4		0.472307
-0.3		0.5		0.436096
-0.3		0.6		0.318158
-0.3		0.7		0.504554
-0.3		0.8		0.574707
-0.3		0.9		0.300063
-0.3		1		0.311515
-0.3		1.1		0.434336
-0.3		1.2		0.428187
-0.3		1.3		0.351238
-0.3		1.4		0.306252
-0.3		1.5		0.29357
-0.3		1.6		0.331588
-0.3		1.7		0.490448
-0.3		1.8		0.241497
-0.3		1.9		0.421423
-0.3		2		0.518485
-0.3		2.1		0.338475
-0.3		2.2		0.306446
-0.3		2.3		0.496408
-0.3		2.4		0.367242
-0.3		2.5		0.648585
-0.3		2.6		0.361583
-0.3		2.7		0.369234
-0.3		2.8		0.30162
-0.3		2.9		0.330517
-0.2		-3		0.184408
-0.2		-2.9		0.240689
-0.2		-2.8		0.611052
-0.2		-2.7		0.235346
-0.2		-2.6		0.309395
-0.2		-2.5		0.418587
-0.2		-2.4		0.199373
-0.2		-2.3		0.204208
-0.2		-2.2		0.340701
-0.2		-2.1		0.180383
-0.2		-2		0.178668
-0.2		-1.9		0.294308
-0.2		-1.8		0.328629
-0.2		-1.7		0.747415
-0.2		-1.6		0.197296
-0.2		-1.5		0.198466
-0.2		-1.4		0.356321
-0.2		-1.3		0.164542
-0.2		-1.2		0.811827
-0.2		-1.1		0.54608
-0.2		-1		0.224572
-0.2		-0.9		0.494321
-0.2		-0.8		0.202241
-0.2		-0.7		0.226813
-0.2		-0.6		0.379317
-0.2		-0.5		0.347593
-0.2		-0.4		0.657104
-0.2		-0.3		0.35963
-0.2		-0.2		0.443578
-0.2		-0.1		0.307968
-0.2		1.52656e-15		0.150722
-0.2		0.1		0.275125
-0.2		0.2		0.476388
-0.2		0.3		0.412073
-0.2		0.4		0.403723
-0.2		0.5		0.426348
-0.2		0.6		0.399532
-0.2		0.7		0.247419
-0.2		0.8		0.208131
-0.2		0.9		0.49266
-0.2		1		0.195423
-0.2		1.1		0.175321
-0.2		1.2		0.137428
-0.2		1.3		0.7272
-0.2		1.4		0.177786
-0.2		1.5		0.199113
-0.2		1.6		0.267331
-0.2		1.7		0.243536
-0.2		1.8		0.144723
-0.2		1.9		0.188713
-0.2		2		0.215828
-0.2		2.1		0.165195
-0.2		2.2		0.178237
-0.2		2.3		0.199747
-0.2		2.4		0.126081
-0.2		2.5		0.328018
-0.2		2.6		0.339237
-0.2		2.7		0.718295
-0.2		2.8		0.232185
-0.2		2.9		0.229854
-0.1		-3		0.0900277
-0.1		-2.9		0.100627
-0.1		-2.8		0.771314
-0.1		-2.7		0.254361
-0.1		-2.6		0.101113
-0.1		-2.5		0.102774
-0.1		-2.4		0.354383
-0.1		-2.3		0.137139
-0.1		-2.2		0.142965
-0.1		-2.1		0.106777
-0.1		-2		0.105753
-0.1		-1.9		0.0952357
-0.1		-1.8		0.123864
-0.1		-1.7		0.109001
-0.1		-1.6		0.569274
-0.1		-1.5		0.73978
-0.1		-1.4		0.103159
-0.1		-1.3		0.505802
-0.1		-1.2		0.0716241
-0.1		-1.1		0.159892
-0.1		-1		0.188798
-0.1		-0.9		0.245473
-0.1		-0.8		0.189577
-0.1		-0.7		0.416416
-0.1		-0.6		0.177211
-0.1		-0.5		0.280497
-0.1		-0.4		0.18777
-0.1		-0.3		0.4928
-0.1		-0.2		0.412494
-0.1		-0.1		0.506667
-0.1		1.52656e-15		0.156201
-0.1		0.1		0.4284
-0.1		0.2		0.57597
-0.1		0.3		0.267503
-0.1		0.4		0.214951
-0.1		0.5		0.556488
-0.1		0.6		0.733139
-0.1		0.7		0.153193
-0.1		0.8		0.673611
-0.1		0.9		0.418113
-0.1		1		0.165406
-0.1		1.1		0.17832
-0.1		1.2		0.0872419
-0.1		1.3		0.147042
-0.1		1.4		0.298327
-0.1		1.5		0.0991177
-0.1		1.6		0.112154
-0.1		1.7		0.235765
-0.1		1.8		0.473615
-0.1		1.9		0.094679
-0.1		2		0.169684
-0.1		2.1		0.708712
-0.1		2.2		0.0806905
-0.1		2.3		0.27626
-0.1		2.4		0.16737
-0.1		2.5		0.333832
-0.1		2.6		0.0987761
-0.1		2.7		0.0849785
-0.1		2.8		0.136727
-0.1		2.9		0.12653
6.38378e-16		-3		5.04897e-16
6.38378e-16		-2.9		6.07437e-16
6.38378e-16		-2.8		8.88008e-16
6.38378e-16		-2.7		6.59901e-15
6.38378e-16		-2.6		9.47757e-16
6.38378e-16		-2.5		2.95197e-15
6.38378e-16		-2.4		8.84506e-16
6.38378e-16		-2.3		1.99398e-15
6.38378e-16		-2.2		1.15995e-15
6.38378e-16		-2.1		4.41288e-16
6.38378e-16		-2		6.77873e-16
6.38378e-16		-1.9		6.86158e-16
6.38378e-16		-1.8		8.24175e-16
6.38378e-16		-1.7		9.30564e-16
6.38378e-16		-1.6		6.68052e-16
6.38378e-16		-1.5		1.42741e-14
6.38378e-16		-1.4		7.17424e-16
6.38378e-16		-1.3		7.21048e-16
6.38378e-16		-1.2		1.1884e-15
6.38378e-16		-1.1		1.57849e-14
6.38378e-16		-1		7.66918e-16
6.38378e-16		-0.9		2.01377e-15
6.38378e-16		-0.8		7.9232e-16
6.38378e-16		-0.7		1.31936e-15
6.38378e-16		-0.6		4.34822e-15
6.38378e-16		-0.5		2.84843e-15
6.38378e-16		-0.4		2.82655e-15
6.38378e-16		-0.3		2.44673e-15
6.38378e-16		-0.2		2.71003e-15
6.38378e-16		-0.1		1.59873e-13
6.38378e-16		1.52656e-15		0.2513
6.38378e-16		0.1		5.13927e-15
6.38378e-16		0.2		1.0319e-14
6.38378e-16		0.3		7.49172e-15
6.38378e-16		0.4		4.29064e-15
6.38378e-16		0.5		3.28462e-13
6.38378e-16		0.6		7.71283e-16
6.38378e-16		0.7		2.58215e-15
6.38378e-16		0.8		2.19513e-15
6.38378e-16		0.9		1.08948e-15
6.38378e-16		1		7.09899e-16
6.38378e-16		1.1		1.53747e-15
6.38378e-16		1.2		6.12741e-16
6.38378e-16		1.3		2.64833e-14
6.38378e-16		1.4		1.45607e-15
6.38378e-16		1.5		7.03896e-16
6.38378e-16		1.6		7.87174e-16
6.38378e-16		1.7		8.5805e-16
6.38378e-16		1.8		4.35119e-16
6.38378e-16		1.9		1.03674e-15
6.38378e-16		2		6.73642e-16
6.38378e-16		2.1		9.15549e-16
6.38378e-16		2.2		3.80929e-15
6.38378e-16		2.3		6.79932e-16
6.38378e-16		2.4		1.86161e-15
6.38378e-16		2.5		1.19357e-15
6.38378e-16		2.6		1.78896e-15
6.38378e-16		2.7		6.31105e-16
6.38378e-16		2.8		6.94711e-16
6.38378e-16		2.9		6.11919e-16
0.1		-3		0.513631
0.1		-2.9		0.335126
0.1		-2.8		0.0757139
0.1		-2.7		0.105478
0.1		-2.6		0.0972809
0.1		-2.5		0.26931
0.1		-2.4		0.126004
0.1		-2.3		0.160054
0.1		-2.2		0.10951
0.1		-2.1		0.410704
0.1		-2		0.150346
0.1		-1.9		0.0801364
0.1		-1.8		0.0768268
0.1		-1.7		0.38191
0.1		-1.6		0.102826
0.1		-1.5		0.0912126
0.1		-1.4		0.303062
0.1		-1.3		0.294296
0.1		-1.2		0.180592
0.1		-1.1		0.0848665
0.1		-1		0.152945
0.1		-0.9		0.153043
0.1		-0.8		0.444796
0.1		-0.7		0.135684
0.1		-0.6		0.391234
0.1		-0.5		0.20178
0.1		-0.4		0.457796
0.1		-0.3		0.395663
0.1		-0.2		0.550628
0.1		-0.1		0.465058
0.1		1.52656e-15		0.156201
0.1		0.1		0.3934
0.1		0.2		0.443476
0.1		0.3		0.239309
0.1		0.4		0.844648
0.1		0.5		0.157298
0.1		0.6		0.181384
0.1		0.7		0.116507
0.1		0.8		0.0863067
0.1		0.9		0.216559
0.1		1		0.216915
0.1		1.1		0.110003
0.1		1.2		0.129676
0.1		1.3		0.0830808
0.1		1.4		0.0653671
0.1		1.5		0.368629
0.1		1.6		0.122237
0.1		1.7		0.16591
0.1		1.8		0.237279
0.1		1.9		0.177822
0.1		2		0.075888
0.1		2.1		0.0947773
0.1		2.2		0.215861
0.1		2.3		0.0826634
0.1		2.4		0.436378
0.1		2.5		0.085767
0.1		2.6		0.173675
0.1		2.7		0.147851
0.1		2.8		0.382268
0.1		2.9		0.583612
0.2		-3		0.186062
0.2		-2.9		0.477918
0.2		-2.8		0.395165
0.2		-2.7		0.164615
0.2		-2.6		0.109613
0.2		-2.5		0.1737
0.2		-2.4		0.171192
0.2		-2.3		0.178102
0.2		-2.2		0.378526
0.2		-2.1		0.730961
0.2		-2		0.345219
0.2		-1.9		0.183098
0.2		-1.8		0.591045
0.2		-1.7		0.75087
0.2		-1.6		0.183882
0.2		-1.5		0.128243
0.2		-1.4		0.175938
0.2		-1.3		0.192296
0.2		-1.2		0.526321
0.2		-1.1		0.146586
0.2		-1		0.410306
0.2		-0.9		0.2872
0.2		-0.8		0.249562
0.2		-0.7		0.428225
0.2		-0.6		0.218519
0.2		-0.5		0.424378
0.2		-0.4		0.607727
0.2		-0.3		0.620595
0.2		-0.2		0.341808
0.2		-0.1		0.287886
0.2		1.52656e-15		0.150722
0.2		0.1		0.297588
0.2		0.2		0.38288
0.2		0.3		0.473277
0.2		0.4		0.606562
0.2		0.5		0.420234
0.2		0.6		0.272836
0.2		0.7		0.2511
0.2		0.8		0.301852
0.2		0.9		0.274545
0.2		1		0.335707
0.2		1.1		0.183271
0.2		1.2		0.425696
0.2		1.3		0.129474
0.2		1.4		0.332628
0.2		1.5		0.493767
0.2		1.6		0.605808
0.2		1.7		0.18219
0.2		1.8		0.319503
0.2		1.9		0.297498
0.2		2		0.19065
0.2		2.1		0.410549
0.2		2.2		0.154302
0.2		2.3		0.372181
0.2		2.4		0.273642
0.2		2.5		0.637646
0.2		2.6		0.182413
0.2		2.7		0.204024
0.2		2.8		0.250469
0.2		2.9		0.138841
0.3		-3		0.445627
0.3		-2.9		0.296374
0.3		-2.8		0.25738
0.3		-2.7		0.336812
0.3		-2.6		0.358736
0.3		-2.5		0.312956
0.3		-2.4		0.22553
0.3		-2.3		0.451703
0.3		-2.2		0.314809
0.3		-2.1		0.257969
0.3		-2		0.476685
0.3		-1.9		0.282278
0.3		-1.8		0.339352
0.3		-1.7		0.721808
0.3		-1.6		0.340978
0.3		-1.5		0.520975
0.3		-1.4		0.25191
0.3		-1.3		0.653342
0.3		-1.2		0.251121
0.3		-1.1		0.520245
0.3		-1		0.63189
0.3		-0.9		0.211683
0.3		-0.8		0.460959
0.3		-0.7		0.440619
0.3		-0.6		0.38407
0.3		-0.5		0.328626
0.3		-0.4		0.524925
0.3		-0.3		0.339944
0.3		-0.2		0.357874
0.3		-0.1		0.304561
0.3		1.52656e-15		0.180799
0.3		0.1		0.252244
0.3		0.2		0.371054
0.3		0.3		0.40845
0.3		0.4		0.468445
0.3		0.5		0.447652
0.3		0.6		0.353728
0.3		0.7		0.521757
0.3		0.8		0.216729
0.3		0.9		0.585493
0.3		1		0.292287
0.3		1.1		0.243292
0.3		1.2		0.161894
0.3		1.3		0.299043
0.3		1.4		0.255041
0.3		1.5		0.647053
0.3		1.6		0.344322
0.3		1.7		0.387069
0.3		1.8		0.36039
0.3		1.9		0.233501
0.3		2		0.318739
0.3		2.1		0.337434
0.3		2.2		0.268417
0.3		2.3		0.298309
0.3		2.4		0.338226
0.3		2.5		0.222056
0.3		2.6		0.251233
0.3		2.7		0.218653
0.3		2.8		0.267811
0.3		2.9		0.269481
0.4		-3		0.525485
0.4		-2.9		0.299386
0.4		-2.8		0.421404
0.4		-2.7		0.367784
0.4		-2.6		0.303632
0.4		-2.5		0.25707
0.4		-2.4		0.430936
0.4		-2.3		0.328119
0.4		-2.2		0.317556
0.4		-2.1		0.326158
0.4		-2		0.70044
0.4		-1.9		0.373214
0.4		-1.8		0.219304
0.4		-1.7		0.253801
0.4		-1.6		0.384325
0.4		-1.5		0.488148
0.4		-1.4		0.3712
0.4		-1.3		0.240044
0.4		-1.2		0.430749
0.4		-1.1		0.253215
0.4		-1		0.283937
0.4		-0.9		0.288731
0.4		-0.8		0.418379
0.4		-0.7		0.349175
0.4		-0.6		0.393734
0.4		-0.5		0.405189
0.4		-0.4		0.451415
0.4		-0.3		0.335285
0.4		-0.2		0.342778
0.4		-0.1		0.277801
0.4		1.52656e-15		0.173138
0.4		0.1		0.297427
0.4		0.2		0.339783
0.4		0.3		0.32951
0.4		0.4		0.290514
0.4		0.5		0.285307
0.4		0.6		0.351398
0.4		0.7		0.280351
0.4		0.8		0.301699
0.4		0.9		0.220032
0.4		1		0.337244
0.4		1.1		0.289174
0.4		1.2		0.435241
0.4		1.3		0.488459
0.4		1.4		0.328543
0.4		1.5		0.316701
0.4		1.6		0.312495
0.4		1.7		0.289066
0.4		1.8		0.389612
0.4		1.9		0.310611
0.4		2		0.246598
0.4		2.1		0.228803
0.4		2.2		0.586042
0.4		2.3		0.417675
0.4		2.4		0.314525
0.4		2.5		0.290145
0.4		2.6		0.337643
0.4		2.7		0.266464
0.4		2.8		0.402394
0.4		2.9		0.44934
0.5		-3		0.333781
0.5		-2.9		0.303754
0.5		-2.8		0.3591
0.5		-2.7		0.343033
0.5		-2.6		0.56054
0.5		-2.5		0.317088
0.5		-2.4		0.389677
0.5		-2.3		0.360254
0.5		-2.2		0.356132
0.5		-2.1		0.653799
0.5		-2		0.40384
0.5		-1.9		0.349407
0.5		-1.8		0.424314
0.5		-1.7		0.496188
0.5		-1.6		0.295636
0.5		-1.5		0.427894
0.5		-1.4		0.302455
0.5		-1.3		0.217291
0.5		-1.2		0.249955
0.5		-1.1		0.376873
0.5		-1		0.277331
0.5		-0.9		0.356666
0.5		-0.8		0.30614
0.5		-0.7		0.406906
0.5		-0.6		0.319182
0.5		-0.5		0.358157
0.5		-0.4		0.285833
0.5		-0.3		0.278826
0.5		-0.2		0.263283
0.5		-0.1		0.27507
0.5		1.52656e-15		0.229932
0.5		0.1		0.275991
0.5		0.2		0.278313
0.5		0.3		0.282992
0.5		0.4		0.287379
0.5		0.5		0.275036
0.5		0.6		0.325631
0.5		0.7		0.389761
0.5		0.8		0.291631
0.5		0.9		0.341455
0.5		1		0.554821
0.5		1.1		0.340447
0.5		1.2		0.375709
0.5		1.3		0.505489
0.5		1.4		0.449414
0.5		1.5		0.335171
0.5		1.6		0.267486
0.5		1.7		0.299016
0.5		1.8		0.453388
0.5		1.9		0.374074
0.5		2		0.338863
0.5		2.1		0.468399
0.5		2.2		0.336734
0.5		2.3		0.363887
0.5		2.4		0.319157
0.5		2.5		0.644595
0.5		2.6		0.287042
0.5		2.7		0.300763
0.5		2.8		0.499988
0.5		2.9		0.30658
0.6		-3		0.492556
0.6		-2.9		0.429292
0.6		-2.8		0.536082
0.6		-2.7		0.429546
0.6		-2.6		0.366985
0.6		-2.5		0.409291
0.6		-2.4		0.405959
0.6		-2.3		0.444008
0.6		-2.2		0.369325
0.6		-2.1		0.352285
0.6		-2		0.338132
0.6		-1.9		0.393518
0.6		-1.8		0.382496
0.6		-1.7		0.345179
0.6		-1.6		0.447181
0.6		-1.5		0.292318
0.6		-1.4		0.297061
0.6		-1.3		0.457935
0.6		-1.2		0.276256
0.6		-1.1		0.287754
0.6		-1		0.218231
0.6		-0.9		0.26933
0.6		-0.8		0.270069
0.6		-0.7		0.283365
0.6		-0.6		0.18273
0.6		-0.5		0.206223
0.6		-0.4		0.235741
0.6		-0.3		0.205336
0.6		-0.2		0.228476
0.6		-0.1		0.23692
0.6		1.52656e-15		0.214788
0.6		0.1		0.230929
0.6		0.2		0.230752
0.6		0.3		0.212642
0.6		0.4		0.213993
0.6		0.5		0.234167
0.6		0.6		0.253539
0.6		0.7		0.335986
0.6		0.8		0.283428
0.6		0.9		0.288856
0.6		1		0.291345
0.6		1.1		0.336146
0.6		1.2		0.388839
0.6		1.3		0.340297
0.6		1.4		0.216713
0.6		1.5		0.267767
0.6		1.6		0.31348
0.6		1.7		0.546
0.6		1.8		0.348066
0.6		1.9		0.257225
0.6		2		0.490268
0.6		2.1		0.244634
0.6		2.2		0.538062
0.6		2.3		0.44863
0.6		2.4		0.399504
0.6		2.5		0.311724
0.6		2.6		0.290252
0.6		2.7		0.36709
0.6		2.8		0.527567
0.6		2.9		0.374458
0.7		-3		0.284254
0.7		-2.9		0.29285
0.7		-2.8		0.457217
0.7		-2.7		0.436952
0.7		-2.6		0.369728
0.7		-2.5		0.406281
0.7		-2.4		0.289914
0.7		-2.3		0.419284
0.7		-2.2		0.363947
0.7		-2.1		0.391586
0.7		-2		0.478045
0.7		-1.9		0.354368
0.7		-1.8		0.285548
0.7		-1.7		0.374185
0.7		-1.6		0.305703
0.7		-1.5		0.362868
0.7		-1.4		0.307101
0.7		-1.3		0.300592
0.7		-1.2		0.220859
0.7		-1.1		0.275178
0.7		-1		0.22747
0.7		-0.9		0.241431
0.7		-0.8		0.201745
0.7		-0.7		0.244964
0.7		-0.6		0.193175
0.7		-0.5		0.184228
0.7		-0.4		0.195555
0.7		-0.3		0.187466
0.7		-0.2		0.18846
0.7		-0.1		0.206644
0.7		1.52656e-15		0.206451
0.7		0.1		0.199699
0.7		0.2		0.186755
0.7		0.3		0.198168
0.7		0.4		0.18993
0.7		0.5		0.207153
0.7		0.6		0.208167
0.7		0.7		0.25015
0.7		0.8		0.284179
0.7		0.9		0.214891
0.7		1		0.217444
0.7		1.1		0.307718
0.7		1.2		0.285681
0.7		1.3		0.187714
0.7		1.4		0.296753
0.7		1.5		0.329239
0.7		1.6		0.408423
0.7		1.7		0.369203
0.7		1.8		0.351107
0.7		1.9		0.285066
0.7		2		0.317725
0.7		2.1		0.292024
0.7		2.2		0.532361
0.7		2.3		0.47905
0.7		2.4		0.333202
0.7		2.5		0.362026
0.7		2.6		0.460591
0.7		2.7		0.622446
0.7		2.8		0.431717
0.7		2.9		0.499491
0.8		-3		0.355177
0.8		-2.9		0.462245
0.8		-2.8		0.427196
0.8		-2.7		0.337607
0.8		-2.6		0.331751
0.8		-2.5		0.325663
0.8		-2.4		0.314526
0.8		-2.3		0.456002
0.8		-2.2		0.377391
0.8		-2.1		0.396028
0.8		-2		0.295742
0.8		-1.9		0.333682
0.8		-1.8		0.292671
0.8		-1.7		0.278981
0.8		-1.6		0.312984
0.8		-1.5		0.353626
0.8		-1.4		0.266526
0.8		-1.3		0.314363
0.8		-1.2		0.24845
0.8		-1.1		0.213654
0.8		-1		0.218039
0.8		-0.9		0.214166
0.8		-0.8		0.198614
0.8		-0.7		0.170389
0.8		-0.6		0.199065
0.8		-0.5		0.182325
0.8		-0.4		0.132853
0.8		-0.3		0.173819
0.8		-0.2		0.150347
0.8		-0.1		0.198163
0.8		1.52656e-15		0.281934
0.8		0.1		0.209545
0.8		0.2		0.154562
0.8		0.3		0.196765
0.8		0.4		0.168448
0.8		0.5		0.168591
0.8		0.6		0.172917
0.8		0.7		0.187302
0.8		0.8		0.191221
0.8		0.9		0.233901
0.8		1		0.253197
0.8		1.1		0.216217
0.8		1.2		0.208991
0.8		1.3		0.326862
0.8		1.4		0.257174
0.8		1.5		0.373431
0.8		1.6		0.249966
0.8		1.7		0.26079
0.8		1.8		0.366511
0.8		1.9		0.335198
0.8		2		0.364586
0.8		2.1		0.290254
0.8		2.2		0.365317
0.8		2.3		0.373264
0.8		2.4		0.382626
0.8		2.5		0.436924
0.8		2.6		0.38944
0.8		2.7		0.456182
0.8		2.8		0.485853
0.8		2.9		0.323382
0.9		-3		0.342579
0.9		-2.9		0.401169
0.9		-2.8		0.346219
0.9		-2.7		0.431234
0.9		-2.6		0.336848
0.9		-2.5		0.257582
0.9		-2.4		0.444622
0.9		-2.3		0.337344
0.9		-2.2		0.340664
0.9		-2.1		0.204527
0.9		-2		0.207761
0.9		-1.9		0.347082
0.9		-1.8		0.405627
0.9		-1.7		0.328219
0.9		-1.6		0.243878
0.9		-1.5		0.266395
0.9		-1.4		0.260409
0.9		-1.3		0.228773
0.9		-1.2		0.166726
0.9		-1.1		0.216443
0.9		-1		0.226549
0.9		-0.9		0.180833
0.9		-0.8		0.162313
0.9		-0.7		0.182232
0.9		-0.6		0.191048
0.9		-0.5		0.18517
0.9		-0.4		0.174597
0.9		-0.3		0.152927
0.9		-0.2		0.130558
0.9		-0.1		0.193532
0.9		1.52656e-15		0.308186
0.9		0.1		0.23973
0.9		0.2		0.163561
0.9		0.3		0.143503
0.9		0.4		0.144333
0.9		0.5		0.172732
0.9		0.6		0.168119
0.9		0.7		0.158547
0.9		0.8		0.201399
0.9		0.9		0.205926
0.9		1		0.249991
0.9		1.1		0.190676
0.9		1.2		0.210275
0.9		1.3		0.189346
0.9		1.4		0.281069
0.9		1.5		0.360215
0.9		1.6		0.327524
0.9		1.7		0.305453
0.9		1.8		0.24591
0.9		1.9		0.31516
0.9		2		0.193315
0.9		2.1		0.373222
0.9		2.2		0.385837
0.9		2.3		0.445611
0.9		2.4		0.40331
0.9		2.5		0.451353
0.9		2.6		0.620389
0.9		2.7		0.478506
0.9		2.8		0.460589
0.9		2.9		0.473142
1		-3		0.809916
1		-2.9		0.545142
1		-2.8		0.490972
1		-2.7		0.384202
1		-2.6		0.359178
1		-2.5		0.388268
1		-2.4		0.395516
1		-2.3		0.377259
1		-2.2		0.334299
1		-2.1		0.302259
1		-2		0.291465
1		-1.9		0.323818
1		-1.8		0.254701
1		-1.7		0.310832
1		-1.6		0.250943
1		-1.5		0.240935
1		-1.4		0.195071
1		-1.3		0.227775
1		-1.2		0.273729
1		-1.1		0.201139
1		-1		0.213659
1		-0.9		0.199227
1		-0.8		0.174839
1		-0.7		0.155694
1		-0.6		0.154817
1		-0.5		0.153857
1		-0.4		0.151606
1		-0.3		0.15622
1		-0.2		0.146373
1		-0.1		0.224475
1		1.52656e-15		0.283204
1		0.1		0.197771
1		0.2		0.164209
1		0.3		0.139478
1		0.4		0.12322
1		0.5		0.138783
1		0.6		0.176255
1		0.7		0.174047
1		0.8		0.164053
1		0.9		0.19728
1		1		0.202386
1		1.1		0.209028
1		1.2		0.263644
1		1.3		0.252056
1		1.4		0.193771
1		1.5		0.309379
1		1.6		0.187773
1		1.7		0.304815
1		1.8		0.30417
1		1.9		0.319184
1		2		0.317107
1		2.1		0.378222
1		2.2		0.219935
1		2.3		0.22134
1		2.4		0.464725
1		2.5		0.425794
1		2.6		0.349794
1		2.7		0.577771
1		2.8		0.369156
1		2.9		0.450133
1.1		-3		0.33786
1.1		-2.9		0.332384
1.1		-2.8		0.456213
1.1		-2.7		0.269042
1.1		-2.6		0.478118
1.1		-2.5		0.295188
1.1		-2.4		0.268993
1.1		-2.3		0.427545
1.1		-2.2		0.355351
1.1		-2.1		0.310476
1.1		-2		0.265821
1.1		-1.9		0.40949
1.1		-1.8		0.322397
1.1		-1.7		0.273116
1.1		-1.6		0.296761
1.1		-1.5		0.246642
1.1		-1.4		0.201421
1.1		-1.3		0.209195
1.1		-1.2		0.222771
1.1		-1.1		0.141299
1.1		-1		0.180246
1.1		-0.9		0.17658
1.1		-0.8		0.16166
1.1		-0.7		0.135323
1.1		-0.6		0.170873
1.1		-0.5		0.175007
1.1		-0.4		0.174358
1.1		-0.3		0.158872
1.1		-0.2		0.165506
1.1		-0.1		0.212222
1.1		1.52656e-15		0.303868
1.1		0.1		0.223914
1.1		0.2		0.196713
1.1		0.3		0.157602
1.1		0.4		0.149616
1.1		0.5		0.171599
1.1		0.6		0.167727
1.1		0.7		0.152233
1.1		0.8		0.191444
1.1		0.9		0.186808
1.1		1		0.169071
1.1		1.1		0.187104
1.1		1.2		0.208813
1.1		1.3		0.22876
1.1		1.4		0.24569
1.1		1.5		0.254736
1.1		1.6		0.287046
1.1		1.7		0.276125
1.1		1.8		0.246224
1.1		1.9		0.330809
1.1		2		0.30554
1.1		2.1		0.334882
1.1		2.2		0.250285
1.1		2.3		0.311171
1.1		2.4		0.36938
1.1		2.5		0.193012
1.1		2.6		0.356993
1.1		2.7		0.406962
1.1		2.8		0.284282
1.1		2.9		0.455197
1.2		-3		0.545721
1.2		-2.9		0.423893
1.2		-2.8		0.542654
1.2		-2.7		0.398079
1.2		-2.6		0.343716
1.2		-2.5		0.320951
1.2		-2.4		0.373741
1.2		-2.3		0.280763
1.2		-2.2		0.330009
1.2		-2.1		0.383887
1.2		-2		0.282151
1.2		-1.9		0.313647
1.2		-1.8		0.316298
1.2		-1.7		0.313536
1.2		-1.6		0.290714
1.2		-1.5		0.21463
1.2		-1.4		0.247239
1.2		-1.3		0.180007
1.2		-1.2		0.17822
1.2		-1.1		0.199264
1.2		-1		0.184327
1.2		-0.9		0.157795
1.2		-0.8		0.206896
1.2		-0.7		0.171268
1.2		-0.6		0.159201
1.2		-0.5		0.145598
1.2		-0.4		0.146153
1.2		-0.3		0.163738
1.2		-0.2		0.202624
1.2		-0.1		0.21369
1.2		1.52656e-15		0.297954
1.2		0.1		0.219834
1.2		0.2		0.194763
1.2		0.3		0.164438
1.2		0.4		0.150952
1.2		0.5		0.153558
1.2		0.6		0.155429
1.2		0.7		0.167833
1.2		0.8		0.171858
1.2		0.9		0.209934
1.2		1		0.215719
1.2		1.1		0.197076
1.2		1.2		0.18509
1.2		1.3		0.223481
1.2		1.4		0.188612
1.2		1.5		0.210496
1.2		1.6		0.223758
1.2		1.7		0.188702
1.2		1.8		0.202814
1.2		1.9		0.261542
1.2		2		0.245691
1.2		2.1		0.428097
1.2		2.2		0.360963
1.2		2.3		0.37324
1.2		2.4		0.395499
1.2		2.5		0.38011
1.2		2.6		0.436097
1.2		2.7		0.335302
1.2		2.8		0.335256
1.2		2.9		0.446578
1.3		-3		0.347011
1.3		-2.9		0.306717
1.3		-2.8		0.294477
1.3		-2.7		0.429678
1.3		-2.6		0.434599
1.3		-2.5		0.39012
1.3		-2.4		0.360355
1.3		-2.3		0.298542
1.3		-2.2		0.275515
1.3		-2.1		0.322995
1.3		-2		0.330836
1.3		-1.9		0.352423
1.3		-1.8		0.238927
1.3		-1.7		0.227321
1.3		-1.6		0.286099
1.3		-1.5		0.253135
1.3		-1.4		0.194609
1.3		-1.3		0.224765
1.3		-1.2		0.170482
1.3		-1.1		0.165468
1.3		-1		0.17436
1.3		-0.9		0.154704
1.3		-0.8		0.196109
1.3		-0.7		0.149751
1.3		-0.6		0.16214
1.3		-0.5		0.160421
1.3		-0.4		0.149208
1.3		-0.3		0.168953
1.3		-0.2		0.192027
1.3		-0.1		0.2571
1.3		1.52656e-15		0.3065
1.3		0.1		0.235507
1.3		0.2		0.191117
1.3		0.3		0.166563
1.3		0.4		0.158621
1.3		0.5		0.15374
1.3		0.6		0.156694
1.3		0.7		0.164703
1.3		0.8		0.185448
1.3		0.9		0.153903
1.3		1		0.214057
1.3		1.1		0.188515
1.3		1.2		0.224311
1.3		1.3		0.175966
1.3		1.4		0.241244
1.3		1.5		0.186088
1.3		1.6		0.218916
1.3		1.7		0.321701
1.3		1.8		0.23429
1.3		1.9		0.366967
1.3		2		0.295044
1.3		2.1		0.293919
1.3		2.2		0.29555
1.3		2.3		0.26001
1.3		2.4		0.452701
1.3		2.5		0.409521
1.3		2.6		0.461877
1.3		2.7		0.291362
1.3		2.8		0.399704
1.3		2.9		0.384413
1.4		-3		0.520016
1.4		-2.9		0.341463
1.4		-2.8		0.331048
1.4		-2.7		0.353568
1.4		-2.6		0.417106
1.4		-2.5		0.328034
1.4		-2.4		0.33329
1.4		-2.3		0.388139
1.4		-2.2		0.248123
1.4		-2.1		0.299094
1.4		-2		0.357383
1.4		-1.9		0.317115
1.4		-1.8		0.306717
1.4		-1.7		0.241208
1.4		-1.6		0.260146
1.4		-1.5		0.261493
1.4		-1.4		0.208069
1.4		-1.3		0.222304
1.4		-1.2		0.230917
1.4		-1.1		0.185622
1.4		-1		0.214041
1.4		-0.9		0.185291
1.4		-0.8		0.193213
1.4		-0.7		0.151366
1.4		-0.6		0.16505
1.4		-0.5		0.143235
1.4		-0.4		0.183458
1.4		-0.3		0.154977
1.4		-0.2		0.182934
1.4		-0.1		0.207829
1.4		1.52656e-15		0.256306
1.4		0.1		0.220425
1.4		0.2		0.207241
1.4		0.3		0.155588
1.4		0.4		0.176379
1.4		0.5		0.170046
1.4		0.6		0.161102
1.4		0.7		0.16031
1.4		0.8		0.166263
1.4		0.9		0.142249
1.4		1		0.17371
1.4		1.1		0.174706
1.4		1.2		0.194941
1.4		1.3		0.198477
1.4		1.4		0.201355
1.4		1.5		0.202168
1.4		1.6		0.273749
1.4		1.7		0.193349
1.4		1.8		0.269629
1.4		1.9		0.239942
1.4		2		0.217238
1.4		2.1		0.378206
1.4		2.2		0.297462
1.4		2.3		0.300298
1.4		2.4		0.311247
1.4		2.5		0.390483
1.4		2.6		0.421488
1.4		2.7		0.412883
1.4		2.8		0.481471
1.4		2.9		0.466435
1.5		-3		0.333947
1.5		-2.9		0.597006
1.5		-2.8		0.340145
1.5		-2.7		0.387931
1.5		-2.6		0.307882
1.5		-2.5		0.259134
1.5		-2.4		0.417356
1.5		-2.3		0.293248
1.5		-2.2		0.272967
1.5		-2.1		0.219176
1.5		-2		0.396671
1.5		-1.9		0.267638
1.5		-1.8		0.310442
1.5		-1.7		0.258376
1.5		-1.6		0.260139
1.5		-1.5		0.243827
1.5		-1.4		0.255305
1.5		-1.3		0.202332
1.5		-1.2		0.186597
1.5		-1.1		0.223593
1.5		-1		0.173556
1.5		-0.9		0.178435
1.5		-0.8		0.19373
1.5		-0.7		0.169325
1.5		-0.6		0.16313
1.5		-0.5		0.172275
1.5		-0.4		0.177234
1.5		-0.3		0.20355
1.5		-0.2		0.226937
1.5		-0.1		0.226382
1.5		1.52656e-15		0.26528
1.5		0.1		0.246994
1.5		0.2		0.173276
1.5		0.3		0.18256
1.5		0.4		0.190025
1.5		0.5		0.149391
1.5		0.6		0.149715
1.5		0.7		0.142093
1.5		0.8		0.156063
1.5		0.9		0.185075
1.5		1		0.17208
1.5		1.1		0.178764
1.5		1.2		0.213449
1.5		1.3		0.209376
1.5		1.4		0.236023
1.5		1.5		0.239736
1.5		1.6		0.203403
1.5		1.7		0.223599
1.5		1.8		0.253996
1.5		1.9		0.287432
1.5		2		0.288329
1.5		2.1		0.331705
1.5		2.2		0.258937
1.5		2.3		0.278249
1.5		2.4		0.401018
1.5		2.5		0.364424
1.5		2.6		0.35287
1.5		2.7		0.518227
1.5		2.8		0.549607
1.5		2.9		0.35945
1.6		-3		0.418902
1.6		-2.9		0.307525
1.6		-2.8		0.336849
1.6		-2.7		0.267578
1.6		-2.6		0.394287
1.6		-2.5		0.365318
1.6		-2.4		0.336469
1.6		-2.3		0.308342
1.6		-2.2		0.393478
1.6		-2.1		0.304094
1.6		-2		0.231825
1.6		-1.9		0.234569
1.6		-1.8		0.297615
1.6		-1.7		0.223476
1.6		-1.6		0.191779
1.6		-1.5		0.219463
1.6		-1.4		0.16702
1.6		-1.3		0.209714
1.6		-1.2		0.17215
1.6		-1.1		0.194817
1.6		-1		0.200167
1.6		-0.9		0.178041
1.6		-0.8		0.178637
1.6		-0.7		0.159313
1.6		-0.6		0.154636
1.6		-0.5		0.173688
1.6		-0.4		0.187891
1.6		-0.3		0.214298
1.6		-0.2		0.231579
1.6		-0.1		0.245189
1.6		1.52656e-15		0.279171
1.6		0.1		0.257737
1.6		0.2		0.267426
1.6		0.3		0.157022
1.6		0.4		0.202456
1.6		0.5		0.154752
1.6		0.6		0.162663
1.6		0.7		0.172111
1.6		0.8		0.154817
1.6		0.9		0.190333
1.6		1		0.157393
1.6		1.1		0.219053
1.6		1.2		0.190343
1.6		1.3		0.201023
1.6		1.4		0.175242
1.6		1.5		0.211074
1.6		1.6		0.216106
1.6		1.7		0.240303
1.6		1.8		0.237097
1.6		1.9		0.187207
1.6		2		0.310221
1.6		2.1		0.298692
1.6		2.2		0.341332
1.6		2.3		0.319819
1.6		2.4		0.325297
1.6		2.5		0.315241
1.6		2.6		0.313608
1.6		2.7		0.302821
1.6		2.8		0.462359
1.6		2.9		0.346998
1.7		-3		0.267892
1.7		-2.9		0.384571
1.7		-2.8		0.383313
1.7		-2.7		0.315863
1.7		-2.6		0.517658
1.7		-2.5		0.445795
1.7		-2.4		0.336031
1.7		-2.3		0.365176
1.7		-2.2		0.297151
1.7		-2.1		0.173892
1.7		-2		0.257241
1.7		-1.9		0.27896
1.7		-1.8		0.196083
1.7		-1.7		0.250608
1.7		-1.6		0.24034
1.7		-1.5		0.202066
1.7		-1.4		0.178043
1.7		-1.3		0.171875
1.7		-1.2		0.178537
1.7		-1.1		0.197099
1.7		-1		0.191125
1.7		-0.9		0.171858
1.7		-0.8		0.196346
1.7		-0.7		0.160832
1.7		-0.6		0.169045
1.7		-0.5		0.167953
1.7		-0.4		0.19677
1.7		-0.3		0.201343
1.7		-0.2		0.202347
1.7		-0.1		0.199964
1.7		1.52656e-15		0.243379
1.7		0.1		0.207069
1.7		0.2		0.199555
1.7		0.3		0.20493
1.7		0.4		0.185179
1.7		0.5		0.200072
1.7		0.6		0.190057
1.7		0.7		0.150196
1.7		0.8		0.143727
1.7		0.9		0.163181
1.7		1		0.218874
1.7		1.1		0.205104
1.7		1.2		0.226969
1.7		1.3		0.203585
1.7		1.4		0.174785
1.7		1.5		0.275642
1.7		1.6		0.224401
1.7		1.7		0.221905
1.7		1.8		0.225026
1.7		1.9		0.298019
1.7		2		0.270895
1.7		2.1		0.253131
1.7		2.2		0.363958
1.7		2.3		0.297293
1.7		2.4		0.291592
1.7		2.5		0.326554
1.7		2.6		0.351773
1.7		2.7		0.282258
1.7		2.8		0.419493
1.7		2.9		0.504138
1.8		-3		0.418934
1.8		-2.9		0.619449
1.8		-2.8		0.477691
1.8		-2.7		0.384971
1.8		-2.6		0.374078
1.8		-2.5		0.315941
1.8		-2.4		0.341108
1.8		-2.3		0.285391
1.8		-2.2		0.324516
1.8		-2.1		0.325988
1.8		-2		0.274557
1.8		-1.9		0.255686
1.8		-1.8		0.270097
1.8		-1.7		0.243758
1.8		-1.6		0.292684
1.8		-1.5		0.265959
1.8		-1.4		0.256302
1.8		-1.3		0.216675
1.8		-1.2		0.179628
1.8		-1.1		0.230909
1.8		-1		0.194088
1.8		-0.9		0.179423
1.8		-0.8		0.160048
1.8		-0.7		0.183171
1.8		-0.6		0.181207
1.8		-0.5		0.179513
1.8		-0.4		0.184299
1.8		-0.3		0.201768
1.8		-0.2		0.213526
1.8		-0.1		0.225131
1.8		1.52656e-15		0.23752
1.8		0.1		0.230898
1.8		0.2		0.201858
1.8		0.3		0.212855
1.8		0.4		0.194119
1.8		0.5		0.17491
1.8		0.6		0.182455
1.8		0.7		0.188619
1.8		0.8		0.151419
1.8		0.9		0.189468
1.8		1		0.163056
1.8		1.1		0.178933
1.8		1.2		0.211148
1.8		1.3		0.168314
1.8		1.4		0.181082
1.8		1.5		0.22959
1.8		1.6		0.151735
1.8		1.7		0.160931
1.8		1.8		0.237157
1.8		1.9		0.323468
1.8		2		0.355033
1.8		2.1		0.285471
1.8		2.2		0.233362
1.8		2.3		0.467343
1.8		2.4		0.232192
1.8		2.5		0.327915
1.8		2.6		0.327968
1.8		2.7		0.282913
1.8		2.8		0.29908
1.8		2.9		0.484165
1.9		-3		0.327182
1.9		-2.9		0.462625
1.9		-2.8		0.365466
1.9		-2.7		0.453492
1.9		-2.6		0.277343
1.9		-2.5		0.451626
1.9		-2.4		0.408105
1.9		-2.3		0.260462
1.9		-2.2		0.260975
1.9		-2.1		0.282417
1.9		-2		0.281922
1.9		-1.9		0.249026
1.9		-1.8		0.237148
1.9		-1.7		0.24658
1.9		-1.6		0.220498
1.9		-1.5		0.173427
1.9		-1.4		0.23265
1.9		-1.3		0.230183
1.9		-1.2		0.190138
1.9		-1.1		0.191027
1.9		-1		0.157704
1.9		-0.9		0.157578
1.9		-0.8		0.184682
1.9		-0.7		0.176899
1.9		-0.6		0.203153
1.9		-0.5		0.210383
1.9		-0.4		0.206451
1.9		-0.3		0.227966
1.9		-0.2		0.221435
1.9		-0.1		0.222361
1.9		1.52656e-15		0.263956
1.9		0.1		0.236113
1.9		0.2		0.223315
1.9		0.3		0.225573
1.9		0.4		0.212982
1.9		0.5		0.189939
1.9		0.6		0.174317
1.9		0.7		0.16827
1.9		0.8		0.184638
1.9		0.9		0.170151
1.9		1		0.191553
1.9		1.1		0.204259
1.9		1.2		0.180134
1.9		1.3		0.184567
1.9		1.4		0.20189
1.9		1.5		0.234897
1.9		1.6		0.231416
1.9		1.7		0.235767
1.9		1.8		0.268978
1.9		1.9		0.297475
1.9		2		0.303159
1.9		2.1		0.17975
1.9		2.2		0.313652
1.9		2.3		0.375185
1.9		2.4		0.317406
1.9		2.5		0.325401
1.9		2.6		0.348969
1.9		2.7		0.380531
1.9		2.8		0.589324
1.9		2.9		0.423341
