-2		-2		0.0256893
-2		-1.9		0.0259964
-2		-1.8		0.0262408
-2		-1.7		0.0267487
-2		-1.6		0.0270098
-2		-1.5		0.0259449
-2		-1.4		0.0249873
-2		-1.3		0.0246919
-2		-1.2		0.0256718
-2		-1.1		0.0257647
-2		-1		0.024752
-2		-0.9		0.0254854
-2		-0.8		0.0245115
-2		-0.7		0.0249515
-2		-0.6		0.0239904
-2		-0.5		0.0247792
-2		-0.4		0.0239247
-2		-0.3		0.0244396
-2		-0.2		0.0237976
-2		-0.1		0.0237157
-2		6.38378e-16		0.0231188
-2		0.1		0.0239637
-2		0.2		0.0246247
-2		0.3		0.0250379
-2		0.4		0.024974
-2		0.5		0.0250639
-2		0.6		0.0248847
-2		0.7		0.0253407
-2		0.8		0.0249541
-2		0.9		0.024202
-2		1		0.0239503
-2		1.1		0.0238413
-2		1.2		0.0232905
-2		1.3		0.0248911
-2		1.4		0.0241213
-2		1.5		0.024773
-2		1.6		0.0246736
-2		1.7		0.0250169
-2		1.8		0.0240764
-2		1.9		0.0236514
-1.9		-2		0.0254467
-1.9		-1.9		0.0261374
-1.9		-1.8		0.0262182
-1.9		-1.7		0.0264939
-1.9		-1.6		0.0272303
-1.9		-1.5		0.026648
-1.9		-1.4		0.0253795
-1.9		-1.3		0.0246575
-1.9		-1.2		0.024425
-1.9		-1.1		0.0248446
-1.9		-1		0.0251387
-1.9		-0.9		0.0247647
-1.9		-0.8		0.0250526
-1.9		-0.7		0.0253326
-1.9		-0.6		0.0250179
-1.9		-0.5		0.0243462
-1.9		-0.4		0.0243347
-1.9		-0.3		0.0240658
-1.9		-0.2		0.0240024
-1.9		-0.1		0.0230156
-1.9		6.38378e-16		0.0234207
-1.9		0.1		0.0232408
-1.9		0.2		0.0240157
-1.9		0.3		0.0242804
-1.9		0.4		0.0247634
-1.9		0.5		0.0249307
-1.9		0.6		0.0251712
-1.9		0.7		0.0251661
-1.9		0.8		0.0244054
-1.9		0.9		0.0238335
-1.9		1		0.0234282
-1.9		1.1		0.023478
-1.9		1.2		0.0237915
-1.9		1.3		0.0242632
-1.9		1.4		0.0243836
-1.9		1.5		0.0249495
-1.9		1.6		0.0245241
-1.9		1.7		0.024246
-1.9		1.8		0.0237984
-1.9		1.9		0.0248564
-1.8		-2		0.0248127
-1.8		-1.9		0.0253325
-1.8		-1.8		0.0261022
-1.8		-1.7		0.0264136
-1.8		-1.6		0.0268679
-1.8		-1.5		0.0269638
-1.8		-1.4		0.0265892
-1.8		-1.3		0.0256727
-1.8		-1.2		0.0244706
-1.8		-1.1		0.0250292
-1.8		-1		0.0256666
-1.8		-0.9		0.0251612
-1.8		-0.8		0.024987
-1.8		-0.7		0.0253617
-1.8		-0.6		0.0256894
-1.8		-0.5		0.0246603
-1.8		-0.4		0.0232747
-1.8		-0.3		0.023491
-1.8		-0.2		0.0235567
-1.8		-0.1		0.0231498
-1.8		6.38378e-16		0.0231642
-1.8		0.1		0.0235394
-1.8		0.2		0.0242993
-1.8		0.3		0.0241193
-1.8		0.4		0.0243418
-1.8		0.5		0.0246924
-1.8		0.6		0.0256288
-1.8		0.7		0.0250396
-1.8		0.8		0.0239389
-1.8		0.9		0.0235674
-1.8		1		0.0234586
-1.8		1.1		0.0240863
-1.8		1.2		0.0245803
-1.8		1.3		0.0241776
-1.8		1.4		0.0241403
-1.8		1.5		0.0248966
-1.8		1.6		0.0241442
-1.8		1.7		0.0241449
-1.8		1.8		0.024759
-1.8		1.9		0.024144
-1.7		-2		0.0254913
-1.7		-1.9		0.0246721
-1.7		-1.8		0.0251903
-1.7		-1.7		0.0263037
-1.7		-1.6		0.0270499
-1.7		-1.5		0.026718
-1.7		-1.4		0.0268574
-1.7		-1.3		0.0264436
-1.7		-1.2		0.0261729
-1.7		-1.1		0.0243572
-1.7		-1		0.0244496
-1.7		-0.9		0.0244327
-1.7		-0.8		0.0250896
-1.7		-0.7		0.0259317
-1.7		-0.6		0.0258304
-1.7		-0.5		0.0252539
-1.7		-0.4		0.0236361
-1.7		-0.3		0.0225433
-1.7		-0.2		0.022894
-1.7		-0.1		0.0235474
-1.7		6.38378e-16		0.0247026
-1.7		0.1		0.0235132
-1.7		0.2		0.0232657
-1.7		0.3		0.0243063
-1.7		0.4		0.0244374
-1.7		0.5		0.0249886
-1.7		0.6		0.0252846
-1.7		0.7		0.0248895
-1.7		0.8		0.024325
-1.7		0.9		0.023953
-1.7		1		0.0232439
-1.7		1.1		0.0244428
-1.7		1.2		0.0245372
-1.7		1.3		0.0247948
-1.7		1.4		0.0246187
-1.7		1.5		0.0238254
-1.7		1.6		0.0237891
-1.7		1.7		0.0245094
-1.7		1.8		0.0237611
-1.7		1.9		0.0223655
-1.6		-2		0.0259452
-1.6		-1.9		0.0257161
-1.6		-1.8		0.0254142
-1.6		-1.7		0.0258067
-1.6		-1.6		0.026454
-1.6		-1.5		0.0269782
-1.6		-1.4		0.0272862
-1.6		-1.3		0.0267266
-1.6		-1.2		0.0266232
-1.6		-1.1		0.0260539
-1.6		-1		0.0245586
-1.6		-0.9		0.0245301
-1.6		-0.8		0.0249793
-1.6		-0.7		0.0251068
-1.6		-0.6		0.0256372
-1.6		-0.5		0.0254454
-1.6		-0.4		0.0231979
-1.6		-0.3		0.0232045
-1.6		-0.2		0.0227949
-1.6		-0.1		0.0237046
-1.6		6.38378e-16		0.0241753
-1.6		0.1		0.0247033
-1.6		0.2		0.0236769
-1.6		0.3		0.0249866
-1.6		0.4		0.0247095
-1.6		0.5		0.0251288
-1.6		0.6		0.0242643
-1.6		0.7		0.0234395
-1.6		0.8		0.0238715
-1.6		0.9		0.0235888
-1.6		1		0.0236823
-1.6		1.1		0.0245915
-1.6		1.2		0.0248709
-1.6		1.3		0.025032
-1.6		1.4		0.0244452
-1.6		1.5		0.024186
-1.6		1.6		0.0235565
-1.6		1.7		0.0238882
-1.6		1.8		0.0225029
-1.6		1.9		0.0228169
-1.5		-2		0.0263878
-1.5		-1.9		0.0258643
-1.5		-1.8		0.0255215
-1.5		-1.7		0.0256382
-1.5		-1.6		0.0261963
-1.5		-1.5		0.0265457
-1.5		-1.4		0.0267761
-1.5		-1.3		0.0272356
-1.5		-1.2		0.0259641
-1.5		-1.1		0.0258604
-1.5		-1		0.0256676
-1.5		-0.9		0.0248007
-1.5		-0.8		0.0239617
-1.5		-0.7		0.0252784
-1.5		-0.6		0.0256912
-1.5		-0.5		0.0245368
-1.5		-0.4		0.0240808
-1.5		-0.3		0.0234244
-1.5		-0.2		0.0234288
-1.5		-0.1		0.0232635
-1.5		6.38378e-16		0.0245219
-1.5		0.1		0.0236883
-1.5		0.2		0.0236068
-1.5		0.3		0.0250077
-1.5		0.4		0.0241012
-1.5		0.5		0.0254842
-1.5		0.6		0.0247183
-1.5		0.7		0.0243405
-1.5		0.8		0.0238996
-1.5		0.9		0.0239743
-1.5		1		0.0244729
-1.5		1.1		0.0248094
-1.5		1.2		0.0245242
-1.5		1.3		0.0240344
-1.5		1.4		0.0237928
-1.5		1.5		0.0238454
-1.5		1.6		0.0232953
-1.5		1.7		0.0222834
-1.5		1.8		0.0224063
-1.5		1.9		0.0227029
-1.4		-2		0.0272888
-1.4		-1.9		0.0268663
-1.4		-1.8		0.0266789
-1.4		-1.7		0.0256281
-1.4		-1.6		0.0261552
-1.4		-1.5		0.0265433
-1.4		-1.4		0.0272168
-1.4		-1.3		0.0273096
-1.4		-1.2		0.0270706
-1.4		-1.1		0.0259917
-1.4		-1		0.025058
-1.4		-0.9		0.0251395
-1.4		-0.8		0.0244717
-1.4		-0.7		0.025084
-1.4		-0.6		0.024235
-1.4		-0.5		0.0251917
-1.4		-0.4		0.0244437
-1.4		-0.3		0.0233522
-1.4		-0.2		0.023988
-1.4		-0.1		0.0232331
-1.4		6.38378e-16		0.0229019
-1.4		0.1		0.0233939
-1.4		0.2		0.0240117
-1.4		0.3		0.0241018
-1.4		0.4		0.0251228
-1.4		0.5		0.0243311
-1.4		0.6		0.0241651
-1.4		0.7		0.0241678
-1.4		0.8		0.0241322
-1.4		0.9		0.0241114
-1.4		1		0.0243378
-1.4		1.1		0.0240978
-1.4		1.2		0.024369
-1.4		1.3		0.0230991
-1.4		1.4		0.023314
-1.4		1.5		0.0231389
-1.4		1.6		0.0231167
-1.4		1.7		0.021777
-1.4		1.8		0.0224957
-1.4		1.9		0.0217368
-1.3		-2		0.0272919
-1.3		-1.9		0.0270141
-1.3		-1.8		0.0263438
-1.3		-1.7		0.0261816
-1.3		-1.6		0.026084
-1.3		-1.5		0.0256614
-1.3		-1.4		0.0258605
-1.3		-1.3		0.0281473
-1.3		-1.2		0.0268551
-1.3		-1.1		0.0265816
-1.3		-1		0.0255076
-1.3		-0.9		0.0249399
-1.3		-0.8		0.0256631
-1.3		-0.7		0.0244254
-1.3		-0.6		0.0245144
-1.3		-0.5		0.0259787
-1.3		-0.4		0.0250658
-1.3		-0.3		0.0233378
-1.3		-0.2		0.0246532
-1.3		-0.1		0.0247378
-1.3		6.38378e-16		0.0236912
-1.3		0.1		0.0232995
-1.3		0.2		0.0238624
-1.3		0.3		0.0236815
-1.3		0.4		0.0245566
-1.3		0.5		0.0238763
-1.3		0.6		0.0236464
-1.3		0.7		0.0248484
-1.3		0.8		0.0235137
-1.3		0.9		0.0252794
-1.3		1		0.0240275
-1.3		1.1		0.0241855
-1.3		1.2		0.0237797
-1.3		1.3		0.0228291
-1.3		1.4		0.022701
-1.3		1.5		0.0231351
-1.3		1.6		0.0220526
-1.3		1.7		0.0215933
-1.3		1.8		0.021539
-1.3		1.9		0.0220643
-1.2		-2		0.0268092
-1.2		-1.9		0.0277529
-1.2		-1.8		0.0272054
-1.2		-1.7		0.0270163
-1.2		-1.6		0.0276351
-1.2		-1.5		0.0266621
-1.2		-1.4		0.0261581
-1.2		-1.3		0.0267456
-1.2		-1.2		0.0280821
-1.2		-1.1		0.0267545
-1.2		-1		0.0258912
-1.2		-0.9		0.0253317
-1.2		-0.8		0.0260861
-1.2		-0.7		0.0251952
-1.2		-0.6		0.0243025
-1.2		-0.5		0.0249628
-1.2		-0.4		0.0246195
-1.2		-0.3		0.0253702
-1.2		-0.2		0.0232858
-1.2		-0.1		0.0235609
-1.2		6.38378e-16		0.0231618
-1.2		0.1		0.0235906
-1.2		0.2		0.0238498
-1.2		0.3		0.0230093
-1.2		0.4		0.0245153
-1.2		0.5		0.0233388
-1.2		0.6		0.0233901
-1.2		0.7		0.0234118
-1.2		0.8		0.0252235
-1.2		0.9		0.0241643
-1.2		1		0.0244793
-1.2		1.1		0.0237341
-1.2		1.2		0.0208797
-1.2		1.3		0.0227886
-1.2		1.4		0.0230729
-1.2		1.5		0.021501
-1.2		1.6		0.0212258
-1.2		1.7		0.0215212
-1.2		1.8		0.021522
-1.2		1.9		0.0209798
-1.1		-2		0.0262987
-1.1		-1.9		0.0265099
-1.1		-1.8		0.0265948
-1.1		-1.7		0.027266
-1.1		-1.6		0.0268669
-1.1		-1.5		0.0268551
-1.1		-1.4		0.0265203
-1.1		-1.3		0.0277552
-1.1		-1.2		0.0281051
-1.1		-1.1		0.0284664
-1.1		-1		0.0265408
-1.1		-0.9		0.0267443
-1.1		-0.8		0.0254859
-1.1		-0.7		0.0249824
-1.1		-0.6		0.0239017
-1.1		-0.5		0.0248611
-1.1		-0.4		0.0228864
-1.1		-0.3		0.0244409
-1.1		-0.2		0.022412
-1.1		-0.1		0.0227986
-1.1		6.38378e-16		0.0231474
-1.1		0.1		0.0234471
-1.1		0.2		0.0241219
-1.1		0.3		0.0244679
-1.1		0.4		0.0239619
-1.1		0.5		0.0221786
-1.1		0.6		0.0233599
-1.1		0.7		0.0233477
-1.1		0.8		0.0238628
-1.1		0.9		0.0227064
-1.1		1		0.022657
-1.1		1.1		0.0232049
-1.1		1.2		0.0212642
-1.1		1.3		0.0225837
-1.1		1.4		0.021851
-1.1		1.5		0.0216399
-1.1		1.6		0.0216036
-1.1		1.7		0.0219629
-1.1		1.8		0.0211875
-1.1		1.9		0.0211451
-1		-2		0.0262108
-1		-1.9		0.026486
-1		-1.8		0.0267624
-1		-1.7		0.0269832
-1		-1.6		0.0267972
-1		-1.5		0.0271784
-1		-1.4		0.0271221
-1		-1.3		0.0276206
-1		-1.2		0.0271872
-1		-1.1		0.0277641
-1		-1		0.0275328
-1		-0.9		0.0261479
-1		-0.8		0.0261971
-1		-0.7		0.0250083
-1		-0.6		0.0247247
-1		-0.5		0.0258267
-1		-0.4		0.0243759
-1		-0.3		0.0245704
-1		-0.2		0.0247982
-1		-0.1		0.0225138
-1		6.38378e-16		0.0232515
-1		0.1		0.025647
-1		0.2		0.0238481
-1		0.3		0.0231274
-1		0.4		0.0223987
-1		0.5		0.0221205
-1		0.6		0.0217824
-1		0.7		0.0239331
-1		0.8		0.0231779
-1		0.9		0.0224166
-1		1		0.0223905
-1		1.1		0.0211436
-1		1.2		0.0215182
-1		1.3		0.021424
-1		1.4		0.0210307
-1		1.5		0.0219386
-1		1.6		0.0214859
-1		1.7		0.0209113
-1		1.8		0.0208632
-1		1.9		0.0209059
-0.9		-2		0.0266576
-0.9		-1.9		0.0265169
-0.9		-1.8		0.0268947
-0.9		-1.7		0.027017
-0.9		-1.6		0.0271219
-0.9		-1.5		0.0268747
-0.9		-1.4		0.0276465
-0.9		-1.3		0.0279456
-0.9		-1.2		0.0275814
-0.9		-1.1		0.0283373
-0.9		-1		0.0282758
-0.9		-0.9		0.0264274
-0.9		-0.8		0.0264507
-0.9		-0.7		0.0254895
-0.9		-0.6		0.0243744
-0.9		-0.5		0.0240848
-0.9		-0.4		0.0255135
-0.9		-0.3		0.0249267
-0.9		-0.2		0.0234516
-0.9		-0.1		0.0230177
-0.9		6.38378e-16		0.022927
-0.9		0.1		0.023096
-0.9		0.2		0.0241609
-0.9		0.3		0.0237248
-0.9		0.4		0.0234671
-0.9		0.5		0.0243816
-0.9		0.6		0.0217902
-0.9		0.7		0.0222991
-0.9		0.8		0.022274
-0.9		0.9		0.0223705
-0.9		1		0.0203606
-0.9		1.1		0.0211172
-0.9		1.2		0.0207061
-0.9		1.3		0.0203629
-0.9		1.4		0.0210128
-0.9		1.5		0.0204043
-0.9		1.6		0.01999
-0.9		1.7		0.0198735
-0.9		1.8		0.0205948
-0.9		1.9		0.0206019
-0.8		-2		0.026515
-0.8		-1.9		0.0264276
-0.8		-1.8		0.0263375
-0.8		-1.7		0.0265296
-0.8		-1.6		0.0263627
-0.8		-1.5		0.027348
-0.8		-1.4		0.0282969
-0.8		-1.3		0.0283188
-0.8		-1.2		0.0281233
-0.8		-1.1		0.0279617
-0.8		-1		0.0264892
-0.8		-0.9		0.0277886
-0.8		-0.8		0.0258572
-0.8		-0.7		0.0268615
-0.8		-0.6		0.0245179
-0.8		-0.5		0.0244786
-0.8		-0.4		0.0246157
-0.8		-0.3		0.0244214
-0.8		-0.2		0.0226671
-0.8		-0.1		0.0232548
-0.8		6.38378e-16		0.023185
-0.8		0.1		0.0242016
-0.8		0.2		0.022974
-0.8		0.3		0.0242302
-0.8		0.4		0.0223094
-0.8		0.5		0.0219081
-0.8		0.6		0.021836
-0.8		0.7		0.0208252
-0.8		0.8		0.0213603
-0.8		0.9		0.021062
-0.8		1		0.0211238
-0.8		1.1		0.0209534
-0.8		1.2		0.0210289
-0.8		1.3		0.0211253
-0.8		1.4		0.0208956
-0.8		1.5		0.0201513
-0.8		1.6		0.0205586
-0.8		1.7		0.0204855
-0.8		1.8		0.0211569
-0.8		1.9		0.0209948
-0.7		-2		0.0261438
-0.7		-1.9		0.0259162
-0.7		-1.8		0.0259935
-0.7		-1.7		0.0262297
-0.7		-1.6		0.0270804
-0.7		-1.5		0.0267592
-0.7		-1.4		0.0276228
-0.7		-1.3		0.02776
-0.7		-1.2		0.0290337
-0.7		-1.1		0.0301053
-0.7		-1		0.0295781
-0.7		-0.9		0.0274666
-0.7		-0.8		0.0277004
-0.7		-0.7		0.0287946
-0.7		-0.6		0.026374
-0.7		-0.5		0.0251514
-0.7		-0.4		0.0257462
-0.7		-0.3		0.0251407
-0.7		-0.2		0.025396
-0.7		-0.1		0.0228167
-0.7		6.38378e-16		0.0232939
-0.7		0.1		0.0228351
-0.7		0.2		0.022489
-0.7		0.3		0.0235909
-0.7		0.4		0.0222212
-0.7		0.5		0.0230178
-0.7		0.6		0.0214228
-0.7		0.7		0.0212838
-0.7		0.8		0.0202335
-0.7		0.9		0.0203723
-0.7		1		0.0207409
-0.7		1.1		0.0213947
-0.7		1.2		0.0204186
-0.7		1.3		0.0208064
-0.7		1.4		0.020895
-0.7		1.5		0.0211178
-0.7		1.6		0.02067
-0.7		1.7		0.0208535
-0.7		1.8		0.0217502
-0.7		1.9		0.0218103
-0.6		-2		0.0260833
-0.6		-1.9		0.0265254
-0.6		-1.8		0.0261704
-0.6		-1.7		0.0263982
-0.6		-1.6		0.0275969
-0.6		-1.5		0.0279062
-0.6		-1.4		0.0285524
-0.6		-1.3		0.0288686
-0.6		-1.2		0.028959
-0.6		-1.1		0.0290717
-0.6		-1		0.0298165
-0.6		-0.9		0.029234
-0.6		-0.8		0.0302456
-0.6		-0.7		0.0282089
-0.6		-0.6		0.0285701
-0.6		-0.5		0.0262494
-0.6		-0.4		0.0267311
-0.6		-0.3		0.0242374
-0.6		-0.2		0.025253
-0.6		-0.1		0.0232143
-0.6		6.38378e-16		0.0230409
-0.6		0.1		0.0208133
-0.6		0.2		0.0233567
-0.6		0.3		0.0231597
-0.6		0.4		0.022215
-0.6		0.5		0.0210085
-0.6		0.6		0.0232791
-0.6		0.7		0.0203216
-0.6		0.8		0.020799
-0.6		0.9		0.0200039
-0.6		1		0.021722
-0.6		1.1		0.0199432
-0.6		1.2		0.0207508
-0.6		1.3		0.0198904
-0.6		1.4		0.0206937
-0.6		1.5		0.0212504
-0.6		1.6		0.0210786
-0.6		1.7		0.0217458
-0.6		1.8		0.0215636
-0.6		1.9		0.0220593
-0.5		-2		0.0258351
-0.5		-1.9		0.026164
-0.5		-1.8		0.0273327
-0.5		-1.7		0.0275956
-0.5		-1.6		0.0279741
-0.5		-1.5		0.0280978
-0.5		-1.4		0.0279075
-0.5		-1.3		0.0283567
-0.5		-1.2		0.0292147
-0.5		-1.1		0.0291335
-0.5		-1		0.0316356
-0.5		-0.9		0.0318672
-0.5		-0.8		0.0316558
-0.5		-0.7		0.0294182
-0.5		-0.6		0.0287071
-0.5		-0.5		0.0268058
-0.5		-0.4		0.0275319
-0.5		-0.3		0.0245911
-0.5		-0.2		0.0250349
-0.5		-0.1		0.0246977
-0.5		6.38378e-16		0.0223306
-0.5		0.1		0.0228598
-0.5		0.2		0.0234812
-0.5		0.3		0.022236
-0.5		0.4		0.0225064
-0.5		0.5		0.0218818
-0.5		0.6		0.0209213
-0.5		0.7		0.020366
-0.5		0.8		0.020803
-0.5		0.9		0.0193576
-0.5		1		0.0218353
-0.5		1.1		0.0202352
-0.5		1.2		0.020587
-0.5		1.3		0.0197962
-0.5		1.4		0.0200747
-0.5		1.5		0.0203057
-0.5		1.6		0.0215813
-0.5		1.7		0.0209916
-0.5		1.8		0.0223237
-0.5		1.9		0.0223655
-0.4		-2		0.0256688
-0.4		-1.9		0.0271177
-0.4		-1.8		0.026798
-0.4		-1.7		0.0269635
-0.4		-1.6		0.0278706
-0.4		-1.5		0.027355
-0.4		-1.4		0.0278201
-0.4		-1.3		0.0285282
-0.4		-1.2		0.0292083
-0.4		-1.1		0.0300201
-0.4		-1		0.0306743
-0.4		-0.9		0.0311402
-0.4		-0.8		0.0314126
-0.4		-0.7		0.0318482
-0.4		-0.6		0.0290173
-0.4		-0.5		0.0287404
-0.4		-0.4		0.0273145
-0.4		-0.3		0.0263412
-0.4		-0.2		0.0265681
-0.4		-0.1		0.0253359
-0.4		6.38378e-16		0.023632
-0.4		0.1		0.0229116
-0.4		0.2		0.0231752
-0.4		0.3		0.021465
-0.4		0.4		0.0216383
-0.4		0.5		0.021489
-0.4		0.6		0.0210396
-0.4		0.7		0.022163
-0.4		0.8		0.021871
-0.4		0.9		0.0206588
-0.4		1		0.0206743
-0.4		1.1		0.0209465
-0.4		1.2		0.019703
-0.4		1.3		0.0197539
-0.4		1.4		0.0200787
-0.4		1.5		0.0212203
-0.4		1.6		0.0210796
-0.4		1.7		0.0217333
-0.4		1.8		0.0225381
-0.4		1.9		0.0227156
-0.3		-2		0.0256913
-0.3		-1.9		0.0263821
-0.3		-1.8		0.0262497
-0.3		-1.7		0.0268773
-0.3		-1.6		0.0268386
-0.3		-1.5		0.0261564
-0.3		-1.4		0.0270656
-0.3		-1.3		0.0281727
-0.3		-1.2		0.0282905
-0.3		-1.1		0.0294462
-0.3		-1		0.0312378
-0.3		-0.9		0.0308602
-0.3		-0.8		0.0302824
-0.3		-0.7		0.0332538
-0.3		-0.6		0.0286289
-0.3		-0.5		0.027714
-0.3		-0.4		0.026939
-0.3		-0.3		0.0280213
-0.3		-0.2		0.0258957
-0.3		-0.1		0.0249117
-0.3		6.38378e-16		0.023772
-0.3		0.1		0.0238453
-0.3		0.2		0.0225819
-0.3		0.3		0.022912
-0.3		0.4		0.0222074
-0.3		0.5		0.0212059
-0.3		0.6		0.0212647
-0.3		0.7		0.0206858
-0.3		0.8		0.0207733
-0.3		0.9		0.0220908
-0.3		1		0.0209527
-0.3		1.1		0.0200361
-0.3		1.2		0.0200653
-0.3		1.3		0.0199316
-0.3		1.4		0.0206427
-0.3		1.5		0.0212955
-0.3		1.6		0.0219795
-0.3		1.7		0.0219861
-0.3		1.8		0.0217092
-0.3		1.9		0.0228674
-0.2		-2		0.0248509
-0.2		-1.9		0.0250118
-0.2		-1.8		0.025568
-0.2		-1.7		0.0254699
-0.2		-1.6		0.0248728
-0.2		-1.5		0.0249372
-0.2		-1.4		0.0254639
-0.2		-1.3		0.0266978
-0.2		-1.2		0.0286069
-0.2		-1.1		0.0291254
-0.2		-1		0.0299185
-0.2		-0.9		0.0293963
-0.2		-0.8		0.0298088
-0.2		-0.7		0.0297398
-0.2		-0.6		0.0293976
-0.2		-0.5		0.0279894
-0.2		-0.4		0.0266021
-0.2		-0.3		0.029363
-0.2		-0.2		0.0279959
-0.2		-0.1		0.0251868
-0.2		6.38378e-16		0.0236524
-0.2		0.1		0.0270525
-0.2		0.2		0.0281475
-0.2		0.3		0.0247436
-0.2		0.4		0.0238651
-0.2		0.5		0.0215129
-0.2		0.6		0.0222309
-0.2		0.7		0.0214339
-0.2		0.8		0.0217159
-0.2		0.9		0.0203656
-0.2		1		0.0205888
-0.2		1.1		0.0196894
-0.2		1.2		0.0196133
-0.2		1.3		0.0198876
-0.2		1.4		0.0206155
-0.2		1.5		0.0214749
-0.2		1.6		0.0216868
-0.2		1.7		0.0218758
-0.2		1.8		0.0219504
-0.2		1.9		0.0222293
-0.1		-2		0.0238057
-0.1		-1.9		0.0238479
-0.1		-1.8		0.0240388
-0.1		-1.7		0.0233672
-0.1		-1.6		0.0229138
-0.1		-1.5		0.022573
-0.1		-1.4		0.0228545
-0.1		-1.3		0.0238671
-0.1		-1.2		0.0255249
-0.1		-1.1		0.0278117
-0.1		-1		0.0286877
-0.1		-0.9		0.0280417
-0.1		-0.8		0.0259398
-0.1		-0.7		0.0246229
-0.1		-0.6		0.0230461
-0.1		-0.5		0.027843
-0.1		-0.4		0.0238589
-0.1		-0.3		0.0248049
-0.1		-0.2		0.0264205
-0.1		-0.1		0.0268258
-0.1		6.38378e-16		0.0230264
-0.1		0.1		0.0269833
-0.1		0.2		0.025115
-0.1		0.3		0.0238477
-0.1		0.4		0.0233162
-0.1		0.5		0.0212634
-0.1		0.6		0.0224885
-0.1		0.7		0.0208107
-0.1		0.8		0.0206635
-0.1		0.9		0.0208741
-0.1		1		0.0202626
-0.1		1.1		0.0193834
-0.1		1.2		0.0196388
-0.1		1.3		0.0205569
-0.1		1.4		0.02119
-0.1		1.5		0.0218659
-0.1		1.6		0.0219785
-0.1		1.7		0.0223433
-0.1		1.8		0.0219287
-0.1		1.9		0.0216376
6.38378e-16		-2		0.0232254
6.38378e-16		-1.9		0.0230385
6.38378e-16		-1.8		0.0226376
6.38378e-16		-1.7		0.0221184
6.38378e-16		-1.6		0.0238218
6.38378e-16		-1.5		0.0235159
6.38378e-16		-1.4		0.0226894
6.38378e-16		-1.3		0.0219085
6.38378e-16		-1.2		0.0228534
6.38378e-16		-1.1		0.0221909
6.38378e-16		-1		0.0297097
6.38378e-16		-0.9		0.021679
6.38378e-16		-0.8		0.0231602
6.38378e-16		-0.7		0.0220334
6.38378e-16		-0.6		0.0217386
6.38378e-16		-0.5		0.0284413
6.38378e-16		-0.4		0.0236003
6.38378e-16		-0.3		0.0246465
6.38378e-16		-0.2		0.0205062
6.38378e-16		-0.1		0.0237008
6.38378e-16		6.38378e-16		0.023989
6.38378e-16		0.1		0.0232197
6.38378e-16		0.2		0.0228446
6.38378e-16		0.3		0.022594
6.38378e-16		0.4		0.0209774
6.38378e-16		0.5		0.0235492
6.38378e-16		0.6		0.023764
6.38378e-16		0.7		0.0208419
6.38378e-16		0.8		0.0212244
6.38378e-16		0.9		0.0218109
6.38378e-16		1		0.0209957
6.38378e-16		1.1		0.0219099
6.38378e-16		1.2		0.0224064
6.38378e-16		1.3		0.0220823
6.38378e-16		1.4		0.0226196
6.38378e-16		1.5		0.021915
6.38378e-16		1.6		0.0227617
6.38378e-16		1.7		0.023723
6.38378e-16		1.8		0.0210046
6.38378e-16		1.9		0.0231433
0.1		-2		0.0237005
0.1		-1.9		0.0238629
0.1		-1.8		0.0240493
0.1		-1.7		0.0232376
0.1		-1.6		0.0229539
0.1		-1.5		0.0226165
0.1		-1.4		0.023221
0.1		-1.3		0.0238111
0.1		-1.2		0.0254184
0.1		-1.1		0.0276971
0.1		-1		0.0294242
0.1		-0.9		0.0286519
0.1		-0.8		0.0268784
0.1		-0.7		0.0249779
0.1		-0.6		0.0242859
0.1		-0.5		0.0293249
0.1		-0.4		0.0246252
0.1		-0.3		0.0236671
0.1		-0.2		0.0253976
0.1		-0.1		0.0257028
0.1		6.38378e-16		0.0222869
0.1		0.1		0.026651
0.1		0.2		0.0255969
0.1		0.3		0.0239834
0.1		0.4		0.0236315
0.1		0.5		0.0197835
0.1		0.6		0.0210384
0.1		0.7		0.0204752
0.1		0.8		0.0192741
0.1		0.9		0.0194239
0.1		1		0.0199576
0.1		1.1		0.0190725
0.1		1.2		0.0198771
0.1		1.3		0.0214122
0.1		1.4		0.0215465
0.1		1.5		0.0216493
0.1		1.6		0.0217362
0.1		1.7		0.0221376
0.1		1.8		0.0217851
0.1		1.9		0.0217252
0.2		-2		0.025038
0.2		-1.9		0.0253603
0.2		-1.8		0.0258577
0.2		-1.7		0.0256208
0.2		-1.6		0.0251436
0.2		-1.5		0.0253935
0.2		-1.4		0.0267936
0.2		-1.3		0.0276752
0.2		-1.2		0.0288475
0.2		-1.1		0.0296151
0.2		-1		0.0300194
0.2		-0.9		0.0302232
0.2		-0.8		0.0299678
0.2		-0.7		0.0297694
0.2		-0.6		0.0290206
0.2		-0.5		0.0303162
0.2		-0.4		0.0276281
0.2		-0.3		0.0273587
0.2		-0.2		0.0264159
0.2		-0.1		0.0246966
0.2		6.38378e-16		0.0223775
0.2		0.1		0.0263531
0.2		0.2		0.0259779
0.2		0.3		0.0230021
0.2		0.4		0.0236381
0.2		0.5		0.0211276
0.2		0.6		0.0208865
0.2		0.7		0.0210557
0.2		0.8		0.021276
0.2		0.9		0.0195057
0.2		1		0.0201457
0.2		1.1		0.0189699
0.2		1.2		0.0196115
0.2		1.3		0.0203363
0.2		1.4		0.0213603
0.2		1.5		0.0218881
0.2		1.6		0.0218562
0.2		1.7		0.0221348
0.2		1.8		0.0222393
0.2		1.9		0.0223542
0.3		-2		0.0266142
0.3		-1.9		0.0274385
0.3		-1.8		0.0275925
0.3		-1.7		0.0274528
0.3		-1.6		0.0273683
0.3		-1.5		0.0274411
0.3		-1.4		0.0282703
0.3		-1.3		0.0293078
0.3		-1.2		0.0293156
0.3		-1.1		0.0296642
0.3		-1		0.0305157
0.3		-0.9		0.0320447
0.3		-0.8		0.0308547
0.3		-0.7		0.0316984
0.3		-0.6		0.0293641
0.3		-0.5		0.0304133
0.3		-0.4		0.0271656
0.3		-0.3		0.0267851
0.3		-0.2		0.0261047
0.3		-0.1		0.0240107
0.3		6.38378e-16		0.0243264
0.3		0.1		0.0222126
0.3		0.2		0.021909
0.3		0.3		0.0195883
0.3		0.4		0.0226222
0.3		0.5		0.0205868
0.3		0.6		0.0206323
0.3		0.7		0.0205098
0.3		0.8		0.020781
0.3		0.9		0.0203446
0.3		1		0.0203857
0.3		1.1		0.0200987
0.3		1.2		0.0201691
0.3		1.3		0.0211763
0.3		1.4		0.0211419
0.3		1.5		0.0216115
0.3		1.6		0.0225375
0.3		1.7		0.0226877
0.3		1.8		0.0234148
0.3		1.9		0.0230305
0.4		-2		0.0272021
0.4		-1.9		0.0284335
0.4		-1.8		0.0297965
0.4		-1.7		0.0294939
0.4		-1.6		0.0292807
0.4		-1.5		0.028678
0.4		-1.4		0.0292927
0.4		-1.3		0.0299303
0.4		-1.2		0.0291105
0.4		-1.1		0.0297819
0.4		-1		0.0303213
0.4		-0.9		0.0305586
0.4		-0.8		0.0305214
0.4		-0.7		0.0303668
0.4		-0.6		0.0298904
0.4		-0.5		0.0288979
0.4		-0.4		0.0271449
0.4		-0.3		0.0257466
0.4		-0.2		0.0252452
0.4		-0.1		0.0243089
0.4		6.38378e-16		0.0246418
0.4		0.1		0.020686
0.4		0.2		0.021781
0.4		0.3		0.0215417
0.4		0.4		0.0202009
0.4		0.5		0.0210001
0.4		0.6		0.0207857
0.4		0.7		0.0199801
0.4		0.8		0.0207661
0.4		0.9		0.0207871
0.4		1		0.0206857
0.4		1.1		0.021768
0.4		1.2		0.0211117
0.4		1.3		0.0209248
0.4		1.4		0.0219391
0.4		1.5		0.0225107
0.4		1.6		0.023075
0.4		1.7		0.0231248
0.4		1.8		0.0238735
0.4		1.9		0.0238497
0.5		-2		0.0275308
0.5		-1.9		0.0287678
0.5		-1.8		0.0305608
0.5		-1.7		0.0302975
0.5		-1.6		0.0312698
0.5		-1.5		0.0304303
0.5		-1.4		0.0298309
0.5		-1.3		0.0298455
0.5		-1.2		0.0295479
0.5		-1.1		0.0291235
0.5		-1		0.0292877
0.5		-0.9		0.0298377
0.5		-0.8		0.029626
0.5		-0.7		0.029601
0.5		-0.6		0.0284022
0.5		-0.5		0.0269437
0.5		-0.4		0.0250527
0.5		-0.3		0.0253717
0.5		-0.2		0.0238723
0.5		-0.1		0.0246727
0.5		6.38378e-16		0.023166
0.5		0.1		0.0230195
0.5		0.2		0.0219015
0.5		0.3		0.0221204
0.5		0.4		0.0211704
0.5		0.5		0.023419
0.5		0.6		0.0206978
0.5		0.7		0.0202445
0.5		0.8		0.0202333
0.5		0.9		0.0211515
0.5		1		0.0211493
0.5		1.1		0.0214443
0.5		1.2		0.0219753
0.5		1.3		0.0211691
0.5		1.4		0.0214675
0.5		1.5		0.0223471
0.5		1.6		0.0229997
0.5		1.7		0.023535
0.5		1.8		0.0235951
0.5		1.9		0.0236015
0.6		-2		0.0284093
0.6		-1.9		0.0289451
0.6		-1.8		0.0296513
0.6		-1.7		0.0301305
0.6		-1.6		0.0302668
0.6		-1.5		0.030103
0.6		-1.4		0.0310855
0.6		-1.3		0.0294088
0.6		-1.2		0.028895
0.6		-1.1		0.0301708
0.6		-1		0.0284348
0.6		-0.9		0.0305449
0.6		-0.8		0.0295625
0.6		-0.7		0.0280259
0.6		-0.6		0.0266448
0.6		-0.5		0.0256981
0.6		-0.4		0.0249799
0.6		-0.3		0.0249892
0.6		-0.2		0.0254975
0.6		-0.1		0.0242252
0.6		6.38378e-16		0.0246911
0.6		0.1		0.0236611
0.6		0.2		0.022467
0.6		0.3		0.0215236
0.6		0.4		0.0218191
0.6		0.5		0.0211215
0.6		0.6		0.0211511
0.6		0.7		0.0212881
0.6		0.8		0.0199361
0.6		0.9		0.0208452
0.6		1		0.0222577
0.6		1.1		0.0215126
0.6		1.2		0.0208481
0.6		1.3		0.0217969
0.6		1.4		0.0215864
0.6		1.5		0.0217212
0.6		1.6		0.022737
0.6		1.7		0.0232378
0.6		1.8		0.0235537
0.6		1.9		0.0235481
0.7		-2		0.0290399
0.7		-1.9		0.029217
0.7		-1.8		0.0291973
0.7		-1.7		0.0295217
0.7		-1.6		0.0309773
0.7		-1.5		0.0299161
0.7		-1.4		0.030223
0.7		-1.3		0.0299842
0.7		-1.2		0.0294401
0.7		-1.1		0.029085
0.7		-1		0.0279579
0.7		-0.9		0.0282765
0.7		-0.8		0.0274562
0.7		-0.7		0.0273253
0.7		-0.6		0.0242456
0.7		-0.5		0.0266298
0.7		-0.4		0.0245828
0.7		-0.3		0.0258313
0.7		-0.2		0.0240967
0.7		-0.1		0.0244898
0.7		6.38378e-16		0.0237913
0.7		0.1		0.022086
0.7		0.2		0.02261
0.7		0.3		0.0228373
0.7		0.4		0.0217521
0.7		0.5		0.0226955
0.7		0.6		0.0215694
0.7		0.7		0.0211402
0.7		0.8		0.0227496
0.7		0.9		0.0207868
0.7		1		0.021732
0.7		1.1		0.0219366
0.7		1.2		0.0214335
0.7		1.3		0.0217593
0.7		1.4		0.0223066
0.7		1.5		0.0228467
0.7		1.6		0.0238439
0.7		1.7		0.0239495
0.7		1.8		0.0235203
0.7		1.9		0.023831
0.8		-2		0.0294682
0.8		-1.9		0.0293769
0.8		-1.8		0.0302493
0.8		-1.7		0.0296705
0.8		-1.6		0.0300133
0.8		-1.5		0.0289161
0.8		-1.4		0.0302723
0.8		-1.3		0.0298994
0.8		-1.2		0.0300026
0.8		-1.1		0.0292308
0.8		-1		0.0289892
0.8		-0.9		0.0278057
0.8		-0.8		0.0272091
0.8		-0.7		0.0262083
0.8		-0.6		0.025133
0.8		-0.5		0.0250316
0.8		-0.4		0.0247036
0.8		-0.3		0.0256287
0.8		-0.2		0.0236299
0.8		-0.1		0.0240408
0.8		6.38378e-16		0.0241343
0.8		0.1		0.023149
0.8		0.2		0.0237798
0.8		0.3		0.0234416
0.8		0.4		0.0223703
0.8		0.5		0.0229898
0.8		0.6		0.0215555
0.8		0.7		0.0207164
0.8		0.8		0.021011
0.8		0.9		0.0217658
0.8		1		0.0218634
0.8		1.1		0.022042
0.8		1.2		0.0217863
0.8		1.3		0.0221565
0.8		1.4		0.0224433
0.8		1.5		0.0229006
0.8		1.6		0.0226085
0.8		1.7		0.0229103
0.8		1.8		0.0229856
0.8		1.9		0.0233352
0.9		-2		0.0297421
0.9		-1.9		0.0299957
0.9		-1.8		0.0300213
0.9		-1.7		0.0296221
0.9		-1.6		0.0295152
0.9		-1.5		0.0297034
0.9		-1.4		0.0303745
0.9		-1.3		0.0295552
0.9		-1.2		0.0285831
0.9		-1.1		0.0286767
0.9		-1		0.0276379
0.9		-0.9		0.0275539
0.9		-0.8		0.0277613
0.9		-0.7		0.0254198
0.9		-0.6		0.0265892
0.9		-0.5		0.023759
0.9		-0.4		0.0231733
0.9		-0.3		0.0245553
0.9		-0.2		0.0249445
0.9		-0.1		0.0241749
0.9		6.38378e-16		0.0244021
0.9		0.1		0.0235572
0.9		0.2		0.0235089
0.9		0.3		0.022802
0.9		0.4		0.022902
0.9		0.5		0.0223612
0.9		0.6		0.0228858
0.9		0.7		0.0216961
0.9		0.8		0.0213407
0.9		0.9		0.0229105
0.9		1		0.0213629
0.9		1.1		0.0214836
0.9		1.2		0.0228833
0.9		1.3		0.0229983
0.9		1.4		0.0238014
0.9		1.5		0.0231388
0.9		1.6		0.022883
0.9		1.7		0.0230924
0.9		1.8		0.0230073
0.9		1.9		0.0234228
1		-2		0.0294985
1		-1.9		0.0293305
1		-1.8		0.0291112
1		-1.7		0.0285749
1		-1.6		0.0288515
1		-1.5		0.029111
1		-1.4		0.0286476
1		-1.3		0.0277785
1		-1.2		0.0281494
1		-1.1		0.0276444
1		-1		0.0272207
1		-0.9		0.0270422
1		-0.8		0.0267746
1		-0.7		0.0253256
1		-0.6		0.0250724
1		-0.5		0.0245629
1		-0.4		0.0246368
1		-0.3		0.0224391
1		-0.2		0.0235841
1		-0.1		0.0239296
1		6.38378e-16		0.0242702
1		0.1		0.0220337
1		0.2		0.0233128
1		0.3		0.0228093
1		0.4		0.0229153
1		0.5		0.0234933
1		0.6		0.0230922
1		0.7		0.0226202
1		0.8		0.0235764
1		0.9		0.0232034
1		1		0.0222178
1		1.1		0.0216262
1		1.2		0.0221067
1		1.3		0.0218258
1		1.4		0.022924
1		1.5		0.0226468
1		1.6		0.0222158
1		1.7		0.0225054
1		1.8		0.0235748
1		1.9		0.0235136
1.1		-2		0.0279378
1.1		-1.9		0.0282512
1.1		-1.8		0.0280878
1.1		-1.7		0.0281076
1.1		-1.6		0.0282348
1.1		-1.5		0.0284406
1.1		-1.4		0.0280394
1.1		-1.3		0.0274538
1.1		-1.2		0.0282775
1.1		-1.1		0.0276218
1.1		-1		0.0273753
1.1		-0.9		0.0276971
1.1		-0.8		0.0269558
1.1		-0.7		0.0248652
1.1		-0.6		0.0248016
1.1		-0.5		0.0229379
1.1		-0.4		0.0230707
1.1		-0.3		0.0234487
1.1		-0.2		0.0239505
1.1		-0.1		0.023335
1.1		6.38378e-16		0.0246192
1.1		0.1		0.0228982
1.1		0.2		0.0237103
1.1		0.3		0.023711
1.1		0.4		0.0235314
1.1		0.5		0.0240849
1.1		0.6		0.0236263
1.1		0.7		0.0228781
1.1		0.8		0.0239138
1.1		0.9		0.0236087
1.1		1		0.0238479
1.1		1.1		0.0221631
1.1		1.2		0.0225724
1.1		1.3		0.0224288
1.1		1.4		0.0225163
1.1		1.5		0.0233303
1.1		1.6		0.0231688
1.1		1.7		0.022208
1.1		1.8		0.0230047
1.1		1.9		0.0232941
1.2		-2		0.027681
1.2		-1.9		0.0274911
1.2		-1.8		0.0276958
1.2		-1.7		0.0273049
1.2		-1.6		0.027067
1.2		-1.5		0.0274153
1.2		-1.4		0.027351
1.2		-1.3		0.0270227
1.2		-1.2		0.0265539
1.2		-1.1		0.0276805
1.2		-1		0.0271252
1.2		-0.9		0.0270444
1.2		-0.8		0.026051
1.2		-0.7		0.0245654
1.2		-0.6		0.0240758
1.2		-0.5		0.0230144
1.2		-0.4		0.0224785
1.2		-0.3		0.0228672
1.2		-0.2		0.0229531
1.2		-0.1		0.0241986
1.2		6.38378e-16		0.024415
1.2		0.1		0.022972
1.2		0.2		0.0232272
1.2		0.3		0.0228641
1.2		0.4		0.0238618
1.2		0.5		0.0235454
1.2		0.6		0.0245011
1.2		0.7		0.024157
1.2		0.8		0.0236882
1.2		0.9		0.0252339
1.2		1		0.0237744
1.2		1.1		0.0237076
1.2		1.2		0.0227046
1.2		1.3		0.0220783
1.2		1.4		0.0220826
1.2		1.5		0.0228405
1.2		1.6		0.0231587
1.2		1.7		0.0236182
1.2		1.8		0.0230447
1.2		1.9		0.0233583
1.3		-2		0.0284123
1.3		-1.9		0.0277606
1.3		-1.8		0.026931
1.3		-1.7		0.0272286
1.3		-1.6		0.0258973
1.3		-1.5		0.0261614
1.3		-1.4		0.0265095
1.3		-1.3		0.026701
1.3		-1.2		0.0271498
1.3		-1.1		0.0270325
1.3		-1		0.0274143
1.3		-0.9		0.0259047
1.3		-0.8		0.0253455
1.3		-0.7		0.0243764
1.3		-0.6		0.0227828
1.3		-0.5		0.0231017
1.3		-0.4		0.0224363
1.3		-0.3		0.0228358
1.3		-0.2		0.0238534
1.3		-0.1		0.0230813
1.3		6.38378e-16		0.0237901
1.3		0.1		0.0227679
1.3		0.2		0.0223866
1.3		0.3		0.0231681
1.3		0.4		0.0232085
1.3		0.5		0.0242997
1.3		0.6		0.0248594
1.3		0.7		0.0251892
1.3		0.8		0.0247284
1.3		0.9		0.0256474
1.3		1		0.0239844
1.3		1.1		0.0235823
1.3		1.2		0.0231678
1.3		1.3		0.0231219
1.3		1.4		0.0223807
1.3		1.5		0.0224908
1.3		1.6		0.0233051
1.3		1.7		0.0227525
1.3		1.8		0.0231177
1.3		1.9		0.0223418
1.4		-2		0.0276105
1.4		-1.9		0.0270266
1.4		-1.8		0.0271974
1.4		-1.7		0.0265427
1.4		-1.6		0.0261731
1.4		-1.5		0.0255569
1.4		-1.4		0.0260778
1.4		-1.3		0.0256809
1.4		-1.2		0.0268379
1.4		-1.1		0.0269644
1.4		-1		0.0267491
1.4		-0.9		0.0261303
1.4		-0.8		0.0248007
1.4		-0.7		0.024838
1.4		-0.6		0.0236413
1.4		-0.5		0.0233485
1.4		-0.4		0.0230552
1.4		-0.3		0.0233157
1.4		-0.2		0.0238669
1.4		-0.1		0.023718
1.4		6.38378e-16		0.0236882
1.4		0.1		0.0233629
1.4		0.2		0.0231739
1.4		0.3		0.0245759
1.4		0.4		0.023977
1.4		0.5		0.0235221
1.4		0.6		0.023836
1.4		0.7		0.0255093
1.4		0.8		0.0260691
1.4		0.9		0.0252748
1.4		1		0.0241579
1.4		1.1		0.0244518
1.4		1.2		0.0231725
1.4		1.3		0.023962
1.4		1.4		0.0229347
1.4		1.5		0.022028
1.4		1.6		0.0220527
1.4		1.7		0.0224879
1.4		1.8		0.0225403
1.4		1.9		0.0220087
1.5		-2		0.0270703
1.5		-1.9		0.0267907
1.5		-1.8		0.0260183
1.5		-1.7		0.0266047
1.5		-1.6		0.0256073
1.5		-1.5		0.0268848
1.5		-1.4		0.0262192
1.5		-1.3		0.0274749
1.5		-1.2		0.0269392
1.5		-1.1		0.0266441
1.5		-1		0.0258289
1.5		-0.9		0.0247307
1.5		-0.8		0.0250103
1.5		-0.7		0.0227324
1.5		-0.6		0.0240514
1.5		-0.5		0.0227746
1.5		-0.4		0.0239291
1.5		-0.3		0.0235663
1.5		-0.2		0.0234944
1.5		-0.1		0.0237117
1.5		6.38378e-16		0.0235763
1.5		0.1		0.023806
1.5		0.2		0.0232254
1.5		0.3		0.0224536
1.5		0.4		0.023803
1.5		0.5		0.0226805
1.5		0.6		0.023541
1.5		0.7		0.0243731
1.5		0.8		0.0264081
1.5		0.9		0.0252058
1.5		1		0.0260369
1.5		1.1		0.0248101
1.5		1.2		0.0235954
1.5		1.3		0.0234032
1.5		1.4		0.0240831
1.5		1.5		0.0228496
1.5		1.6		0.0227995
1.5		1.7		0.0228459
1.5		1.8		0.0224551
1.5		1.9		0.022623
1.6		-2		0.026299
1.6		-1.9		0.025839
1.6		-1.8		0.0263535
1.6		-1.7		0.0258093
1.6		-1.6		0.0269691
1.6		-1.5		0.0264211
1.6		-1.4		0.0268771
1.6		-1.3		0.0265237
1.6		-1.2		0.0263074
1.6		-1.1		0.025234
1.6		-1		0.025214
1.6		-0.9		0.0243989
1.6		-0.8		0.0246611
1.6		-0.7		0.0228844
1.6		-0.6		0.0235765
1.6		-0.5		0.0226904
1.6		-0.4		0.0238303
1.6		-0.3		0.0240377
1.6		-0.2		0.0239392
1.6		-0.1		0.0234229
1.6		6.38378e-16		0.0233505
1.6		0.1		0.0231674
1.6		0.2		0.023019
1.6		0.3		0.0233706
1.6		0.4		0.0241571
1.6		0.5		0.0234241
1.6		0.6		0.0246296
1.6		0.7		0.0253975
1.6		0.8		0.0256325
1.6		0.9		0.0261722
1.6		1		0.0253023
1.6		1.1		0.0257686
1.6		1.2		0.0250026
1.6		1.3		0.0239256
1.6		1.4		0.0239941
1.6		1.5		0.023462
1.6		1.6		0.0229456
1.6		1.7		0.0228117
1.6		1.8		0.0231621
1.6		1.9		0.0230722
1.7		-2		0.0261561
1.7		-1.9		0.0264212
1.7		-1.8		0.0263512
1.7		-1.7		0.0260595
1.7		-1.6		0.0253311
1.7		-1.5		0.0265181
1.7		-1.4		0.0262676
1.7		-1.3		0.0269703
1.7		-1.2		0.0253364
1.7		-1.1		0.0249658
1.7		-1		0.0245598
1.7		-0.9		0.0246671
1.7		-0.8		0.0234242
1.7		-0.7		0.0230809
1.7		-0.6		0.0229788
1.7		-0.5		0.0236679
1.7		-0.4		0.0240739
1.7		-0.3		0.0233177
1.7		-0.2		0.0244681
1.7		-0.1		0.0239172
1.7		6.38378e-16		0.0235296
1.7		0.1		0.0234261
1.7		0.2		0.0230681
1.7		0.3		0.0232867
1.7		0.4		0.0234662
1.7		0.5		0.0240157
1.7		0.6		0.0243528
1.7		0.7		0.0241669
1.7		0.8		0.0254507
1.7		0.9		0.025959
1.7		1		0.0255103
1.7		1.1		0.0261177
1.7		1.2		0.0243617
1.7		1.3		0.0238641
1.7		1.4		0.0240969
1.7		1.5		0.0231548
1.7		1.6		0.0229685
1.7		1.7		0.0228355
1.7		1.8		0.0230129
1.7		1.9		0.0231849
1.8		-2		0.02652
1.8		-1.9		0.0261013
1.8		-1.8		0.0259199
1.8		-1.7		0.0249186
1.8		-1.6		0.0264713
1.8		-1.5		0.0262595
1.8		-1.4		0.0262907
1.8		-1.3		0.0259074
1.8		-1.2		0.0252174
1.8		-1.1		0.0246089
1.8		-1		0.0244842
1.8		-0.9		0.0242203
1.8		-0.8		0.0235066
1.8		-0.7		0.0235757
1.8		-0.6		0.0233116
1.8		-0.5		0.0233283
1.8		-0.4		0.0237971
1.8		-0.3		0.0240487
1.8		-0.2		0.0240486
1.8		-0.1		0.0237519
1.8		6.38378e-16		0.0242341
1.8		0.1		0.0237353
1.8		0.2		0.0234649
1.8		0.3		0.0231321
1.8		0.4		0.023595
1.8		0.5		0.0235394
1.8		0.6		0.0239727
1.8		0.7		0.0250955
1.8		0.8		0.0249131
1.8		0.9		0.025543
1.8		1		0.0254632
1.8		1.1		0.025822
1.8		1.2		0.0264461
1.8		1.3		0.0254724
1.8		1.4		0.02496
1.8		1.5		0.0242673
1.8		1.6		0.0234618
1.8		1.7		0.0221616
1.8		1.8		0.0228171
1.8		1.9		0.0238391
1.9		-2		0.0258272
1.9		-1.9		0.025708
1.9		-1.8		0.0250293
1.9		-1.7		0.0262054
1.9		-1.6		0.0263434
1.9		-1.5		0.0268152
1.9		-1.4		0.0260263
1.9		-1.3		0.0250089
1.9		-1.2		0.0249824
1.9		-1.1		0.0246001
1.9		-1		0.0245657
1.9		-0.9		0.0236869
1.9		-0.8		0.0228875
1.9		-0.7		0.0229639
1.9		-0.6		0.0235461
1.9		-0.5		0.023774
1.9		-0.4		0.0239067
1.9		-0.3		0.0238503
1.9		-0.2		0.0235099
1.9		-0.1		0.0227786
1.9		6.38378e-16		0.0240526
1.9		0.1		0.0229024
1.9		0.2		0.0229487
1.9		0.3		0.0233085
1.9		0.4		0.0237575
1.9		0.5		0.024036
1.9		0.6		0.0243642
1.9		0.7		0.024547
1.9		0.8		0.0240907
1.9		0.9		0.0241458
1.9		1		0.0256125
1.9		1.1		0.0251722
1.9		1.2		0.0265869
1.9		1.3		0.0258988
1.9		1.4		0.0252834
1.9		1.5		0.0247156
1.9		1.6		0.0247579
1.9		1.7		0.0233896
1.9		1.8		0.0228164
1.9		1.9		0.0227736
