        0.107468	      0.00814854	      0.00814854	    -3.51311e-10	
        0.214937	       0.0260353	       0.0260353	    -1.28885e-09	
        0.322405	       0.0546034	       0.0546034	    -2.54302e-09	
        0.429874	       0.0959037	       0.0959037	    -3.77185e-09	
        0.537342	        0.148619	        0.148619	    -4.51004e-09	
        0.644811	         0.21022	         0.21022	    -3.94353e-09	
        0.752279	        0.280235	        0.280235	    -1.07211e-09	
        0.859748	        0.359771	        0.359771	     4.57285e-09	
        0.967216	        0.448324	        0.448324	     1.24499e-08	
         1.07468	        0.541966	        0.541966	      2.1203e-08	
         1.18215	        0.634264	        0.634264	     2.91626e-08	
         1.28962	        0.718681	        0.718681	     3.48535e-08	
         1.39709	        0.790811	        0.790811	     3.74277e-08	
         1.50456	        0.849471	        0.849471	      3.7061e-08	
         1.61203	        0.896511	        0.896511	     3.49843e-08	
          1.7195	        0.935662	        0.935662	     3.27689e-08	
         1.82696	        0.971026	        0.971026	     3.13153e-08	
         1.93443	         1.00575	         1.00575	     3.02916e-08	
          2.0419	         1.04107	         1.04107	     2.85288e-08	
         2.14937	         1.07607	         1.07607	     2.56133e-08	
         2.25684	         1.10845	         1.10845	     2.23922e-08	
         2.36431	         1.13594	         1.13594	     1.95699e-08	
         2.47177	         1.15745	         1.15745	     1.66233e-08	
         2.57924	         1.17387	         1.17387	      1.2501e-08	
         2.68671	         1.18718	         1.18718	      6.9257e-09	
         2.79418	          1.1989	          1.1989	    -2.36179e-10	
         2.90165	         1.20961	         1.20961	    -8.98434e-09	
         3.00912	         1.21918	         1.21918	    -1.83207e-08	
         3.11658	          1.2274	          1.2274	    -2.63074e-08	
         3.22405	         1.23466	         1.23466	    -3.24493e-08	
         3.33152	          1.2422	          1.2422	    -3.85345e-08	
         3.43899	         1.25183	         1.25183	    -4.69215e-08	
         3.54646	         1.26529	         1.26529	    -5.75025e-08	
         3.65393	         1.28415	         1.28415	     -6.6883e-08	
          3.7614	         1.30953	         1.30953	    -7.15282e-08	
         3.86886	         1.34219	         1.34219	     -7.0576e-08	
         3.97633	         1.38135	         1.38135	    -6.52354e-08	
          4.0838	         1.42444	         1.42444	    -5.64171e-08	
         4.19127	          1.4676	          1.4676	    -4.55527e-08	
         4.29874	         1.50643	         1.50643	    -3.43583e-08	
         4.40621	         1.53784	         1.53784	    -2.40805e-08	
         4.51367	         1.56164	         1.56164	     -1.5649e-08	
         4.62114	         1.58033	         1.58033	    -7.85425e-09	
         4.72861	         1.59756	         1.59756	     1.45643e-09	
         4.83608	         1.61327	         1.61327	     1.24761e-08	
         4.94355	         1.62422	         1.62422	     2.38782e-08	
         5.05102	         1.62962	         1.62962	     3.51113e-08	
         5.15849	         1.63348	         1.63348	      4.4748e-08	
         5.26595	         1.64206	         1.64206	      5.0534e-08	
         5.37342	         1.65948	         1.65948	     5.32911e-08	
         5.48089	         1.68652	         1.68652	     5.57385e-08	
         5.58836	         1.71809	         1.71809	     5.87347e-08	
         5.69583	         1.74858	         1.74858	     6.10643e-08	
          5.8033	         1.77375	         1.77375	     6.23471e-08	
         5.91076	         1.79085	         1.79085	      6.1882e-08	
         6.01823	         1.80018	         1.80018	     6.05126e-08	
          6.1257	         1.80487	         1.80487	       6.121e-08	
         6.23317	         1.80864	         1.80864	     6.63912e-08	
         6.34064	         1.81335	         1.81335	     7.64078e-08	
         6.44811	         1.81853	         1.81853	     8.74299e-08	
         6.55557	         1.82432	         1.82432	     9.73878e-08	
         6.66304	         1.83171	         1.83171	     1.02309e-07	
         6.77051	         1.84001	         1.84001	     9.66848e-08	
         6.87798	         1.84815	         1.84815	     8.11372e-08	
         6.98545	         1.85548	         1.85548	     5.83114e-08	
         7.09292	          1.8612	          1.8612	     3.13715e-08	
         7.20039	         1.86521	         1.86521	      7.4567e-10	
         7.30785	         1.86681	         1.86681	    -3.25969e-08	
         7.41532	         1.86458	         1.86458	     -6.3153e-08	
         7.52279	         1.85874	         1.85874	    -8.50358e-08	
         7.63026	         1.85273	         1.85273	    -9.23062e-08	
         7.73773	         1.84943	         1.84943	    -8.17331e-08	
          7.8452	         1.84697	         1.84697	     -6.6234e-08	
         7.95266	         1.84365	         1.84365	    -4.65839e-08	
         8.06013	         1.83966	         1.83966	    -1.96479e-08	
          8.1676	         1.83456	         1.83456	      1.3165e-08	
         8.27507	         1.82985	         1.82985	     4.34646e-08	
         8.38254	         1.82597	         1.82597	     7.10995e-08	
         8.49001	         1.82109	         1.82109	     9.29214e-08	
         8.59748	         1.81531	         1.81531	     1.07551e-07	
         8.70494	         1.80826	         1.80826	     1.14023e-07	
         8.81241	         1.80026	         1.80026	     1.11431e-07	
         8.91988	         1.79568	         1.79568	     9.93063e-08	
         9.02735	         1.80155	         1.80155	     8.08732e-08	
         9.13482	         1.81737	         1.81737	     6.45769e-08	
         9.24229	         1.83357	         1.83357	     5.44977e-08	
         9.34975	         1.84256	         1.84256	     5.15804e-08	
         9.45722	         1.84385	         1.84385	     5.17625e-08	
         9.56469	         1.84344	         1.84344	     5.30028e-08	
         9.67216	         1.84777	         1.84777	     5.65048e-08	
         9.77963	         1.85784	         1.85784	     6.42363e-08	
          9.8871	         1.86762	         1.86762	     7.66321e-08	
         9.99457	         1.86871	         1.86871	      8.1409e-08	
          10.102	         1.85613	         1.85613	     7.15275e-08	
         10.2095	         1.83215	         1.83215	       5.157e-08	
          10.317	         1.80687	         1.80687	     2.69832e-08	
         10.4244	         1.79201	         1.79201	    -7.99082e-10	
         10.5319	          1.7931	          1.7931	    -2.46841e-08	
         10.6394	         1.80864	         1.80864	    -3.41445e-08	
         10.7468	         1.83525	         1.83525	    -3.18361e-08	
         10.8543	         1.86687	         1.86687	    -4.16122e-08	
         10.9618	         1.89566	         1.89566	    -5.90726e-08	
         11.0692	         1.91652	         1.91652	    -7.28905e-08	
         11.1767	         1.92876	         1.92876	    -8.52302e-08	
         11.2842	         1.93455	         1.93455	     -9.5466e-08	
         11.3917	         1.93607	         1.93607	     -9.4571e-08	
         11.4991	         1.93577	         1.93577	     -8.6213e-08	
         11.6066	         1.93537	         1.93537	    -7.67075e-08	
         11.7141	         1.93731	         1.93731	     -6.6483e-08	
         11.8215	         1.94414	         1.94414	    -5.13489e-08	
          11.929	         1.95485	         1.95485	     -3.5535e-08	
         12.0365	         1.96679	         1.96679	    -2.67163e-08	
         12.1439	         1.97745	         1.97745	    -2.48101e-08	
         12.2514	         1.98342	         1.98342	    -1.54453e-08	
         12.3589	         1.98091	         1.98091	     1.29971e-08	
         12.4663	         1.96909	         1.96909	     5.25672e-08	
         12.5738	         1.95181	         1.95181	     8.54448e-08	
         12.6813	         1.93689	         1.93689	     1.03876e-07	
         12.7887	         1.93062	         1.93062	     1.08334e-07	
         12.8962	         1.93237	         1.93237	     9.95372e-08	
         13.0037	         1.93717	         1.93717	     8.00355e-08	
         13.1111	         1.94196	         1.94196	      5.3277e-08	
         13.2186	          1.9471	          1.9471	     2.56593e-08	
         13.3261	         1.95186	         1.95186	     6.26604e-09	
         13.4336	         1.95371	         1.95371	     1.26605e-09	
          13.541	          1.9496	          1.9496	     7.64924e-09	
         13.6485	         1.93963	         1.93963	     2.83927e-08	
          13.756	         1.92819	         1.92819	     7.10857e-08	
         13.8634	         1.92284	         1.92284	     1.34804e-07	
         13.9709	         1.92946	         1.92946	     1.90186e-07	
         14.0784	         1.94551	         1.94551	     2.06025e-07	
         14.1858	         1.96204	         1.96204	       1.805e-07	
         14.2933	         1.97016	         1.97016	     1.15905e-07	
         14.4008	         1.96796	         1.96796	     2.86171e-08	
         14.5082	         1.96194	         1.96194	    -5.54264e-08	
         14.6157	         1.96225	         1.96225	    -1.17906e-07	
         14.7232	         1.97335	         1.97335	    -1.42333e-07	
         14.8306	          1.9903	          1.9903	    -1.34705e-07	
         14.9381	         2.00555	         2.00555	    -1.06381e-07	
         15.0456	         2.01491	         2.01491	    -6.82138e-08	
         15.1531	         2.01772	         2.01772	     -1.8981e-08	
         15.2605	         2.01403	         2.01403	      3.8836e-08	
          15.368	         2.00454	         2.00454	     8.54198e-08	
         15.4755	         1.99228	         1.99228	     1.10691e-07	
         15.5829	         1.98327	         1.98327	     1.17311e-07	
         15.6904	         1.98273	         1.98273	     1.08087e-07	
         15.7979	          1.9902	          1.9902	     1.04553e-07	
         15.9053	         2.00015	         2.00015	     1.10724e-07	
         16.0128	         2.00857	         2.00857	     1.19368e-07	
         16.1203	         2.01377	         2.01377	     1.23896e-07	
         16.2277	         2.01478	         2.01478	     1.25579e-07	
         16.3352	         2.01092	         2.01092	     1.34671e-07	
         16.4427	         2.00207	         2.00207	     1.63763e-07	
         16.5501	         1.99001	         1.99001	      2.0138e-07	
         16.6576	         1.97697	         1.97697	     2.23438e-07	
         16.7651	          1.9635	          1.9635	     2.12729e-07	
         16.8725	         1.94978	         1.94978	     1.78032e-07	
           16.98	         1.93844	         1.93844	     1.32718e-07	
         17.0875	         1.93557	         1.93557	     9.29702e-08	
          17.195	         1.94368	         1.94368	     8.01458e-08	
         17.3024	         1.95804	         1.95804	     9.58937e-08	
         17.4099	         1.97219	         1.97219	     1.27182e-07	
         17.5174	         1.98256	         1.98256	     1.47202e-07	
         17.6248	          1.9898	          1.9898	     1.40789e-07	
         17.7323	         1.99655	         1.99655	     1.12595e-07	
         17.8398	          2.0047	          2.0047	     8.12312e-08	
         17.9472	         2.01371	         2.01371	      6.9593e-08	
         18.0547	         2.02112	         2.02112	     9.71519e-08	
         18.1622	         2.02588	         2.02588	     1.57657e-07	
         18.2696	         2.02788	         2.02788	     2.29452e-07	
         18.3771	         2.02775	         2.02775	     2.86556e-07	
         18.4846	         2.02659	         2.02659	     3.04808e-07	
          18.592	         2.02506	         2.02506	     2.80866e-07	
         18.6995	          2.0229	          2.0229	     2.37406e-07	
          18.807	         2.02027	         2.02027	     2.02275e-07	
         18.9144	         2.01813	         2.01813	     1.95226e-07	
         19.0219	         2.01781	         2.01781	     2.17601e-07	
         19.1294	         2.02176	         2.02176	     2.40506e-07	
         19.2369	         2.03042	         2.03042	     2.34253e-07	
         19.3443	         2.03988	         2.03988	      1.8112e-07	
         19.4518	         2.04266	         2.04266	     8.73765e-08	
         19.5593	         2.03609	         2.03609	    -6.15817e-09	
         19.6667	         2.02525	         2.02525	    -6.03157e-08	
         19.7742	         2.01954	         2.01954	    -6.33632e-08	
         19.8817	         2.02413	         2.02413	    -3.47779e-08	
         19.9891	         2.03682	         2.03682	     2.41528e-09	
         20.0966	         2.05153	         2.05153	     4.10303e-08	
         20.2041	         2.06287	         2.06287	     8.98837e-08	
         20.3115	         2.06866	         2.06866	     1.43904e-07	
          20.419	         2.06853	         2.06853	     1.95072e-07	
         20.5265	         2.06377	         2.06377	     2.25851e-07	
         20.6339	         2.05664	         2.05664	      2.2718e-07	
         20.7414	         2.04924	         2.04924	     2.05889e-07	
         20.8489	         2.04296	         2.04296	     1.75784e-07	
         20.9563	         2.03904	         2.03904	     1.42332e-07	
         21.0638	         2.03817	         2.03817	     1.03138e-07	
         21.1713	         2.04052	         2.04052	     5.88116e-08	
         21.2788	         2.04563	         2.04563	     1.45786e-08	
         21.3862	         2.05299	         2.05299	    -1.49872e-08	
         21.4937	         2.06233	         2.06233	    -2.81163e-08	
         21.6012	         2.07071	         2.07071	    -4.77324e-08	
         21.7086	         2.07333	         2.07333	    -8.24075e-08	
         21.8161	          2.0684	          2.0684	    -1.40078e-07	
