       0.0486896	      0.00181135	      0.00181135	    -4.85498e-10	
       0.0973793	      0.00640596	      0.00640596	    -1.64737e-09	
        0.146069	       0.0134806	       0.0134806	    -3.25631e-09	
        0.194759	       0.0231423	       0.0231423	    -5.08559e-09	
        0.243448	       0.0357878	       0.0357878	    -6.91532e-09	
        0.292138	       0.0520523	       0.0520523	    -8.55063e-09	
        0.340827	       0.0727171	       0.0727171	    -9.88495e-09	
        0.389517	       0.0985613	       0.0985613	     -1.0973e-08	
        0.438207	        0.130179	        0.130179	    -1.19834e-08	
        0.486896	        0.167813	        0.167813	    -1.31877e-08	
        0.535586	        0.211248	        0.211248	     -1.4868e-08	
        0.584276	        0.259796	        0.259796	     -1.7276e-08	
        0.632965	        0.312344	        0.312344	    -2.06102e-08	
        0.681655	        0.367469	        0.367469	    -2.50142e-08	
        0.730344	        0.423572	        0.423572	    -3.05938e-08	
        0.779034	         0.47902	         0.47902	    -3.74024e-08	
        0.827724	        0.532276	        0.532276	    -4.54863e-08	
        0.876413	        0.582003	        0.582003	    -5.48944e-08	
        0.925103	        0.627146	        0.627146	    -6.56054e-08	
        0.973793	        0.666977	        0.666977	    -7.75866e-08	
         1.02248	        0.701122	        0.701122	    -9.07394e-08	
         1.07117	        0.729562	        0.729562	    -1.04883e-07	
         1.11986	        0.752617	        0.752618	    -1.19733e-07	
         1.16855	        0.770914	        0.770915	    -1.34879e-07	
         1.21724	        0.785333	        0.785333	    -1.49778e-07	
         1.26593	         0.79694	         0.79694	    -1.63752e-07	
         1.31462	        0.806901	        0.806901	    -1.76012e-07	
         1.36331	        0.816379	        0.816379	    -1.85714e-07	
           1.412	        0.826428	        0.826428	    -1.92033e-07	
         1.46069	        0.837895	        0.837895	    -1.94273e-07	
         1.50938	         0.85134	        0.851341	    -1.91955e-07	
         1.55807	        0.867004	        0.867005	    -1.84894e-07	
         1.60676	        0.884814	        0.884814	    -1.73223e-07	
         1.65545	         0.90443	         0.90443	    -1.57364e-07	
         1.70414	        0.925326	        0.925326	    -1.37978e-07	
         1.75283	        0.946872	        0.946872	    -1.15894e-07	
         1.80152	         0.96842	         0.96842	    -9.20432e-08	
         1.85021	        0.989365	        0.989365	    -6.73997e-08	
          1.8989	          1.0092	          1.0092	    -4.29196e-08	
         1.94759	         1.02753	         1.02753	    -1.94828e-08	
         1.99627	          1.0441	          1.0441	     2.16091e-09	
         2.04496	         1.05876	         1.05876	     2.14186e-08	
         2.09365	         1.07149	         1.07149	      3.7839e-08	
         2.14234	         1.08236	         1.08236	     5.10671e-08	
         2.19103	         1.09153	         1.09153	     6.08157e-08	
         2.23972	         1.09924	         1.09924	     6.68822e-08	
         2.28841	         1.10579	         1.10579	     6.91811e-08	
          2.3371	         1.11157	         1.11157	     6.77747e-08	
         2.38579	           1.117	           1.117	     6.29108e-08	
         2.43448	         1.12255	         1.12255	     5.50619e-08	
         2.48317	          1.1287	          1.1287	     4.49454e-08	
         2.53186	         1.13588	         1.13588	     3.35116e-08	
         2.58055	         1.14443	         1.14443	     2.18715e-08	
         2.62924	         1.15462	         1.15462	     1.11536e-08	
         2.67793	         1.16657	         1.16657	     2.34672e-09	
         2.72662	         1.18025	         1.18025	    -3.81243e-09	
         2.77531	         1.19549	         1.19549	     -6.8908e-09	
           2.824	         1.21197	         1.21197	    -6.75163e-09	
         2.87269	         1.22922	         1.22922	    -3.50137e-09	
         2.92138	         1.24671	         1.24671	     2.58746e-09	
         2.97007	          1.2638	          1.2638	     1.11526e-08	
         3.01876	         1.27987	         1.27987	     2.18024e-08	
         3.06745	         1.29433	         1.29433	     3.41558e-08	
         3.11614	          1.3067	          1.3067	      4.7867e-08	
         3.16483	         1.31659	         1.31659	     6.26481e-08	
         3.21352	         1.32384	         1.32384	     7.82988e-08	
         3.26221	         1.32843	         1.32843	     9.47404e-08	
         3.31089	          1.3306	          1.3306	     1.12024e-07	
         3.35958	         1.33079	         1.33079	     1.30283e-07	
         3.40827	         1.32961	         1.32961	     1.49595e-07	
         3.45696	         1.32781	         1.32781	     1.69784e-07	
         3.50565	         1.32622	         1.32621	     1.90209e-07	
         3.55434	         1.32566	         1.32566	     2.09691e-07	
         3.60303	          1.3269	          1.3269	     2.26642e-07	
         3.65172	         1.33057	         1.33057	     2.39428e-07	
         3.70041	         1.33713	         1.33713	     2.46824e-07	
          3.7491	         1.34683	         1.34683	     2.48403e-07	
         3.79779	         1.35967	         1.35967	     2.44695e-07	
         3.84648	         1.37544	         1.37544	     2.37061e-07	
         3.89517	         1.39368	         1.39368	     2.27313e-07	
         3.94386	         1.41374	         1.41374	     2.17201e-07	
         3.99255	         1.43486	         1.43486	     2.08009e-07	
         4.04124	         1.45624	         1.45624	     2.00377e-07	
         4.08993	         1.47714	         1.47714	     1.94287e-07	
         4.13862	         1.49692	         1.49692	     1.89133e-07	
         4.18731	         1.51512	         1.51512	     1.83899e-07	
           4.236	         1.53147	         1.53147	     1.77447e-07	
         4.28469	          1.5459	          1.5459	     1.68811e-07	
         4.33338	          1.5585	          1.5585	     1.57426e-07	
         4.38207	         1.56955	         1.56955	     1.43255e-07	
         4.43076	          1.5794	          1.5794	     1.26784e-07	
         4.47945	         1.58848	         1.58848	     1.08876e-07	
         4.52814	         1.59724	         1.59724	     9.04536e-08	
         4.57683	         1.60609	         1.60609	      7.2072e-08	
         4.62552	         1.61543	         1.61543	     5.35286e-08	
          4.6742	         1.62558	         1.62558	     3.37289e-08	
         4.72289	         1.63682	         1.63682	      1.0931e-08	
         4.77158	         1.64933	         1.64933	    -1.66499e-08	
         4.82027	         1.66319	         1.66319	    -5.00837e-08	
         4.86896	         1.67838	         1.67838	    -8.91259e-08	
         4.91765	         1.69475	         1.69475	    -1.32041e-07	
         4.96634	         1.71209	         1.71209	    -1.75961e-07	
         5.01503	         1.73011	         1.73011	    -2.17676e-07	
         5.06372	         1.74847	         1.74847	    -2.54581e-07	
         5.11241	         1.76687	         1.76687	     -2.8536e-07	
          5.1611	         1.78504	         1.78504	     -3.1015e-07	
         5.20979	         1.80282	         1.80282	    -3.30142e-07	
         5.25848	         1.82015	         1.82015	    -3.46901e-07	
         5.30717	         1.83708	         1.83708	    -3.61748e-07	
         5.35586	          1.8537	          1.8537	     -3.7545e-07	
         5.40455	         1.87013	         1.87013	     -3.8817e-07	
         5.45324	         1.88643	         1.88643	    -3.99491e-07	
         5.50193	         1.90258	         1.90258	    -4.08359e-07	
         5.55062	         1.91845	         1.91846	    -4.13043e-07	
         5.59931	         1.93386	         1.93386	    -4.11293e-07	
           5.648	         1.94851	         1.94851	    -4.00774e-07	
         5.69669	          1.9621	          1.9621	    -3.79647e-07	
         5.74538	         1.97432	         1.97432	    -3.47063e-07	
         5.79407	          1.9849	          1.9849	    -3.03465e-07	
         5.84276	         1.99363	         1.99363	    -2.50663e-07	
         5.89145	         2.00038	         2.00038	    -1.91706e-07	
         5.94014	         2.00511	         2.00511	    -1.30506e-07	
         5.98882	          2.0079	          2.0079	     -7.1182e-08	
         6.03751	         2.00895	         2.00895	    -1.72428e-08	
          6.0862	         2.00854	         2.00854	     2.91192e-08	
         6.13489	         2.00705	         2.00705	     6.73666e-08	
         6.18358	         2.00489	         2.00489	      9.8469e-08	
         6.23227	         2.00248	         2.00248	     1.24335e-07	
         6.28096	         2.00017	         2.00017	     1.47027e-07	
         6.32965	         1.99825	         1.99825	     1.68054e-07	
         6.37834	         1.99692	         1.99692	     1.88006e-07	
         6.42703	         1.99629	         1.99629	     2.06578e-07	
         6.47572	         1.99643	         1.99643	     2.22782e-07	
         6.52441	         1.99733	         1.99733	     2.35226e-07	
          6.5731	         1.99902	         1.99902	     2.42544e-07	
         6.62179	         2.00154	         2.00153	     2.43996e-07	
         6.67048	         2.00493	         2.00493	     2.39905e-07	
         6.71917	         2.00928	         2.00928	     2.31642e-07	
         6.76786	         2.01463	         2.01463	      2.2111e-07	
         6.81655	         2.02096	         2.02096	     2.09988e-07	
         6.86524	         2.02813	         2.02813	     1.99083e-07	
         6.91393	         2.03588	         2.03588	     1.88045e-07	
         6.96262	         2.04386	         2.04386	     1.75484e-07	
         7.01131	         2.05164	         2.05164	     1.59396e-07	
            7.06	         2.05881	         2.05881	     1.37793e-07	
         7.10869	         2.06497	         2.06497	     1.09426e-07	
         7.15738	         2.06983	         2.06983	     7.44101e-08	
         7.20607	         2.07319	         2.07319	     3.45172e-08	
         7.25476	         2.07503	         2.07503	    -6.98577e-09	
         7.30344	         2.07546	         2.07546	    -4.58586e-08	
         7.35213	         2.07472	         2.07472	    -7.75753e-08	
         7.40082	         2.07314	         2.07314	    -9.80745e-08	
         7.44951	         2.07106	         2.07106	    -1.04586e-07	
          7.4982	         2.06879	         2.06879	    -9.64702e-08	
         7.54689	         2.06656	         2.06656	    -7.57049e-08	
         7.59558	          2.0645	          2.0645	    -4.64831e-08	
         7.64427	          2.0627	          2.0627	    -1.38962e-08	
         7.69296	         2.06126	         2.06126	      1.7597e-08	
         7.74165	         2.06034	         2.06034	     4.52188e-08	
         7.79034	         2.06023	         2.06023	     6.82733e-08	
         7.83903	         2.06126	         2.06126	      8.8022e-08	
         7.88772	         2.06375	         2.06375	     1.07142e-07	
         7.93641	         2.06796	         2.06795	     1.28838e-07	
          7.9851	         2.07395	         2.07395	     1.55807e-07	
         8.03379	         2.08161	         2.08161	     1.89405e-07	
         8.08248	         2.09062	         2.09062	     2.29262e-07	
         8.13117	         2.10047	         2.10047	     2.73279e-07	
         8.17986	         2.11061	         2.11061	      3.1786e-07	
         8.22855	         2.12051	         2.12051	     3.58404e-07	
         8.27724	         2.12975	         2.12975	     3.90073e-07	
         8.32593	          2.1381	          2.1381	     4.08723e-07	
         8.37462	          2.1455	          2.1455	     4.11731e-07	
         8.42331	         2.15206	         2.15206	     3.98601e-07	
           8.472	         2.15797	         2.15797	     3.71231e-07	
         8.52069	          2.1634	          2.1634	     3.33796e-07	
         8.56938	         2.16844	         2.16844	     2.92115e-07	
         8.61806	         2.17302	         2.17302	     2.52557e-07	
         8.66675	         2.17695	         2.17695	     2.20832e-07	
         8.71544	         2.17993	         2.17993	     2.01136e-07	
         8.76413	          2.1817	          2.1817	     1.95917e-07	
         8.81282	         2.18208	         2.18208	      2.0613e-07	
         8.86151	         2.18107	         2.18107	      2.3165e-07	
          8.9102	         2.17882	         2.17882	     2.71519e-07	
         8.95889	         2.17565	         2.17565	     3.23931e-07	
         9.00758	         2.17197	         2.17197	     3.86067e-07	
         9.05627	         2.16824	         2.16824	     4.53988e-07	
         9.10496	         2.16489	         2.16489	     5.22687e-07	
         9.15365	         2.16228	         2.16228	     5.86401e-07	
         9.20234	         2.16061	         2.16061	     6.39283e-07	
         9.25103	         2.15994	         2.15994	     6.76403e-07	
         9.29972	         2.16018	         2.16018	     6.94644e-07	
         9.34841	         2.16118	         2.16118	     6.92979e-07	
          9.3971	         2.16274	         2.16273	     6.72157e-07	
         9.44579	         2.16469	         2.16469	     6.34184e-07	
         9.49448	         2.16696	         2.16696	     5.81854e-07	
         9.54317	         2.16954	         2.16954	     5.18456e-07	
         9.59186	         2.17251	         2.17251	     4.47661e-07	
         9.64055	         2.17601	         2.17601	     3.73467e-07	
         9.68924	         2.18017	         2.18017	     2.99914e-07	
         9.73793	         2.18508	         2.18508	     2.30471e-07	
         9.78662	         2.19073	         2.19073	     1.67232e-07	
         9.83531	         2.19695	         2.19695	     1.10268e-07	
           9.884	         2.20347	         2.20347	      5.7407e-08	
         9.93268	         2.20991	         2.20991	     4.65084e-09	
         9.98137	         2.21578	         2.21578	    -5.27071e-08	
         10.0301	          2.2206	          2.2206	    -1.18438e-07	
         10.0788	         2.22391	         2.22391	    -1.93782e-07	
         10.1274	         2.22538	         2.22538	    -2.76566e-07	
         10.1761	         2.22485	         2.22485	    -3.61394e-07	
         10.2248	         2.22237	         2.22237	    -4.40749e-07	
         10.2735	          2.2182	          2.2182	    -5.06561e-07	
         10.3222	         2.21278	         2.21278	    -5.51839e-07	
         10.3709	         2.20664	         2.20664	    -5.72093e-07	
         10.4196	         2.20039	         2.20039	    -5.66338e-07	
         10.4683	         2.19463	         2.19463	    -5.37292e-07	
          10.517	         2.18987	         2.18987	    -4.90591e-07	
         10.5657	         2.18656	         2.18656	    -4.33462e-07	
         10.6143	         2.18505	         2.18505	    -3.73462e-07	
          10.663	         2.18557	         2.18557	    -3.17346e-07	
         10.7117	         2.18822	         2.18822	     -2.6969e-07	
         10.7604	         2.19296	         2.19296	    -2.31393e-07	
         10.8091	         2.19961	         2.19961	    -1.99078e-07	
         10.8578	         2.20792	         2.20792	    -1.66294e-07	
         10.9065	         2.21752	         2.21752	    -1.26139e-07	
         10.9552	         2.22793	         2.22793	    -7.39497e-08	
         11.0039	         2.23855	         2.23855	    -8.82349e-09	
         11.0525	          2.2487	          2.2487	     6.63832e-08	
         11.1012	         2.25769	         2.25769	     1.46213e-07	
         11.1499	         2.26496	         2.26496	     2.24345e-07	
         11.1986	         2.27014	         2.27014	     2.95371e-07	
         11.2473	         2.27307	         2.27307	     3.56104e-07	
          11.296	         2.27382	         2.27382	     4.06059e-07	
         11.3447	         2.27267	         2.27267	     4.46959e-07	
         11.3934	         2.27002	         2.27002	     4.81542e-07	
         11.4421	          2.2663	          2.2663	     5.12193e-07	
         11.4908	         2.26194	         2.26194	     5.40103e-07	
         11.5394	         2.25731	         2.25731	     5.65346e-07	
         11.5881	         2.25265	         2.25265	     5.87707e-07	
         11.6368	         2.24813	         2.24813	      6.0757e-07	
         11.6855	         2.24381	         2.24381	     6.26153e-07	
         11.7342	         2.23972	         2.23972	     6.44957e-07	
         11.7829	         2.23583	         2.23583	     6.64885e-07	
         11.8316	          2.2321	          2.2321	     6.85626e-07	
         11.8803	         2.22849	         2.22849	     7.05546e-07	
          11.929	         2.22498	         2.22498	     7.21994e-07	
         11.9776	         2.22155	         2.22155	     7.31907e-07	
         12.0263	         2.21824	         2.21824	     7.32697e-07	
          12.075	         2.21514	         2.21514	     7.23238e-07	
         12.1237	         2.21236	         2.21236	     7.04497e-07	
         12.1724	         2.21002	         2.21002	     6.79313e-07	
         12.2211	         2.20827	         2.20827	     6.51412e-07	
         12.2698	         2.20723	         2.20723	     6.24268e-07	
         12.3185	         2.20699	         2.20699	     6.00219e-07	
         12.3672	         2.20759	         2.20759	     5.79717e-07	
         12.4159	           2.209	           2.209	     5.60667e-07	
         12.4645	         2.21112	         2.21112	     5.38304e-07	
         12.5132	         2.21384	         2.21384	      5.0607e-07	
         12.5619	         2.21707	         2.21707	     4.57247e-07	
         12.6106	         2.22077	         2.22077	     3.86661e-07	
         12.6593	         2.22495	         2.22495	     2.91903e-07	
          12.708	         2.22965	         2.22965	     1.73838e-07	
         12.7567	         2.23486	         2.23486	     3.65194e-08	
         12.8054	         2.24051	         2.24051	    -1.13304e-07	
         12.8541	         2.24645	         2.24645	     -2.6702e-07	
         12.9028	         2.25245	         2.25245	    -4.15467e-07	
         12.9514	         2.25827	         2.25827	    -5.50527e-07	
         13.0001	         2.26364	         2.26364	    -6.66411e-07	
         13.0488	         2.26833	         2.26833	    -7.60085e-07	
         13.0975	         2.27212	         2.27212	    -8.30713e-07	
         13.1462	         2.27486	         2.27486	    -8.78501e-07	
         13.1949	         2.27647	         2.27647	    -9.03611e-07	
         13.2436	         2.27698	         2.27698	    -9.05643e-07	
         13.2923	         2.27648	         2.27649	    -8.83831e-07	
          13.341	         2.27515	         2.27515	    -8.37777e-07	
         13.3896	          2.2732	          2.2732	    -7.68449e-07	
         13.4383	         2.27087	         2.27088	    -6.79062e-07	
          13.487	         2.26843	         2.26843	    -5.75314e-07	
         13.5357	         2.26613	         2.26613	    -4.64601e-07	
         13.5844	         2.26423	         2.26423	    -3.54444e-07	
         13.6331	           2.263	           2.263	    -2.51003e-07	
         13.6818	         2.26271	         2.26271	    -1.58358e-07	
         13.7305	         2.26359	         2.26359	    -7.85884e-08	
         13.7792	         2.26578	         2.26578	    -1.22055e-08	
         13.8279	         2.26929	         2.26929	      4.1423e-08	
         13.8765	         2.27394	         2.27394	     8.37176e-08	
         13.9252	         2.27942	         2.27942	      1.1634e-07	
         13.9739	         2.28525	         2.28525	     1.40411e-07	
         14.0226	         2.29095	         2.29095	     1.55896e-07	
         14.0713	         2.29603	         2.29603	     1.61614e-07	
           14.12	         2.30009	         2.30009	     1.55922e-07	
         14.1687	         2.30286	         2.30286	     1.37758e-07	
         14.2174	         2.30425	         2.30425	     1.07587e-07	
         14.2661	         2.30433	         2.30433	     6.78622e-08	
         14.3148	         2.30327	         2.30327	     2.27522e-08	
         14.3634	         2.30139	         2.30139	    -2.27476e-08	
         14.4121	         2.29901	         2.29901	    -6.39436e-08	
         14.4608	         2.29646	         2.29646	    -9.73384e-08	
         14.5095	         2.29401	         2.29401	    -1.21098e-07	
         14.5582	         2.29183	         2.29183	     -1.3516e-07	
         14.6069	         2.29003	         2.29003	    -1.41031e-07	
         14.6556	         2.28861	         2.28861	    -1.41226e-07	
         14.7043	         2.28753	         2.28753	    -1.38464e-07	
          14.753	         2.28677	         2.28677	    -1.34913e-07	
         14.8016	         2.28633	         2.28633	    -1.31732e-07	
         14.8503	         2.28627	         2.28627	     -1.2897e-07	
          14.899	         2.28666	         2.28666	    -1.25774e-07	
         14.9477	         2.28754	         2.28754	    -1.20868e-07	
         14.9964	         2.28887	         2.28887	    -1.13225e-07	
         15.0451	         2.29055	         2.29055	    -1.02677e-07	
         15.0938	         2.29242	         2.29242	    -8.99988e-08	
         15.1425	         2.29426	         2.29426	    -7.63281e-08	
         15.1912	         2.29586	         2.29586	    -6.23894e-08	
         15.2399	         2.29701	         2.29701	    -4.81262e-08	
         15.2885	         2.29749	         2.29749	    -3.29348e-08	
         15.3372	         2.29717	         2.29717	     -1.6266e-08	
         15.3859	           2.296	           2.296	     1.78198e-09	
         15.4346	         2.29406	         2.29406	     2.02008e-08	
         15.4833	         2.29153	         2.29153	     3.73234e-08	
          15.532	         2.28872	         2.28872	     5.15181e-08	
         15.5807	         2.28599	         2.28599	     6.19593e-08	
         15.6294	         2.28371	         2.28371	     6.89381e-08	
         15.6781	         2.28218	         2.28218	     7.33161e-08	
         15.7268	         2.28165	         2.28165	     7.53052e-08	
         15.7754	         2.28225	         2.28225	     7.34509e-08	
         15.8241	         2.28401	         2.28401	     6.46433e-08	
         15.8728	         2.28681	         2.28681	     4.51057e-08	
         15.9215	          2.2904	          2.2904	     1.16067e-08	
         15.9702	         2.29439	         2.29439	    -3.76912e-08	
         16.0189	         2.29836	         2.29836	    -1.02764e-07	
         16.0676	          2.3019	          2.3019	    -1.81512e-07	
         16.1163	         2.30469	         2.30469	    -2.69961e-07	
          16.165	          2.3066	          2.3066	    -3.63052e-07	
         16.2136	         2.30765	         2.30765	    -4.55713e-07	
         16.2623	         2.30802	         2.30802	    -5.43518e-07	
          16.311	         2.30794	         2.30795	    -6.22581e-07	
         16.3597	         2.30769	         2.30769	    -6.89219e-07	
         16.4084	         2.30744	         2.30744	    -7.40232e-07	
         16.4571	         2.30734	         2.30734	    -7.73764e-07	
         16.5058	         2.30738	         2.30738	    -7.89958e-07	
         16.5545	         2.30753	         2.30753	     -7.9089e-07	
         16.6032	         2.30768	         2.30768	    -7.79909e-07	
         16.6519	         2.30774	         2.30774	    -7.60782e-07	
         16.7005	         2.30765	         2.30765	    -7.36907e-07	
         16.7492	          2.3074	          2.3074	    -7.10697e-07	
         16.7979	         2.30703	         2.30703	    -6.83118e-07	
         16.8466	          2.3066	          2.3066	     -6.5361e-07	
         16.8953	         2.30617	         2.30617	    -6.20792e-07	
          16.944	         2.30578	         2.30579	    -5.84027e-07	
         16.9927	         2.30544	         2.30544	    -5.45102e-07	
         17.0414	         2.30507	         2.30507	    -5.08806e-07	
         17.0901	         2.30456	         2.30456	    -4.81822e-07	
         17.1388	         2.30376	         2.30376	     -4.7044e-07	
         17.1874	         2.30254	         2.30254	    -4.78232e-07	
         17.2361	         2.30078	         2.30078	    -5.04745e-07	
         17.2848	          2.2984	          2.2984	     -5.4559e-07	
         17.3335	         2.29543	         2.29543	    -5.93659e-07	
         17.3822	         2.29196	         2.29196	    -6.40762e-07	
         17.4309	         2.28819	         2.28819	     -6.7904e-07	
         17.4796	         2.28443	         2.28443	    -7.01731e-07	
         17.5283	         2.28102	         2.28102	    -7.03259e-07	
          17.577	         2.27833	         2.27833	     -6.7905e-07	
         17.6256	         2.27668	         2.27668	    -6.25805e-07	
         17.6743	         2.27631	         2.27631	    -5.42639e-07	
          17.723	         2.27733	         2.27734	    -4.32571e-07	
         17.7717	         2.27975	         2.27975	    -3.03042e-07	
         17.8204	         2.28343	         2.28343	    -1.64596e-07	
         17.8691	         2.28815	         2.28815	    -2.81885e-08	
         17.9178	         2.29362	         2.29362	     9.73358e-08	
         17.9665	         2.29954	         2.29954	     2.06378e-07	
         18.0152	         2.30561	         2.30561	     2.96135e-07	
         18.0639	         2.31155	         2.31155	     3.65216e-07	
         18.1125	         2.31712	         2.31712	     4.12324e-07	
         18.1612	         2.32208	         2.32208	     4.35787e-07	
         18.2099	          2.3262	          2.3262	     4.34075e-07	
         18.2586	         2.32927	         2.32926	     4.06793e-07	
         18.3073	         2.33106	         2.33106	     3.55489e-07	
          18.356	         2.33142	         2.33142	     2.83958e-07	
         18.4047	         2.33022	         2.33022	     1.97921e-07	
         18.4534	         2.32748	         2.32748	     1.04119e-07	
         18.5021	          2.3233	          2.3233	     8.95377e-09	
         18.5507	         2.31798	         2.31798	    -8.29732e-08	
         18.5994	          2.3119	          2.3119	    -1.69813e-07	
         18.6481	         2.30554	         2.30554	    -2.52192e-07	
         18.6968	         2.29935	         2.29935	     -3.3151e-07	
         18.7455	         2.29368	         2.29368	    -4.07846e-07	
         18.7942	         2.28868	         2.28868	    -4.79179e-07	
         18.8429	         2.28435	         2.28435	    -5.42489e-07	
         18.8916	         2.28057	         2.28057	    -5.95536e-07	
         18.9403	         2.27716	         2.27716	    -6.37784e-07	
          18.989	         2.27399	         2.27399	    -6.69975e-07	
         19.0376	         2.27102	         2.27102	    -6.92907e-07	
         19.0863	         2.26833	         2.26833	    -7.06425e-07	
          19.135	          2.2661	          2.2661	    -7.09436e-07	
         19.1837	         2.26452	         2.26452	    -7.00958e-07	
         19.2324	         2.26376	         2.26376	     -6.8134e-07	
         19.2811	         2.26392	         2.26392	    -6.52663e-07	
         19.3298	         2.26496	         2.26496	    -6.17996e-07	
         19.3785	         2.26671	         2.26671	    -5.79913e-07	
         19.4272	         2.26892	         2.26892	    -5.39075e-07	
         19.4759	         2.27128	         2.27128	    -4.93546e-07	
         19.5245	         2.27347	         2.27347	    -4.39195e-07	
         19.5732	         2.27523	         2.27523	    -3.71037e-07	
         19.6219	         2.27634	         2.27634	    -2.85042e-07	
         19.6706	         2.27669	         2.27669	    -1.79813e-07	
         19.7193	         2.27623	         2.27623	    -5.76855e-08	
          19.768	         2.27507	         2.27507	     7.51494e-08	
         19.8167	         2.27337	         2.27337	     2.09682e-07	
         19.8654	         2.27134	         2.27134	     3.35985e-07	
         19.9141	         2.26918	         2.26918	     4.45142e-07	
         19.9627	         2.26705	         2.26705	     5.30275e-07	
         20.0114	         2.26505	         2.26505	      5.8639e-07	
         20.0601	         2.26321	         2.26321	     6.09665e-07	
         20.1088	         2.26155	         2.26155	     5.97117e-07	
         20.1575	         2.26008	         2.26008	      5.4718e-07	
         20.2062	          2.2588	          2.2588	      4.6085e-07	
         20.2549	         2.25769	         2.25769	     3.42501e-07	
         20.3036	         2.25676	         2.25676	     1.99691e-07	
         20.3523	           2.256	           2.256	     4.20643e-08	
          20.401	         2.25537	         2.25537	     -1.1998e-07	
         20.4496	          2.2548	          2.2548	    -2.76196e-07	
         20.4983	         2.25423	         2.25423	    -4.16847e-07	
          20.547	         2.25359	         2.25359	    -5.32955e-07	
         20.5957	          2.2529	         2.25291	    -6.16989e-07	
         20.6444	         2.25223	         2.25223	    -6.64105e-07	
         20.6931	         2.25172	         2.25172	    -6.73565e-07	
         20.7418	         2.25152	         2.25152	    -6.49719e-07	
         20.7905	         2.25177	         2.25177	     -6.0193e-07	
         20.8392	         2.25253	         2.25253	    -5.43007e-07	
         20.8879	         2.25377	         2.25377	     -4.8631e-07	
         20.9365	         2.25539	         2.25539	    -4.42418e-07	
         20.9852	         2.25727	         2.25727	    -4.16597e-07	
         21.0339	         2.25929	         2.25929	    -4.08042e-07	
         21.0826	         2.26136	         2.26136	    -4.11105e-07	
         21.1313	         2.26345	         2.26345	    -4.17952e-07	
           21.18	         2.26555	         2.26555	    -4.21581e-07	
         21.2287	         2.26765	         2.26765	    -4.18062e-07	
         21.2774	         2.26973	         2.26973	    -4.07257e-07	
         21.3261	         2.27172	         2.27172	    -3.92112e-07	
         21.3747	         2.27351	         2.27351	    -3.77198e-07	
         21.4234	         2.27493	         2.27493	    -3.67383e-07	
         21.4721	         2.27584	         2.27584	    -3.67075e-07	
         21.5208	         2.27611	         2.27611	    -3.79909e-07	
         21.5695	         2.27567	         2.27567	    -4.08431e-07	
         21.6182	          2.2746	          2.2746	     -4.5368e-07	
         21.6669	         2.27307	         2.27307	     -5.1498e-07	
         21.7156	         2.27135	         2.27135	    -5.90332e-07	
         21.7643	         2.26971	         2.26971	    -6.77325e-07	
          21.813	         2.26841	         2.26841	    -7.73986e-07	
         21.8616	         2.26764	         2.26764	    -8.78956e-07	
         21.9103	          2.2675	          2.2675	    -9.90936e-07	
          21.959	         2.26799	         2.26799	    -1.10796e-06	
         22.0077	         2.26905	         2.26905	    -1.22717e-06	
         22.0564	         2.27055	         2.27055	    -1.34536e-06	
         22.1051	         2.27235	         2.27235	    -1.46013e-06	
         22.1538	         2.27427	         2.27427	     -1.5705e-06	
         22.2025	          2.2761	          2.2761	    -1.67667e-06	
         22.2512	         2.27762	         2.27762	    -1.77901e-06	
         22.2999	         2.27862	         2.27862	    -1.87702e-06	
         22.3485	         2.27893	         2.27893	    -1.96887e-06	
         22.3972	         2.27842	         2.27842	     -2.0513e-06	
         22.4459	         2.27705	         2.27706	    -2.11986e-06	
         22.4946	         2.27487	         2.27487	    -2.16935e-06	
         22.5433	         2.27199	         2.27199	    -2.19434e-06	
          22.592	         2.26863	         2.26863	     -2.1898e-06	
         22.6407	         2.26504	         2.26504	    -2.15179e-06	
         22.6894	          2.2615	          2.2615	    -2.07797e-06	
         22.7381	         2.25828	         2.25829	    -1.96795e-06	
         22.7867	         2.25562	         2.25562	    -1.82345e-06	
         22.8354	         2.25366	         2.25366	    -1.64849e-06	
         22.8841	         2.25246	         2.25247	    -1.44938e-06	
         22.9328	         2.25197	         2.25197	    -1.23458e-06	
         22.9815	           2.252	           2.252	    -1.01384e-06	
         23.0302	         2.25227	         2.25227	    -7.96333e-07	
         23.0789	         2.25249	         2.25249	    -5.88772e-07	
         23.1276	         2.25237	         2.25238	    -3.94835e-07	
         23.1763	         2.25173	         2.25173	    -2.16099e-07	
          23.225	         2.25044	         2.25044	      -5.339e-08	
         23.2736	         2.24851	         2.24851	      9.2704e-08	
         23.3223	         2.24607	         2.24607	     2.22419e-07	
          23.371	         2.24336	         2.24336	     3.37802e-07	
         23.4197	         2.24072	         2.24072	     4.42928e-07	
         23.4684	         2.23861	         2.23861	     5.42656e-07	
         23.5171	          2.2375	          2.2375	     6.40382e-07	
         23.5658	          2.2379	          2.2379	     7.36132e-07	
         23.6145	         2.24019	         2.24019	     8.25963e-07	
         23.6632	         2.24462	         2.24462	     9.02458e-07	
         23.7119	          2.2512	          2.2512	     9.56124e-07	
         23.7605	         2.25965	         2.25965	     9.78361e-07	
         23.8092	         2.26942	         2.26942	     9.65452e-07	
         23.8579	         2.27977	         2.27977	     9.20598e-07	
         23.9066	         2.28995	         2.28995	     8.52402e-07	
         23.9553	         2.29927	         2.29927	     7.71285e-07	
          24.004	         2.30718	         2.30718	     6.85871e-07	
         24.0527	         2.31327	         2.31327	     6.00598e-07	
         24.1014	         2.31727	         2.31727	     5.15205e-07	
         24.1501	         2.31906	         2.31906	     4.26104e-07	
         24.1987	         2.31862	         2.31862	     3.28883e-07	
         24.2474	         2.31608	         2.31608	     2.20745e-07	
         24.2961	         2.31166	         2.31166	     1.01928e-07	
         24.3448	          2.3057	          2.3057	    -2.42422e-08	
         24.3935	         2.29864	         2.29864	     -1.5248e-07	
         24.4422	         2.29096	         2.29096	    -2.77353e-07	
         24.4909	         2.28316	         2.28316	     -3.9513e-07	
         24.5396	         2.27566	         2.27566	    -5.04889e-07	
         24.5883	         2.26883	         2.26883	     -6.0843e-07	
          24.637	         2.26291	         2.26291	     -7.0921e-07	
         24.6856	         2.25803	         2.25803	    -8.11055e-07	
         24.7343	         2.25425	         2.25425	    -9.17104e-07	
          24.783	         2.25157	         2.25157	    -1.02906e-06	
         24.8317	         2.24998	         2.24998	    -1.14656e-06	
         24.8804	         2.24947	         2.24947	    -1.26646e-06	
         24.9291	          2.2501	          2.2501	    -1.38248e-06	
         24.9778	         2.25199	         2.25199	    -1.48553e-06	
         25.0265	         2.25525	         2.25526	    -1.56501e-06	
         25.0752	         2.25995	         2.25995	    -1.61101e-06	
         25.1239	         2.26599	         2.26599	    -1.61664e-06	
         25.1725	         2.27307	         2.27307	    -1.57971e-06	
         25.2212	         2.28072	         2.28072	    -1.50305e-06	
         25.2699	         2.28834	         2.28835	    -1.39339e-06	
         25.3186	         2.29532	         2.29533	     -1.2593e-06	
         25.3673	         2.30114	         2.30114	    -1.10922e-06	
          25.416	         2.30544	         2.30544	     -9.5009e-07	
         25.4647	         2.30808	         2.30808	    -7.86945e-07	
         25.5134	         2.30908	         2.30908	    -6.23325e-07	
         25.5621	         2.30867	         2.30867	    -4.62251e-07	
         25.6107	         2.30711	         2.30711	    -3.07234e-07	
         25.6594	         2.30471	         2.30471	    -1.62694e-07	
         25.7081	         2.30173	         2.30173	    -3.33219e-08	
         25.7568	         2.29835	         2.29835	     7.75106e-08	
         25.8055	         2.29469	         2.29469	     1.69482e-07	
         25.8542	         2.29079	         2.29079	     2.46123e-07	
         25.9029	         2.28668	         2.28668	     3.14063e-07	
         25.9516	         2.28241	         2.28241	     3.80933e-07	
         26.0003	         2.27808	         2.27808	     4.52777e-07	
          26.049	         2.27389	         2.27388	     5.31945e-07	
         26.0976	         2.27011	         2.27011	     6.16194e-07	
         26.1463	         2.26711	         2.26711	     6.99127e-07	
          26.195	         2.26525	         2.26525	      7.7157e-07	
         26.2437	          2.2648	          2.2648	     8.23398e-07	
         26.2924	         2.26585	         2.26585	     8.45709e-07	
         26.3411	         2.26827	         2.26827	     8.33391e-07	
         26.3898	         2.27169	         2.27169	     7.87426e-07	
         26.4385	         2.27565	         2.27564	      7.1586e-07	
         26.4872	         2.27965	         2.27965	     6.32975e-07	
         26.5358	          2.2833	          2.2833	     5.57005e-07	
         26.5845	          2.2863	          2.2863	     5.06841e-07	
         26.6332	         2.28851	         2.28851	     4.98162e-07	
         26.6819	         2.28991	         2.28991	     5.39564e-07	
         26.7306	         2.29056	         2.29056	     6.29596e-07	
         26.7793	         2.29063	         2.29063	     7.55677e-07	
          26.828	         2.29031	         2.29031	     8.95563e-07	
         26.8767	         2.28982	         2.28982	     1.02132e-06	
         26.9254	         2.28939	         2.28939	     1.10496e-06	
         26.9741	         2.28925	         2.28925	     1.12399e-06	
         27.0227	         2.28957	         2.28957	     1.06538e-06	
         27.0714	         2.29046	         2.29046	     9.26838e-07	
         27.1201	         2.29194	         2.29194	     7.16221e-07	
         27.1688	         2.29396	         2.29396	     4.49975e-07	
         27.2175	         2.29642	         2.29642	      1.5114e-07	
         27.2662	         2.29912	         2.29912	    -1.53502e-07	
         27.3149	         2.30188	         2.30188	    -4.37214e-07	
         27.3636	          2.3045	          2.3045	    -6.77283e-07	
         27.4123	         2.30681	         2.30682	    -8.57897e-07	
          27.461	         2.30872	         2.30872	     -9.7111e-07	
         27.5096	         2.31016	         2.31016	    -1.01603e-06	
         27.5583	         2.31112	         2.31112	    -9.96949e-07	
          27.607	         2.31163	         2.31163	    -9.21376e-07	
         27.6557	         2.31171	         2.31171	    -7.98575e-07	
         27.7044	         2.31139	         2.31139	    -6.39115e-07	
         27.7531	         2.31074	         2.31074	    -4.55167e-07	
         27.8018	         2.30985	         2.30985	    -2.61013e-07	
         27.8505	         2.30883	         2.30883	    -7.30563e-08	
         27.8992	         2.30781	         2.30781	     9.11801e-08	
         27.9478	         2.30687	         2.30687	      2.1527e-07	
         27.9965	         2.30608	         2.30608	     2.86963e-07	
         28.0452	         2.30547	         2.30547	     3.01252e-07	
         28.0939	         2.30502	         2.30502	     2.62326e-07	
         28.1426	         2.30474	         2.30474	     1.83573e-07	
         28.1913	         2.30469	         2.30469	     8.54686e-08	
           28.24	         2.30496	         2.30496	    -8.09025e-09	
         28.2887	         2.30566	         2.30566	    -7.40454e-08	
         28.3374	          2.3069	          2.3069	    -9.42359e-08	
         28.3861	         2.30875	         2.30875	    -5.87973e-08	
         28.4347	         2.31116	         2.31116	     3.15276e-08	
         28.4834	         2.31395	         2.31395	     1.65015e-07	
         28.5321	         2.31684	         2.31684	      3.2144e-07	
         28.5808	         2.31949	         2.31949	     4.77353e-07	
         28.6295	         2.32154	         2.32154	     6.12414e-07	
         28.6782	         2.32267	         2.32267	      7.1415e-07	
         28.7269	         2.32266	         2.32266	      7.7921e-07	
         28.7756	         2.32142	         2.32142	     8.11264e-07	
         28.8243	         2.31903	         2.31903	     8.17188e-07	
          28.873	         2.31568	         2.31568	     8.03212e-07	
         28.9216	          2.3117	          2.3117	     7.71896e-07	
         28.9703	         2.30741	         2.30741	     7.20295e-07	
          29.019	         2.30315	         2.30315	     6.39896e-07	
         29.0677	         2.29914	         2.29914	     5.19113e-07	
         29.1164	         2.29551	         2.29551	     3.48181e-07	
         29.1651	         2.29231	         2.29231	     1.24443e-07	
         29.2138	         2.28952	         2.28952	    -1.44729e-07	
         29.2625	         2.28713	         2.28713	    -4.42726e-07	
         29.3112	         2.28511	         2.28511	    -7.47442e-07	
         29.3598	         2.28346	         2.28346	    -1.03614e-06	
         29.4085	         2.28218	         2.28218	    -1.28961e-06	
         29.4572	         2.28128	         2.28128	    -1.49454e-06	
         29.5059	          2.2807	          2.2807	    -1.64399e-06	
         29.5546	         2.28035	         2.28036	    -1.73665e-06	
         29.6033	         2.28013	         2.28013	    -1.77587e-06	
          29.652	          2.2799	          2.2799	    -1.76861e-06	
         29.7007	         2.27959	         2.27959	    -1.72436e-06	
         29.7494	         2.27921	         2.27921	    -1.65413e-06	
         29.7981	         2.27884	         2.27884	    -1.56985e-06	
         29.8467	         2.27865	         2.27865	    -1.48432e-06	
         29.8954	         2.27887	         2.27887	     -1.4111e-06	
         29.9441	         2.27975	         2.27975	    -1.36356e-06	
         29.9928	         2.28147	         2.28148	    -1.35271e-06	
         30.0415	         2.28412	         2.28412	     -1.3842e-06	
         30.0902	         2.28761	         2.28762	    -1.45576e-06	
         30.1389	         2.29173	         2.29173	    -1.55668e-06	
         30.1876	         2.29612	         2.29612	    -1.66987e-06	
         30.2363	         2.30042	         2.30042	     -1.7757e-06	
          30.285	         2.30427	         2.30427	    -1.85605e-06	
         30.3336	         2.30744	         2.30745	    -1.89712e-06	
         30.3823	         2.30984	         2.30985	    -1.89077e-06	
          30.431	         2.31154	         2.31154	    -1.83487e-06	
         30.4797	          2.3127	          2.3127	    -1.73282e-06	
         30.5284	         2.31359	          2.3136	    -1.59261e-06	
         30.5771	         2.31445	         2.31445	     -1.4252e-06	
         30.6258	         2.31544	         2.31544	    -1.24294e-06	
         30.6745	          2.3166	          2.3166	    -1.05806e-06	
         30.7232	         2.31785	         2.31786	    -8.81601e-07	
         30.7718	         2.31902	         2.31902	    -7.22545e-07	
         30.8205	         2.31982	         2.31982	    -5.87438e-07	
         30.8692	         2.31994	         2.31994	    -4.80506e-07	
         30.9179	         2.31907	         2.31907	    -4.04181e-07	
         30.9666	         2.31697	         2.31697	    -3.59482e-07	
         31.0153	         2.31347	         2.31347	    -3.45828e-07	
          31.064	         2.30859	         2.30859	    -3.60375e-07	
         31.1127	         2.30255	         2.30255	    -3.97544e-07	
         31.1614	         2.29573	         2.29573	    -4.49218e-07	
         31.2101	         2.28868	         2.28868	    -5.05535e-07	
         31.2587	         2.28199	         2.28199	    -5.55915e-07	
         31.3074	         2.27622	         2.27622	     -5.9014e-07	
         31.3561	         2.27183	         2.27183	    -5.99453e-07	
         31.4048	         2.26908	         2.26908	    -5.77551e-07	
         31.4535	         2.26803	         2.26803	    -5.21254e-07	
         31.5022	         2.26861	         2.26861	    -4.30794e-07	
         31.5509	         2.27062	         2.27062	     -3.1016e-07	
         31.5996	         2.27382	         2.27382	    -1.67873e-07	
         31.6483	         2.27798	         2.27798	    -1.77269e-08	
          31.697	         2.28287	         2.28287	     1.21624e-07	
         31.7456	         2.28832	         2.28832	      2.2901e-07	
         31.7943	         2.29415	         2.29415	     2.84657e-07	
          31.843	         2.30022	         2.30022	      2.7432e-07	
         31.8917	         2.30633	         2.30633	      1.9197e-07	
         31.9404	         2.31224	         2.31224	     4.01456e-08	
         31.9891	         2.31767	         2.31767	    -1.71796e-07	
         32.0378	         2.32226	         2.32226	    -4.30597e-07	
         32.0865	         2.32569	         2.32569	      -7.223e-07	
         32.1352	         2.32768	         2.32768	    -1.03491e-06	
         32.1838	         2.32805	         2.32805	    -1.35985e-06	
         32.2325	         2.32679	         2.32679	    -1.69186e-06	
         32.2812	         2.32407	         2.32407	    -2.02699e-06	
         32.3299	         2.32019	         2.32019	    -2.35911e-06	
         32.3786	         2.31557	         2.31557	    -2.67634e-06	
         32.4273	         2.31069	         2.31069	    -2.96035e-06	
          32.476	         2.30601	         2.30602	    -3.19005e-06	
         32.5247	         2.30198	         2.30198	    -3.34806e-06	
         32.5734	         2.29894	         2.29895	    -3.42582e-06	
         32.6221	         2.29716	         2.29717	    -3.42504e-06	
         32.6707	         2.29677	         2.29678	    -3.35516e-06	
         32.7194	         2.29776	         2.29777	    -3.22914e-06	
         32.7681	         2.30002	         2.30002	    -3.06004e-06	
         32.8168	         2.30332	         2.30332	    -2.85963e-06	
         32.8655	         2.30737	         2.30738	    -2.63851e-06	
         32.9142	         2.31184	         2.31184	    -2.40691e-06	
         32.9629	         2.31632	         2.31632	    -2.17549e-06	
         33.0116	         2.32041	         2.32041	    -1.95573e-06	
         33.0603	         2.32374	         2.32374	     -1.7594e-06	
         33.1089	         2.32603	         2.32603	    -1.59707e-06	
         33.1576	          2.3271	          2.3271	    -1.47633e-06	
         33.2063	         2.32686	         2.32687	    -1.40009e-06	
          33.255	         2.32537	         2.32537	    -1.36535e-06	
         33.3037	         2.32277	         2.32277	    -1.36304e-06	
         33.3524	         2.31926	         2.31926	    -1.37916e-06	
         33.4011	         2.31514	         2.31515	    -1.39742e-06	
         33.4498	         2.31072	         2.31073	    -1.40287e-06	
         33.4985	         2.30633	         2.30633	    -1.38554e-06	
         33.5472	         2.30228	         2.30228	    -1.34314e-06	
         33.5958	         2.29886	         2.29887	    -1.28175e-06	
         33.6445	         2.29632	         2.29632	     -1.2144e-06	
         33.6932	         2.29475	         2.29475	    -1.15761e-06	
         33.7419	         2.29415	         2.29415	    -1.12724e-06	
         33.7906	         2.29432	         2.29432	    -1.13517e-06	
         33.8393	         2.29498	         2.29498	    -1.18791e-06	
          33.888	         2.29577	         2.29577	    -1.28721e-06	
         33.9367	         2.29636	         2.29636	    -1.43198e-06	
         33.9854	         2.29652	         2.29652	    -1.62009e-06	
         34.0341	         2.29613	         2.29614	      -1.849e-06	
         34.0827	         2.29521	         2.29521	    -2.11524e-06	
         34.1314	         2.29383	         2.29384	     -2.4132e-06	
         34.1801	         2.29213	         2.29213	    -2.73366e-06	
         34.2288	         2.29021	         2.29021	    -3.06255e-06	
         34.2775	         2.28817	         2.28818	    -3.38074e-06	
         34.3262	         2.28611	         2.28611	    -3.66608e-06	
         34.3749	         2.28413	         2.28414	    -3.89724e-06	
         34.4236	         2.28244	         2.28244	    -4.05729e-06	
         34.4723	         2.28131	         2.28131	    -4.13589e-06	
         34.5209	         2.28106	         2.28106	    -4.13003e-06	
         34.5696	         2.28201	         2.28201	     -4.0441e-06	
         34.6183	         2.28437	         2.28438	    -3.88926e-06	
          34.667	          2.2882	         2.28821	     -3.6819e-06	
         34.7157	         2.29333	         2.29333	    -3.44123e-06	
         34.7644	         2.29938	         2.29938	    -3.18667e-06	
         34.8131	         2.30587	         2.30587	    -2.93558e-06	
         34.8618	         2.31229	          2.3123	    -2.70202e-06	
         34.9105	         2.31823	         2.31823	    -2.49611e-06	
         34.9592	         2.32337	         2.32337	    -2.32382e-06	
         35.0078	         2.32755	         2.32755	    -2.18696e-06	
         35.0565	          2.3307	         2.33071	    -2.08333e-06	
         35.1052	         2.33283	         2.33283	    -2.00737e-06	
         35.1539	         2.33394	         2.33394	    -1.95121e-06	
         35.2026	         2.33404	         2.33405	    -1.90627e-06	
         35.2513	         2.33315	         2.33316	    -1.86561e-06	
            35.3	         2.33132	         2.33132	    -1.82617e-06	
         35.3487	         2.32868	         2.32868	    -1.78978e-06	
         35.3974	         2.32546	         2.32546	    -1.76204e-06	
         35.4461	           2.322	           2.322	    -1.74923e-06	
         35.4947	         2.31867	         2.31867	    -1.75484e-06	
         35.5434	         2.31579	         2.31579	    -1.77744e-06	
         35.5921	         2.31362	         2.31362	    -1.81097e-06	
         35.6408	         2.31227	         2.31227	    -1.84739e-06	
         35.6895	         2.31174	         2.31174	    -1.88015e-06	
         35.7382	         2.31192	         2.31192	    -1.90679e-06	
         35.7869	         2.31259	         2.31259	    -1.92934e-06	
         35.8356	         2.31348	         2.31348	    -1.95258e-06	
         35.8843	         2.31426	         2.31427	    -1.98103e-06	
         35.9329	          2.3146	         2.31461	    -2.01616e-06	
         35.9816	          2.3142	          2.3142	     -2.0546e-06	
         36.0303	         2.31283	         2.31283	    -2.08812e-06	
          36.079	         2.31042	         2.31043	    -2.10538e-06	
         36.1277	         2.30709	         2.30709	    -2.09567e-06	
         36.1764	         2.30313	         2.30313	     -2.0534e-06	
         36.2251	         2.29904	         2.29905	    -1.98196e-06	
         36.2738	         2.29544	         2.29544	    -1.89473e-06	
         36.3225	         2.29295	         2.29295	    -1.81242e-06	
         36.3712	         2.29209	         2.29209	    -1.75707e-06	
         36.4198	         2.29315	         2.29316	     -1.7455e-06	
         36.4685	         2.29612	         2.29613	    -1.78526e-06	
         36.5172	         2.30069	         2.30069	    -1.87408e-06	
         36.5659	         2.30633	         2.30633	    -2.00182e-06	
         36.6146	         2.31237	         2.31237	    -2.15352e-06	
         36.6633	         2.31814	         2.31814	    -2.31266e-06	
          36.712	         2.32301	         2.32301	    -2.46393e-06	
         36.7607	         2.32649	         2.32649	    -2.59488e-06	
         36.8094	         2.32826	         2.32827	    -2.69653e-06	
         36.8581	         2.32823	         2.32823	    -2.76323e-06	
         36.9067	         2.32645	         2.32645	     -2.7925e-06	
         36.9554	         2.32317	         2.32317	    -2.78563e-06	
         37.0041	         2.31872	         2.31872	    -2.74863e-06	
         37.0528	         2.31344	         2.31344	    -2.69299e-06	
         37.1015	         2.30761	         2.30761	    -2.63499e-06	
         37.1502	         2.30138	         2.30139	    -2.59309e-06	
         37.1989	         2.29481	         2.29481	    -2.58364e-06	
         37.2476	         2.28786	         2.28786	    -2.61649e-06	
         37.2963	         2.28053	         2.28053	    -2.69198e-06	
         37.3449	         2.27292	         2.27292	    -2.80041e-06	
         37.3936	         2.26525	         2.26525	     -2.9233e-06	
         37.4423	         2.25783	         2.25784	    -3.03602e-06	
          37.491	         2.25106	         2.25106	    -3.11172e-06	
         37.5397	         2.24525	         2.24526	    -3.12703e-06	
         37.5884	         2.24068	         2.24069	    -3.06833e-06	
         37.6371	          2.2375	         2.23751	    -2.93614e-06	
         37.6858	         2.23581	         2.23581	    -2.74517e-06	
         37.7345	         2.23563	         2.23563	    -2.51987e-06	
         37.7832	         2.23697	         2.23698	    -2.28747e-06	
         37.8318	         2.23977	         2.23978	    -2.07157e-06	
         37.8805	         2.24389	         2.24389	    -1.88805e-06	
         37.9292	         2.24906	         2.24906	    -1.74305e-06	
         37.9779	         2.25494	         2.25494	    -1.63233e-06	
         38.0266	         2.26112	         2.26112	    -1.54201e-06	
         38.0753	         2.26717	         2.26717	     -1.4516e-06	
          38.124	         2.27272	         2.27273	    -1.33977e-06	
         38.1727	         2.27748	         2.27748	    -1.19176e-06	
         38.2214	         2.28124	         2.28124	    -1.00555e-06	
         38.2701	         2.28394	         2.28394	    -7.94222e-07	
         38.3187	         2.28567	         2.28567	    -5.83334e-07	
         38.3674	         2.28666	         2.28666	    -4.04771e-07	
         38.4161	         2.28728	         2.28728	    -2.89522e-07	
         38.4648	         2.28798	         2.28798	    -2.61617e-07	
         38.5135	         2.28916	         2.28916	    -3.34145e-07	
         38.5622	         2.29111	         2.29111	    -5.07529e-07	
         38.6109	         2.29393	         2.29393	    -7.70126e-07	
         38.6596	         2.29748	         2.29748	    -1.10104e-06	
         38.7083	         2.30147	         2.30148	    -1.47426e-06	
         38.7569	         2.30556	         2.30556	    -1.86256e-06	
         38.8056	         2.30937	         2.30937	    -2.24044e-06	
         38.8543	         2.31262	         2.31262	    -2.58623e-06	
          38.903	          2.3151	          2.3151	    -2.88338e-06	
         38.9517	         2.31667	         2.31667	      -3.121e-06	
         39.0004	         2.31732	         2.31732	    -3.29361e-06	
         39.0491	         2.31713	         2.31713	     -3.4008e-06	
         39.0978	         2.31627	         2.31628	    -3.44703e-06	
         39.1465	         2.31498	         2.31498	     -3.4412e-06	
         39.1952	         2.31347	         2.31347	    -3.39485e-06	
         39.2438	         2.31191	         2.31192	    -3.31862e-06	
         39.2925	         2.31041	         2.31042	    -3.21838e-06	
         39.3412	         2.30902	         2.30902	     -3.0934e-06	
         39.3899	         2.30775	         2.30775	    -2.93739e-06	
         39.4386	         2.30664	         2.30664	    -2.74165e-06	
         39.4873	         2.30579	         2.30579	    -2.49903e-06	
          39.536	         2.30529	         2.30529	    -2.20729e-06	
         39.5847	         2.30527	         2.30527	    -1.87103e-06	
         39.6334	         2.30583	         2.30583	    -1.50158e-06	
         39.6821	         2.30705	         2.30705	     -1.1154e-06	
         39.7307	         2.30898	         2.30898	    -7.32349e-07	
         39.7794	         2.31163	         2.31163	    -3.74435e-07	
         39.8281	         2.31496	         2.31496	     -6.4529e-08	
         39.8768	         2.31888	         2.31888	     1.76112e-07	
         39.9255	         2.32321	         2.32321	     3.30999e-07	
         39.9742	         2.32773	         2.32773	     3.90682e-07	
         40.0229	         2.33219	         2.33219	     3.53416e-07	
         40.0716	         2.33631	         2.33631	      2.2467e-07	
         40.1203	         2.33985	         2.33985	     1.63084e-08	
         40.1689	         2.34258	         2.34258	    -2.54098e-07	
         40.2176	         2.34439	         2.34439	    -5.63911e-07	
         40.2663	         2.34521	         2.34521	    -8.86515e-07	
          40.315	         2.34505	         2.34505	    -1.19351e-06	
         40.3637	         2.34401	         2.34401	    -1.45823e-06	
         40.4124	         2.34225	         2.34225	    -1.65986e-06	
         40.4611	         2.33996	         2.33996	    -1.78694e-06	
         40.5098	         2.33736	         2.33736	    -1.83876e-06	
         40.5585	         2.33465	         2.33465	    -1.82461e-06	
         40.6072	         2.33198	         2.33199	    -1.76097e-06	
         40.6558	         2.32944	         2.32944	     -1.6675e-06	
         40.7045	         2.32704	         2.32704	    -1.56223e-06	
         40.7532	          2.3248	         2.32481	    -1.45738e-06	
         40.8019	         2.32277	         2.32277	    -1.35712e-06	
         40.8506	         2.32103	         2.32103	    -1.25835e-06	
         40.8993	         2.31969	         2.31969	    -1.15397e-06	
          40.948	         2.31891	         2.31891	     -1.0376e-06	
         40.9967	         2.31881	         2.31881	    -9.07867e-07	
         41.0454	         2.31951	         2.31951	    -7.71151e-07	
          41.094	         2.32104	         2.32104	     -6.4183e-07	
         41.1427	         2.32345	         2.32345	    -5.39941e-07	
         41.1914	         2.32671	         2.32671	     -4.8674e-07	
