       0.0268671	     0.000760858	     0.000760858	    -2.92888e-12	
       0.0537342	      0.00254457	      0.00254457	     -1.0399e-11	
       0.0806013	      0.00505117	      0.00505117	    -2.17718e-11	
        0.107468	      0.00814854	      0.00814854	    -3.66738e-11	
        0.134336	       0.0117838	       0.0117838	    -5.47685e-11	
        0.161203	        0.015954	        0.015954	    -7.57173e-11	
         0.18807	       0.0206884	       0.0206884	    -9.92459e-11	
        0.214937	       0.0260353	       0.0260353	    -1.24945e-10	
        0.241804	       0.0320503	       0.0320503	    -1.52516e-10	
        0.268671	       0.0387883	       0.0387883	    -1.81679e-10	
        0.295538	       0.0462952	       0.0462952	    -2.12143e-10	
        0.322405	       0.0546034	       0.0546034	    -2.43596e-10	
        0.349272	       0.0637286	       0.0637286	    -2.75777e-10	
         0.37614	       0.0736686	       0.0736686	    -3.08392e-10	
        0.403007	       0.0844046	       0.0844046	    -3.41045e-10	
        0.429874	       0.0959037	       0.0959037	    -3.73312e-10	
        0.456741	        0.108123	        0.108123	    -4.04567e-10	
        0.483608	        0.121014	        0.121014	    -4.34074e-10	
        0.510475	        0.134527	        0.134527	    -4.60888e-10	
        0.537342	        0.148619	        0.148619	    -4.83847e-10	
        0.564209	        0.163253	        0.163253	    -5.01693e-10	
        0.591076	        0.178404	        0.178404	    -5.12861e-10	
        0.617944	        0.194059	        0.194059	    -5.15809e-10	
        0.644811	         0.21022	         0.21022	    -5.08984e-10	
        0.671678	        0.226896	        0.226896	    -4.90901e-10	
        0.698545	        0.244108	        0.244108	     -4.6029e-10	
        0.725412	         0.26188	         0.26188	    -4.16209e-10	
        0.752279	        0.280235	        0.280235	    -3.57975e-10	
        0.779146	        0.299195	        0.299195	    -2.85373e-10	
        0.806013	        0.318771	        0.318771	     -1.9857e-10	
         0.83288	        0.338967	        0.338967	    -9.81189e-11	
        0.859748	        0.359771	        0.359771	     1.51049e-11	
        0.886615	        0.381157	        0.381157	     1.39905e-10	
        0.913482	        0.403085	        0.403085	     2.74881e-10	
        0.940349	        0.425497	        0.425497	      4.1847e-10	
        0.967216	        0.448324	        0.448324	     5.69011e-10	
        0.994083	        0.471482	        0.471482	     7.24834e-10	
         1.02095	        0.494878	        0.494878	     8.84281e-10	
         1.04782	        0.518408	        0.518408	     1.04598e-09	
         1.07468	        0.541966	        0.541966	     1.20824e-09	
         1.10155	        0.565441	        0.565441	     1.36991e-09	
         1.12842	         0.58872	         0.58872	     1.52995e-09	
         1.15529	        0.611696	        0.611696	     1.68753e-09	
         1.18215	        0.634264	        0.634264	     1.84205e-09	
         1.20902	        0.656329	        0.656329	     1.99311e-09	
         1.23589	        0.677802	        0.677802	     2.14056e-09	
         1.26275	        0.698608	        0.698608	      2.2844e-09	
         1.28962	        0.718681	        0.718681	     2.42477e-09	
         1.31649	        0.737969	        0.737969	     2.56194e-09	
         1.34336	        0.756435	        0.756435	     2.69621e-09	
         1.37022	        0.774052	        0.774052	     2.82792e-09	
         1.39709	        0.790811	        0.790811	     2.95738e-09	
         1.42396	        0.806712	        0.806712	     3.08487e-09	
         1.45082	         0.82177	         0.82177	     3.21057e-09	
         1.47769	        0.836011	        0.836011	     3.33457e-09	
         1.50456	        0.849471	        0.849471	      3.4568e-09	
         1.53143	        0.862195	        0.862195	     3.57701e-09	
         1.55829	        0.874237	        0.874237	     3.69474e-09	
         1.58516	        0.885654	        0.885654	     3.80929e-09	
         1.61203	        0.896511	        0.896511	     3.91978e-09	
         1.63889	        0.906873	        0.906873	     4.02518e-09	
         1.66576	        0.916808	        0.916808	     4.12437e-09	
         1.69263	        0.926382	        0.926382	     4.21623e-09	
          1.7195	        0.935662	        0.935662	     4.29969e-09	
         1.74636	         0.94471	         0.94471	     4.37381e-09	
         1.77323	        0.953585	        0.953585	     4.43778e-09	
          1.8001	        0.962341	        0.962341	     4.49094e-09	
         1.82696	        0.971026	        0.971026	      4.5328e-09	
         1.85383	        0.979681	        0.979681	     4.56295e-09	
          1.8807	        0.988337	        0.988337	     4.58114e-09	
         1.90756	         0.99702	         0.99702	     4.58716e-09	
         1.93443	         1.00575	         1.00575	     4.58096e-09	
          1.9613	         1.01452	         1.01452	     4.56272e-09	
         1.98817	         1.02334	         1.02334	     4.53302e-09	
         2.01503	          1.0322	          1.0322	     4.49289e-09	
          2.0419	         1.04107	         1.04107	      4.4436e-09	
         2.06877	         1.04992	         1.04992	     4.38667e-09	
         2.09563	         1.05874	         1.05874	     4.32392e-09	
          2.1225	         1.06746	         1.06746	     4.25755e-09	
         2.14937	         1.07607	         1.07607	     4.19008e-09	
         2.17624	         1.08451	         1.08451	     4.12416e-09	
          2.2031	         1.09274	         1.09274	     4.06226e-09	
         2.22997	         1.10073	         1.10073	     4.00708e-09	
         2.25684	         1.10845	         1.10845	      3.9618e-09	
          2.2837	         1.11585	         1.11585	     3.92967e-09	
         2.31057	         1.12292	         1.12292	     3.91352e-09	
         2.33744	         1.12962	         1.12962	     3.91566e-09	
         2.36431	         1.13594	         1.13594	     3.93791e-09	
         2.39117	         1.14187	         1.14187	     3.98166e-09	
         2.41804	         1.14742	         1.14742	     4.04813e-09	
         2.44491	         1.15261	         1.15261	     4.13948e-09	
         2.47177	         1.15745	         1.15745	      4.2525e-09	
         2.49864	         1.16196	         1.16196	     4.38553e-09	
         2.52551	         1.16618	         1.16618	     4.53923e-09	
         2.55238	         1.17014	         1.17014	     4.71346e-09	
         2.57924	         1.17387	         1.17387	     4.90772e-09	
         2.60611	         1.17742	         1.17742	     5.12111e-09	
         2.63298	          1.1808	          1.1808	     5.35228e-09	
         2.65984	         1.18404	         1.18404	     5.59969e-09	
         2.68671	         1.18718	         1.18718	     5.86202e-09	
         2.71358	         1.19022	         1.19022	     6.13838e-09	
         2.74045	         1.19318	         1.19318	      6.4284e-09	
         2.76731	         1.19607	         1.19607	     6.73208e-09	
         2.79418	          1.1989	          1.1989	     7.04949e-09	
         2.82105	         1.20167	         1.20167	     7.38032e-09	
         2.84791	         1.20437	         1.20437	     7.72353e-09	
         2.87478	         1.20702	         1.20702	     8.07731e-09	
         2.90165	         1.20961	         1.20961	     8.43936e-09	
         2.92852	         1.21212	         1.21212	     8.80707e-09	
         2.95538	         1.21455	         1.21455	     9.17774e-09	
         2.98225	         1.21691	         1.21691	     9.54863e-09	
         3.00912	         1.21918	         1.21918	     9.91713e-09	
         3.03598	         1.22136	         1.22136	     1.02808e-08	
         3.06285	         1.22345	         1.22345	     1.06373e-08	
         3.08972	         1.22547	         1.22547	     1.09847e-08	
         3.11658	          1.2274	          1.2274	      1.1321e-08	
         3.14345	         1.22927	         1.22927	     1.16449e-08	
         3.17032	         1.23109	         1.23109	     1.19551e-08	
         3.19719	         1.23288	         1.23288	     1.22509e-08	
         3.22405	         1.23466	         1.23466	     1.25319e-08	
         3.25092	         1.23645	         1.23645	     1.27986e-08	
         3.27779	         1.23829	         1.23829	     1.30519e-08	
         3.30465	          1.2402	          1.2402	     1.32934e-08	
         3.33152	          1.2422	          1.2422	      1.3525e-08	
         3.35839	         1.24434	         1.24434	     1.37489e-08	
         3.38526	         1.24664	         1.24664	     1.39674e-08	
         3.41212	         1.24913	         1.24913	     1.41824e-08	
         3.43899	         1.25183	         1.25183	     1.43954e-08	
         3.46586	         1.25477	         1.25477	     1.46066e-08	
         3.49272	         1.25798	         1.25798	     1.48156e-08	
         3.51959	         1.26148	         1.26148	     1.50208e-08	
         3.54646	         1.26529	         1.26529	     1.52198e-08	
         3.57333	         1.26945	         1.26945	     1.54098e-08	
         3.60019	         1.27397	         1.27397	     1.55881e-08	
         3.62706	         1.27886	         1.27886	     1.57504e-08	
         3.65393	         1.28415	         1.28415	      1.5891e-08	
         3.68079	         1.28984	         1.28984	     1.60034e-08	
         3.70766	         1.29596	         1.29596	     1.60804e-08	
         3.73453	         1.30252	         1.30252	     1.61151e-08	
          3.7614	         1.30953	         1.30953	     1.61017e-08	
         3.78826	         1.31701	         1.31701	     1.60368e-08	
         3.81513	         1.32495	         1.32495	       1.592e-08	
           3.842	         1.33335	         1.33335	     1.57541e-08	
         3.86886	         1.34219	         1.34219	     1.55444e-08	
         3.89573	         1.35145	         1.35145	     1.52978e-08	
          3.9226	         1.36109	         1.36109	     1.50217e-08	
         3.94947	         1.37107	         1.37107	     1.47235e-08	
         3.97633	         1.38135	         1.38135	     1.44096e-08	
          4.0032	         1.39188	         1.39188	     1.40852e-08	
         4.03007	         1.40262	         1.40262	     1.37544e-08	
         4.05693	         1.41349	         1.41349	     1.34192e-08	
          4.0838	         1.42444	         1.42444	     1.30804e-08	
         4.11067	          1.4354	          1.4354	      1.2737e-08	
         4.13754	         1.44629	         1.44629	     1.23872e-08	
          4.1644	         1.45705	         1.45705	     1.20289e-08	
         4.19127	          1.4676	          1.4676	     1.16602e-08	
         4.21814	         1.47787	         1.47787	     1.12795e-08	
           4.245	          1.4878	          1.4878	     1.08863e-08	
         4.27187	         1.49734	         1.49734	     1.04805e-08	
         4.29874	         1.50643	         1.50643	     1.00631e-08	
          4.3256	         1.51504	         1.51504	     9.63538e-09	
         4.35247	         1.52315	         1.52315	     9.19919e-09	
         4.37934	         1.53074	         1.53074	     8.75672e-09	
         4.40621	         1.53784	         1.53784	     8.31069e-09	
         4.43307	         1.54444	         1.54444	     7.86473e-09	
         4.45994	         1.55059	         1.55059	     7.42369e-09	
         4.48681	          1.5563	          1.5563	     6.99353e-09	
         4.51367	         1.56164	         1.56164	     6.58087e-09	
         4.54054	         1.56665	         1.56665	      6.1925e-09	
         4.56741	         1.57139	         1.57139	     5.83531e-09	
         4.59428	         1.57593	         1.57593	     5.51675e-09	
         4.62114	         1.58033	         1.58033	     5.24448e-09	
         4.64801	         1.58467	         1.58467	     5.02287e-09	
         4.67488	         1.58899	         1.58899	     4.84998e-09	
         4.70174	         1.59329	         1.59329	     4.72017e-09	
         4.72861	         1.59756	         1.59756	     4.62773e-09	
         4.75548	         1.60175	         1.60175	      4.5676e-09	
         4.78235	         1.60581	         1.60581	      4.5346e-09	
         4.80921	         1.60967	         1.60967	     4.52293e-09	
         4.83608	         1.61327	         1.61327	     4.52607e-09	
         4.86295	         1.61656	         1.61656	     4.53716e-09	
         4.88981	         1.61949	         1.61949	     4.54954e-09	
         4.91668	         1.62205	         1.62205	     4.55741e-09	
         4.94355	         1.62422	         1.62422	     4.55632e-09	
         4.97042	         1.62601	         1.62601	     4.54364e-09	
         4.99728	         1.62747	         1.62747	     4.51867e-09	
         5.02415	         1.62865	         1.62865	     4.48261e-09	
         5.05102	         1.62962	         1.62962	     4.43809e-09	
         5.07788	         1.63048	         1.63048	     4.38858e-09	
         5.10475	         1.63133	         1.63133	     4.33752e-09	
         5.13162	          1.6323	          1.6323	     4.28761e-09	
         5.15849	         1.63348	         1.63348	     4.24059e-09	
         5.18535	         1.63497	         1.63497	     4.19756e-09	
         5.21222	         1.63685	         1.63685	     4.15978e-09	
         5.23909	         1.63919	         1.63919	     4.12935e-09	
         5.26595	         1.64206	         1.64206	     4.10952e-09	
         5.29282	         1.64548	         1.64548	     4.10417e-09	
         5.31969	         1.64951	         1.64951	     4.11547e-09	
         5.34655	         1.65417	         1.65417	     4.13759e-09	
         5.37342	         1.65948	         1.65948	     4.14611e-09	
         5.40029	         1.66544	         1.66544	     4.09789e-09	
         5.42716	           1.672	           1.672	     3.95647e-09	
         5.45402	         1.67906	         1.67906	     3.71932e-09	
         5.48089	         1.68652	         1.68652	     3.41297e-09	
         5.50776	         1.69425	         1.69425	     3.06561e-09	
         5.53462	         1.70214	         1.70214	     2.69684e-09	
         5.56149	         1.71012	         1.71012	     2.32035e-09	
         5.58836	         1.71809	         1.71809	     1.94704e-09	
         5.61523	         1.72599	         1.72599	     1.58649e-09	
         5.64209	         1.73375	         1.73375	     1.24746e-09	
         5.66896	          1.7413	          1.7413	     9.37807e-10	
         5.69583	         1.74858	         1.74858	     6.64338e-10	
         5.72269	         1.75552	         1.75552	     4.32463e-10	
         5.74956	         1.76206	         1.76206	     2.46006e-10	
         5.77643	         1.76815	         1.76815	     1.07105e-10	
          5.8033	         1.77375	         1.77375	     1.62783e-11	
         5.83016	         1.77883	         1.77883	    -2.74292e-11	
         5.85703	         1.78338	         1.78338	    -2.62061e-11	
          5.8839	         1.78738	         1.78738	      1.6749e-11	
         5.91076	         1.79085	         1.79085	     9.74723e-11	
         5.93763	         1.79382	         1.79382	     2.11489e-10	
          5.9645	         1.79634	         1.79634	     3.54049e-10	
         5.99137	         1.79843	         1.79843	     5.20364e-10	
         6.01823	         1.80018	         1.80018	     7.05827e-10	
          6.0451	         1.80163	         1.80163	     9.06211e-10	
         6.07197	         1.80285	         1.80285	     1.11778e-09	
         6.09883	         1.80391	         1.80391	     1.33731e-09	
          6.1257	         1.80487	         1.80487	     1.56207e-09	
         6.15257	         1.80578	         1.80578	     1.78978e-09	
         6.17944	         1.80668	         1.80668	     2.01866e-09	
          6.2063	         1.80763	         1.80763	     2.24756e-09	
         6.23317	         1.80864	         1.80864	     2.47584e-09	
         6.26004	         1.80972	         1.80972	     2.70276e-09	
          6.2869	         1.81088	         1.81088	     2.92697e-09	
         6.31377	         1.81209	         1.81209	     3.14714e-09	
         6.34064	         1.81335	         1.81335	     3.36291e-09	
         6.36751	         1.81463	         1.81463	     3.57545e-09	
         6.39437	         1.81592	         1.81592	     3.78734e-09	
         6.42124	         1.81722	         1.81722	     4.00198e-09	
         6.44811	         1.81853	         1.81853	     4.22224e-09	
         6.47497	         1.81988	         1.81988	     4.44891e-09	
         6.50184	         1.82127	         1.82127	     4.67971e-09	
         6.52871	         1.82274	         1.82274	     4.90894e-09	
         6.55557	         1.82432	         1.82432	     5.12729e-09	
         6.58244	         1.82601	         1.82601	     5.31885e-09	
         6.60931	         1.82782	         1.82782	     5.46206e-09	
         6.63618	         1.82973	         1.82973	     5.54439e-09	
         6.66304	         1.83171	         1.83171	     5.56138e-09	
         6.68991	         1.83376	         1.83376	     5.51175e-09	
         6.71678	         1.83583	         1.83583	     5.39671e-09	
         6.74364	         1.83792	         1.83792	     5.22004e-09	
         6.77051	         1.84001	         1.84001	     4.98837e-09	
         6.79738	         1.84208	         1.84208	     4.71134e-09	
         6.82425	         1.84413	         1.84413	     4.40158e-09	
         6.85111	         1.84616	         1.84616	     4.07407e-09	
         6.87798	         1.84815	         1.84815	     3.74474e-09	
         6.90485	         1.85009	         1.85009	     3.42892e-09	
         6.93171	         1.85197	         1.85197	     3.14033e-09	
         6.95858	         1.85377	         1.85377	     2.89062e-09	
         6.98545	         1.85548	         1.85548	     2.68885e-09	
         7.01232	         1.85707	         1.85707	     2.54086e-09	
         7.03918	         1.85855	         1.85855	     2.44872e-09	
         7.06605	         1.85993	         1.85993	      2.4103e-09	
         7.09292	          1.8612	          1.8612	     2.41959e-09	
         7.11978	         1.86237	         1.86237	      2.4678e-09	
         7.14665	         1.86343	         1.86343	      2.5451e-09	
         7.17352	         1.86439	         1.86439	     2.64171e-09	
         7.20039	         1.86521	         1.86521	     2.74807e-09	
         7.22725	         1.86589	         1.86589	     2.85462e-09	
         7.25412	          1.8664	          1.8664	     2.95192e-09	
         7.28099	         1.86672	         1.86672	     3.03107e-09	
         7.30785	         1.86681	         1.86681	     3.08388e-09	
         7.33472	         1.86666	         1.86666	     3.10264e-09	
         7.36159	         1.86624	         1.86624	     3.08003e-09	
         7.38846	         1.86554	         1.86554	      3.0094e-09	
         7.41532	         1.86458	         1.86458	     2.88486e-09	
         7.44219	         1.86336	         1.86336	     2.70213e-09	
         7.46906	         1.86195	         1.86195	     2.46278e-09	
         7.49592	         1.86038	         1.86038	     2.17833e-09	
         7.52279	         1.85874	         1.85874	     1.86445e-09	
         7.54966	         1.85709	         1.85709	     1.53814e-09	
         7.57653	         1.85549	         1.85549	     1.21931e-09	
         7.60339	         1.85402	         1.85402	      9.3037e-10	
         7.63026	         1.85273	         1.85273	     6.88314e-10	
         7.65713	         1.85166	         1.85166	     4.77418e-10	
         7.68399	         1.85079	         1.85079	     2.49591e-10	
         7.71086	         1.85007	         1.85007	    -1.41058e-11	
         7.73773	         1.84943	         1.84943	    -3.02503e-10	
         7.76459	         1.84884	         1.84884	    -6.02414e-10	
         7.79146	         1.84825	         1.84825	    -9.05464e-10	
         7.81833	         1.84764	         1.84764	    -1.20674e-09	
          7.8452	         1.84697	         1.84697	    -1.50306e-09	
         7.87206	         1.84624	         1.84624	    -1.79202e-09	
         7.89893	         1.84544	         1.84544	    -2.07186e-09	
          7.9258	         1.84457	         1.84457	    -2.34235e-09	
         7.95266	         1.84365	         1.84365	    -2.60799e-09	
         7.97953	         1.84271	         1.84271	    -2.87629e-09	
          8.0064	         1.84176	         1.84176	    -3.11679e-09	
         8.03327	         1.84075	         1.84075	    -3.32035e-09	
         8.06013	         1.83966	         1.83966	    -3.48393e-09	
           8.087	         1.83847	         1.83847	    -3.60314e-09	
         8.11387	         1.83722	         1.83722	    -3.67528e-09	
         8.14073	          1.8359	          1.8359	    -3.70042e-09	
          8.1676	         1.83456	         1.83456	    -3.68244e-09	
         8.19447	         1.83325	         1.83325	    -3.63052e-09	
         8.22134	         1.83199	         1.83199	     -3.5623e-09	
          8.2482	         1.83086	         1.83086	    -3.50508e-09	
         8.27507	         1.82985	         1.82985	    -3.45918e-09	
         8.30194	          1.8289	          1.8289	    -3.40879e-09	
          8.3288	         1.82797	         1.82797	    -3.35547e-09	
         8.35567	           1.827	           1.827	    -3.30307e-09	
         8.38254	         1.82597	         1.82597	    -3.25657e-09	
         8.40941	         1.82486	         1.82486	    -3.22187e-09	
         8.43627	         1.82367	         1.82367	    -3.20507e-09	
         8.46314	         1.82241	         1.82241	    -3.21144e-09	
         8.49001	         1.82109	         1.82109	    -3.24398e-09	
         8.51687	         1.81972	         1.81972	    -3.30268e-09	
         8.54374	         1.81831	         1.81831	    -3.39854e-09	
         8.57061	         1.81684	         1.81684	    -3.51381e-09	
         8.59748	         1.81531	         1.81531	    -3.62771e-09	
         8.62434	         1.81369	         1.81369	    -3.72336e-09	
         8.65121	         1.81198	         1.81198	    -3.78642e-09	
         8.67808	         1.81017	         1.81017	    -3.80675e-09	
         8.70494	         1.80826	         1.80826	    -3.77986e-09	
         8.73181	         1.80627	         1.80627	    -3.70664e-09	
         8.75868	         1.80423	         1.80423	    -3.59162e-09	
         8.78555	          1.8022	          1.8022	    -3.44172e-09	
         8.81241	         1.80026	         1.80026	    -3.26599e-09	
         8.83928	         1.79851	         1.79851	    -3.07488e-09	
         8.86615	         1.79708	         1.79708	    -2.87885e-09	
         8.89301	         1.79609	         1.79609	    -2.68623e-09	
         8.91988	         1.79568	         1.79568	    -2.50094e-09	
         8.94675	         1.79597	         1.79597	    -2.32077e-09	
         8.97361	         1.79703	         1.79703	    -2.13764e-09	
         9.00048	         1.79889	         1.79889	    -1.93893e-09	
         9.02735	         1.80155	         1.80155	    -1.71132e-09	
         9.05422	         1.80489	         1.80489	    -1.45935e-09	
         9.08108	         1.80875	         1.80875	    -1.20387e-09	
         9.10795	         1.81297	         1.81297	    -9.63507e-10	
         9.13482	         1.81737	         1.81737	    -7.52067e-10	
         9.16168	         1.82177	         1.82177	    -5.80549e-10	
         9.18855	         1.82603	         1.82603	    -4.57795e-10	
         9.21542	            1.83	            1.83	    -3.90371e-10	
         9.24229	         1.83357	         1.83357	    -3.82644e-10	
         9.26915	         1.83665	         1.83665	    -4.36894e-10	
         9.29602	         1.83919	         1.83919	    -5.53186e-10	
         9.32289	         1.84116	         1.84116	    -7.28911e-10	
         9.34975	         1.84256	         1.84256	    -9.58639e-10	
         9.37662	         1.84345	         1.84345	    -1.23495e-09	
         9.40349	         1.84389	         1.84389	    -1.54973e-09	
         9.43036	         1.84399	         1.84399	    -1.89337e-09	
         9.45722	         1.84385	         1.84385	    -2.25184e-09	
         9.48409	          1.8436	          1.8436	    -2.60573e-09	
         9.51096	         1.84338	         1.84338	    -2.93284e-09	
         9.53782	         1.84329	         1.84329	    -3.21158e-09	
         9.56469	         1.84344	         1.84344	    -3.42363e-09	
         9.59156	         1.84391	         1.84391	    -3.55599e-09	
         9.61843	         1.84477	         1.84477	    -3.60616e-09	
         9.64529	         1.84605	         1.84605	    -3.59243e-09	
         9.67216	         1.84777	         1.84777	     -3.4777e-09	
         9.69903	         1.84988	         1.84988	    -3.23386e-09	
         9.72589	         1.85233	         1.85233	    -2.87334e-09	
         9.75276	         1.85502	         1.85502	    -2.41187e-09	
         9.77963	         1.85784	         1.85784	    -1.86683e-09	
          9.8065	         1.86065	         1.86065	    -1.25694e-09	
         9.83336	         1.86331	         1.86331	    -6.01703e-10	
         9.86023	         1.86569	         1.86569	     7.91749e-11	
          9.8871	         1.86762	         1.86762	     7.66376e-10	
         9.91396	           1.869	           1.869	     1.44153e-09	
         9.94083	          1.8697	          1.8697	     2.08766e-09	
          9.9677	         1.86963	         1.86963	     2.68966e-09	
         9.99457	         1.86871	         1.86871	     3.23456e-09	
         10.0214	          1.8669	          1.8669	     3.71193e-09	
         10.0483	         1.86418	         1.86418	     4.11418e-09	
         10.0752	         1.86058	         1.86058	     4.43679e-09	
          10.102	         1.85613	         1.85613	     4.67845e-09	
         10.1289	         1.85093	         1.85093	     4.84087e-09	
         10.1558	         1.84509	         1.84509	     4.92813e-09	
         10.1826	         1.83877	         1.83877	     4.94569e-09	
         10.2095	         1.83215	         1.83215	     4.89883e-09	
         10.2364	         1.82545	         1.82545	     4.79134e-09	
         10.2632	         1.81886	         1.81886	     4.62433e-09	
         10.2901	          1.8126	          1.8126	     4.39554e-09	
          10.317	         1.80687	         1.80687	     4.09865e-09	
         10.3438	         1.80182	         1.80182	     3.72348e-09	
         10.3707	          1.7976	          1.7976	     3.25787e-09	
         10.3976	         1.79431	         1.79431	     2.69059e-09	
         10.4244	         1.79201	         1.79201	     2.01297e-09	
         10.4513	         1.79074	         1.79074	     1.22024e-09	
         10.4782	         1.79053	         1.79053	     3.16944e-10	
          10.505	         1.79133	         1.79133	     -6.7835e-10	
         10.5319	          1.7931	          1.7931	    -1.73954e-09	
         10.5588	         1.79578	         1.79578	    -2.83966e-09	
         10.5856	          1.7993	          1.7993	    -3.94948e-09	
         10.6125	          1.8036	          1.8036	    -5.03447e-09	
         10.6394	         1.80864	         1.80864	     -6.0539e-09	
         10.6662	         1.81437	         1.81437	    -6.96212e-09	
         10.6931	         1.82076	         1.82076	    -7.71115e-09	
           10.72	         1.82777	         1.82777	    -8.24881e-09	
         10.7468	         1.83525	         1.83525	    -8.55348e-09	
         10.7737	         1.84303	         1.84303	     -8.6155e-09	
         10.8006	         1.85098	         1.85098	    -8.43704e-09	
         10.8274	         1.85896	         1.85896	    -8.03333e-09	
         10.8543	         1.86687	         1.86687	    -7.43434e-09	
         10.8812	         1.87458	         1.87458	    -6.68603e-09	
          10.908	         1.88202	         1.88202	    -5.83781e-09	
         10.9349	         1.88907	         1.88907	    -4.92847e-09	
         10.9618	         1.89566	         1.89566	    -3.99084e-09	
         10.9886	         1.90173	         1.90173	    -3.05531e-09	
         11.0155	         1.90724	         1.90724	    -2.14815e-09	
         11.0424	         1.91217	         1.91217	    -1.28963e-09	
         11.0692	         1.91652	         1.91652	    -4.93243e-10	
         11.0961	         1.92032	         1.92032	     2.32816e-10	
          11.123	          1.9236	          1.9236	     8.80457e-10	
         11.1499	         1.92639	         1.92639	     1.43634e-09	
         11.1767	         1.92876	         1.92876	     1.88622e-09	
         11.2036	         1.93073	         1.93073	     2.21826e-09	
         11.2305	         1.93233	         1.93233	     2.41698e-09	
         11.2573	          1.9336	          1.9336	     2.47383e-09	
         11.2842	         1.93455	         1.93455	     2.39468e-09	
         11.3111	         1.93523	         1.93523	     2.19851e-09	
         11.3379	         1.93568	         1.93568	     1.91406e-09	
         11.3648	         1.93594	         1.93594	     1.57585e-09	
         11.3917	         1.93607	         1.93607	      1.2196e-09	
         11.4185	         1.93609	         1.93609	     8.77682e-10	
         11.4454	         1.93603	         1.93603	     5.75731e-10	
         11.4723	         1.93592	         1.93592	     3.31683e-10	
         11.4991	         1.93577	         1.93577	     1.56799e-10	
          11.526	         1.93561	         1.93561	     5.73577e-11	
         11.5529	         1.93547	         1.93547	     3.63019e-11	
         11.5797	         1.93537	         1.93537	     9.45199e-11	
         11.6066	         1.93537	         1.93537	     2.31975e-10	
         11.6335	          1.9355	          1.9355	      4.4868e-10	
         11.6603	         1.93584	         1.93584	     7.45532e-10	
         11.6872	         1.93642	         1.93642	     1.12464e-09	
         11.7141	         1.93731	         1.93731	     1.58831e-09	
         11.7409	         1.93852	         1.93852	     2.13551e-09	
         11.7678	         1.94008	         1.94008	     2.75733e-09	
         11.7947	         1.94196	         1.94196	     3.43636e-09	
         11.8215	         1.94414	         1.94414	     4.15085e-09	
         11.8484	         1.94656	         1.94656	     4.87885e-09	
         11.8753	         1.94919	         1.94919	     5.59985e-09	
         11.9021	         1.95196	         1.95196	     6.29494e-09	
          11.929	         1.95485	         1.95485	     6.94607e-09	
         11.9559	         1.95781	         1.95781	     7.53088e-09	
         11.9827	         1.96081	         1.96081	      8.0084e-09	
         12.0096	         1.96382	         1.96382	     8.32385e-09	
         12.0365	         1.96679	         1.96679	     8.44804e-09	
         12.0633	         1.96969	         1.96969	     8.37813e-09	
         12.0902	         1.97247	         1.97247	     8.12236e-09	
         12.1171	         1.97507	         1.97507	     7.69901e-09	
         12.1439	         1.97745	         1.97745	        7.14e-09	
         12.1708	         1.97954	         1.97954	     6.49356e-09	
         12.1977	         1.98128	         1.98128	     5.82038e-09	
         12.2245	         1.98259	         1.98259	     5.17967e-09	
         12.2514	         1.98342	         1.98342	     4.61602e-09	
         12.2783	         1.98369	         1.98369	     4.15811e-09	
         12.3051	         1.98338	         1.98338	     3.82355e-09	
          12.332	         1.98246	         1.98246	     3.62224e-09	
         12.3589	         1.98091	         1.98091	       3.557e-09	
         12.3857	         1.97876	         1.97876	     3.62331e-09	
         12.4126	         1.97604	         1.97604	     3.80934e-09	
         12.4395	         1.97279	         1.97279	      4.0966e-09	
         12.4663	         1.96909	         1.96909	     4.46124e-09	
         12.4932	         1.96503	         1.96503	     4.87551e-09	
         12.5201	         1.96071	         1.96071	     5.30973e-09	
         12.5469	         1.95625	         1.95625	     5.73453e-09	
         12.5738	         1.95181	         1.95181	      6.1235e-09	
         12.6007	         1.94752	         1.94752	      6.4555e-09	
         12.6275	         1.94353	         1.94353	     6.71516e-09	
         12.6544	         1.93995	         1.93995	     6.89151e-09	
         12.6813	         1.93689	         1.93689	      6.9774e-09	
         12.7081	         1.93441	         1.93441	     6.97158e-09	
          12.735	         1.93255	         1.93255	     6.88138e-09	
         12.7619	         1.93129	         1.93129	     6.72358e-09	
         12.7887	         1.93062	         1.93062	     6.52309e-09	
         12.8156	         1.93047	         1.93047	     6.31015e-09	
         12.8425	         1.93077	         1.93077	     6.11642e-09	
         12.8693	         1.93144	         1.93144	     5.97093e-09	
         12.8962	         1.93237	         1.93237	     5.89657e-09	
         12.9231	         1.93347	         1.93347	     5.90796e-09	
         12.9499	         1.93468	         1.93468	     6.01111e-09	
         12.9768	         1.93592	         1.93592	      6.2039e-09	
         13.0037	         1.93717	         1.93717	     6.46986e-09	
         13.0305	          1.9384	          1.9384	     6.77345e-09	
         13.0574	         1.93959	         1.93959	     7.07696e-09	
         13.0843	         1.94077	         1.94077	     7.34783e-09	
         13.1111	         1.94196	         1.94196	     7.56378e-09	
          13.138	         1.94319	         1.94319	     7.72801e-09	
         13.1649	         1.94447	         1.94447	      7.8431e-09	
         13.1918	         1.94578	         1.94578	     7.88072e-09	
         13.2186	          1.9471	          1.9471	     7.82047e-09	
         13.2455	          1.9484	          1.9484	      7.6554e-09	
         13.2724	         1.94964	         1.94964	     7.38127e-09	
         13.2992	         1.95081	         1.95081	     6.98901e-09	
         13.3261	         1.95186	         1.95186	      6.4684e-09	
          13.353	         1.95274	         1.95274	     5.83095e-09	
         13.3798	         1.95338	         1.95338	     5.10155e-09	
         13.4067	         1.95372	         1.95372	     4.29666e-09	
         13.4336	         1.95371	         1.95371	      3.4284e-09	
         13.4604	         1.95331	         1.95331	     2.50934e-09	
         13.4873	          1.9525	          1.9525	     1.55378e-09	
         13.5142	         1.95126	         1.95126	     5.77513e-10	
          13.541	          1.9496	          1.9496	    -4.02942e-10	
         13.5679	         1.94756	         1.94756	    -1.37138e-09	
         13.5948	         1.94517	         1.94517	    -2.31316e-09	
         13.6216	          1.9425	          1.9425	    -3.21658e-09	
         13.6485	         1.93963	         1.93963	    -4.07421e-09	
         13.6754	         1.93665	         1.93665	    -4.88322e-09	
         13.7022	         1.93366	         1.93366	    -5.64336e-09	
         13.7291	          1.9308	          1.9308	    -6.35204e-09	
          13.756	         1.92819	         1.92819	    -6.99941e-09	
         13.7828	         1.92597	         1.92597	    -7.56649e-09	
         13.8097	         1.92426	         1.92426	    -8.02655e-09	
         13.8366	         1.92318	         1.92318	    -8.34817e-09	
         13.8634	         1.92284	         1.92284	     -8.5004e-09	
         13.8903	         1.92331	         1.92331	     -8.4609e-09	
         13.9172	          1.9246	          1.9246	    -8.22898e-09	
          13.944	         1.92667	         1.92667	    -7.83458e-09	
         13.9709	         1.92946	         1.92946	    -7.32464e-09	
         13.9978	         1.93285	         1.93285	     -6.7489e-09	
         14.0246	         1.93675	         1.93675	    -6.15566e-09	
         14.0515	         1.94102	         1.94102	    -5.57534e-09	
         14.0784	         1.94551	         1.94551	    -5.01909e-09	
         14.1052	         1.95002	         1.95002	    -4.50624e-09	
         14.1321	         1.95439	         1.95439	     -4.0315e-09	
          14.159	         1.95844	         1.95844	    -3.57551e-09	
         14.1858	         1.96204	         1.96204	     -3.1164e-09	
         14.2127	         1.96508	         1.96508	    -2.63523e-09	
         14.2396	         1.96747	         1.96747	    -2.11884e-09	
         14.2664	         1.96917	         1.96917	    -1.56095e-09	
         14.2933	         1.97016	         1.97016	    -9.61902e-10	
         14.3202	         1.97046	         1.97046	    -3.27445e-10	
          14.347	         1.97013	         1.97013	     3.32822e-10	
         14.3739	         1.96926	         1.96926	     1.00725e-09	
         14.4008	         1.96796	         1.96796	     1.68422e-09	
         14.4276	          1.9664	          1.9664	     2.35548e-09	
         14.4545	         1.96475	         1.96475	     3.02756e-09	
         14.4814	         1.96321	         1.96321	     3.71803e-09	
         14.5082	         1.96194	         1.96194	      4.2849e-09	
         14.5351	         1.96107	         1.96107	     4.69286e-09	
          14.562	         1.96075	         1.96075	     4.88249e-09	
         14.5888	         1.96112	         1.96112	     4.79074e-09	
         14.6157	         1.96225	         1.96225	     4.68071e-09	
         14.6426	         1.96411	         1.96411	       4.493e-09	
         14.6694	         1.96664	         1.96664	     4.20941e-09	
         14.6963	         1.96975	         1.96975	     3.82609e-09	
         14.7232	         1.97335	         1.97335	     3.34304e-09	
           14.75	         1.97734	         1.97734	     2.76252e-09	
         14.7769	         1.98158	         1.98158	     2.08827e-09	
         14.8038	         1.98594	         1.98594	      1.3255e-09	
         14.8306	          1.9903	          1.9903	     4.82096e-10	
         14.8575	         1.99453	         1.99453	    -4.30229e-10	
         14.8844	         1.99853	         1.99853	    -1.39595e-09	
         14.9112	         2.00222	         2.00222	    -2.39669e-09	
         14.9381	         2.00555	         2.00555	    -3.41268e-09	
          14.965	          2.0085	          2.0085	    -4.42426e-09	
         14.9918	         2.01105	         2.01105	    -5.41294e-09	
         15.0187	         2.01318	         2.01318	    -6.36086e-09	
         15.0456	         2.01491	         2.01491	    -7.24876e-09	
         15.0724	         2.01623	         2.01623	     -8.0548e-09	
         15.0993	         2.01714	         2.01714	    -8.75598e-09	
         15.1262	         2.01764	         2.01764	    -9.33075e-09	
         15.1531	         2.01772	         2.01772	    -9.76128e-09	
         15.1799	         2.01739	         2.01739	    -1.00355e-08	
         15.2068	         2.01666	         2.01666	    -1.01505e-08	
         15.2337	         2.01553	         2.01553	    -1.01155e-08	
         15.2605	         2.01403	         2.01403	    -9.94445e-09	
         15.2874	         2.01215	         2.01215	    -9.63843e-09	
         15.3143	         2.00991	         2.00991	    -9.18321e-09	
         15.3411	         2.00736	         2.00736	    -8.56134e-09	
          15.368	         2.00454	         2.00454	     -7.7632e-09	
         15.3949	         2.00154	         2.00154	    -6.79175e-09	
         15.4217	         1.99842	         1.99842	    -5.66359e-09	
         15.4486	          1.9953	          1.9953	    -4.40768e-09	
         15.4755	         1.99228	         1.99228	    -3.06276e-09	
         15.5023	         1.98947	         1.98947	    -1.67401e-09	
         15.5292	         1.98697	         1.98697	    -2.88875e-10	
         15.5561	         1.98488	         1.98488	     1.04794e-09	
         15.5829	         1.98327	         1.98327	     2.29797e-09	
         15.6098	         1.98221	         1.98221	     3.42676e-09	
         15.6367	         1.98176	         1.98176	     4.40702e-09	
         15.6635	         1.98195	         1.98195	     5.27475e-09	
         15.6904	         1.98273	         1.98273	     6.06892e-09	
         15.7173	         1.98404	         1.98404	     6.77793e-09	
         15.7441	         1.98579	         1.98579	      7.3926e-09	
          15.771	         1.98787	         1.98787	     7.91168e-09	
         15.7979	          1.9902	          1.9902	     8.33895e-09	
         15.8247	         1.99267	         1.99267	      8.6812e-09	
         15.8516	         1.99519	         1.99519	     8.94686e-09	
         15.8785	         1.99771	         1.99771	      9.1451e-09	
         15.9053	         2.00015	         2.00015	     9.28512e-09	
         15.9322	         2.00249	         2.00249	     9.37524e-09	
         15.9591	         2.00469	         2.00469	     9.42133e-09	
         15.9859	         2.00673	         2.00673	     9.42519e-09	
         16.0128	         2.00857	         2.00857	     9.38346e-09	
         16.0397	         2.01022	         2.01022	     9.28797e-09	
         16.0665	         2.01164	         2.01164	     9.12663e-09	
         16.0934	         2.01283	         2.01283	     8.88459e-09	
         16.1203	         2.01377	         2.01377	      8.5455e-09	
         16.1471	         2.01444	         2.01444	     8.09426e-09	
          16.174	         2.01484	         2.01484	     7.52165e-09	
         16.2009	         2.01496	         2.01496	     6.82995e-09	
         16.2277	         2.01478	         2.01478	     6.03624e-09	
         16.2546	          2.0143	          2.0143	     5.16948e-09	
         16.2815	          2.0135	          2.0135	     4.26285e-09	
         16.3083	         2.01237	         2.01237	     3.34639e-09	
         16.3352	         2.01092	         2.01092	     2.44359e-09	
         16.3621	         2.00914	         2.00914	     1.57229e-09	
         16.3889	         2.00706	         2.00706	     7.47542e-10	
         16.4158	         2.00469	         2.00469	    -1.57274e-11	
         16.4427	         2.00207	         2.00207	    -7.01985e-10	
         16.4695	         1.99925	         1.99925	    -1.29636e-09	
         16.4964	         1.99627	         1.99627	    -1.78769e-09	
         16.5233	         1.99318	         1.99318	    -2.17217e-09	
         16.5501	         1.99001	         1.99001	    -2.45554e-09	
          16.577	         1.98679	         1.98679	     -2.6525e-09	
         16.6039	         1.98354	         1.98354	     -2.7842e-09	
         16.6307	         1.98027	         1.98027	    -2.87465e-09	
         16.6576	         1.97697	         1.97697	    -2.94739e-09	
         16.6845	         1.97365	         1.97365	    -3.02271e-09	
         16.7113	         1.97029	         1.97029	     -3.1157e-09	
         16.7382	         1.96691	         1.96691	    -3.23549e-09	
         16.7651	          1.9635	          1.9635	    -3.38542e-09	
         16.7919	         1.96005	         1.96005	    -3.56406e-09	
         16.8188	          1.9566	          1.9566	    -3.76669e-09	
         16.8457	         1.95316	         1.95316	    -3.98671e-09	
         16.8725	         1.94978	         1.94978	    -4.21695e-09	
         16.8994	         1.94653	         1.94653	    -4.45034e-09	
         16.9263	         1.94349	         1.94349	    -4.67989e-09	
         16.9531	         1.94075	         1.94075	    -4.89715e-09	
           16.98	         1.93844	         1.93844	    -5.08387e-09	
         17.0069	         1.93669	         1.93669	    -5.20509e-09	
         17.0337	         1.93559	         1.93559	    -5.42532e-09	
         17.0606	         1.93521	         1.93521	    -5.70768e-09	
         17.0875	         1.93557	         1.93557	    -6.04485e-09	
         17.1143	         1.93666	         1.93666	    -6.43687e-09	
         17.1412	         1.93843	         1.93843	    -6.87937e-09	
         17.1681	          1.9408	          1.9408	    -7.36158e-09	
          17.195	         1.94368	         1.94368	    -7.86788e-09	
         17.2218	         1.94696	         1.94696	    -8.38023e-09	
         17.2487	         1.95052	         1.95052	    -8.88014e-09	
         17.2756	         1.95425	         1.95425	    -9.34946e-09	
         17.3024	         1.95804	         1.95804	    -9.76947e-09	
         17.3293	          1.9618	          1.9618	    -1.01202e-08	
         17.3562	         1.96545	         1.96545	    -1.03949e-08	
          17.383	         1.96894	         1.96894	    -1.06151e-08	
         17.4099	         1.97219	         1.97219	    -1.08034e-08	
         17.4368	         1.97519	         1.97519	    -1.09721e-08	
         17.4636	          1.9779	          1.9779	    -1.11286e-08	
         17.4905	         1.98036	         1.98036	    -1.12788e-08	
         17.5174	         1.98256	         1.98256	     -1.1427e-08	
         17.5442	         1.98457	         1.98457	    -1.15751e-08	
         17.5711	         1.98641	         1.98641	    -1.17229e-08	
          17.598	         1.98814	         1.98814	    -1.18669e-08	
         17.6248	          1.9898	          1.9898	    -1.20013e-08	
         17.6517	         1.99143	         1.99143	    -1.21182e-08	
         17.6786	         1.99308	         1.99308	    -1.22081e-08	
         17.7054	         1.99478	         1.99478	    -1.22614e-08	
         17.7323	         1.99655	         1.99655	    -1.22686e-08	
         17.7592	         1.99842	         1.99842	    -1.22207e-08	
          17.786	          2.0004	          2.0004	    -1.21086e-08	
         17.8129	          2.0025	          2.0025	    -1.19223e-08	
         17.8398	          2.0047	          2.0047	    -1.16548e-08	
         17.8666	         2.00697	         2.00697	    -1.13096e-08	
         17.8935	         2.00926	         2.00926	    -1.09025e-08	
         17.9204	         2.01152	         2.01152	    -1.04551e-08	
         17.9472	         2.01371	         2.01371	    -9.98826e-09	
         17.9741	         2.01578	         2.01578	    -9.52108e-09	
          18.001	         2.01771	         2.01771	    -9.07198e-09	
         18.0278	          2.0195	          2.0195	    -8.66082e-09	
         18.0547	         2.02112	         2.02112	     -8.3109e-09	
         18.0816	         2.02258	         2.02258	    -8.04685e-09	
         18.1084	         2.02386	         2.02386	    -7.88602e-09	
         18.1353	         2.02496	         2.02496	    -7.83299e-09	
         18.1622	         2.02588	         2.02588	    -7.88268e-09	
          18.189	         2.02663	         2.02663	    -8.02509e-09	
         18.2159	          2.0272	          2.0272	    -8.24712e-09	
         18.2428	         2.02761	         2.02761	    -8.53251e-09	
         18.2696	         2.02788	         2.02788	    -8.86144e-09	
         18.2965	           2.028	           2.028	    -9.21021e-09	
         18.3234	         2.02801	         2.02801	    -9.55143e-09	
         18.3502	         2.02792	         2.02792	    -9.85452e-09	
         18.3771	         2.02775	         2.02775	    -1.00868e-08	
          18.404	         2.02751	         2.02751	    -1.02156e-08	
         18.4308	         2.02723	         2.02723	    -1.02108e-08	
         18.4577	         2.02692	         2.02692	     -1.0049e-08	
         18.4846	         2.02659	         2.02659	    -9.71746e-09	
         18.5114	         2.02624	         2.02624	    -9.21694e-09	
         18.5383	         2.02588	         2.02588	    -8.56305e-09	
         18.5652	         2.02548	         2.02548	    -7.78462e-09	
          18.592	         2.02506	         2.02506	    -6.92025e-09	
         18.6189	         2.02459	         2.02459	    -6.01413e-09	
         18.6458	         2.02408	         2.02408	    -5.11214e-09	
         18.6726	         2.02351	         2.02351	    -4.25889e-09	
         18.6995	          2.0229	          2.0229	    -3.49588e-09	
         18.7264	         2.02225	         2.02225	    -2.86046e-09	
         18.7532	         2.02158	         2.02158	    -2.38537e-09	
         18.7801	         2.02091	         2.02091	    -2.09926e-09	
          18.807	         2.02027	         2.02027	    -2.02563e-09	
         18.8338	         2.01966	         2.01966	    -2.14804e-09	
         18.8607	         2.01909	         2.01909	     -2.4092e-09	
         18.8876	         2.01858	         2.01858	    -2.76528e-09	
         18.9144	         2.01813	         2.01813	    -3.17727e-09	
         18.9413	         2.01778	         2.01778	    -3.60514e-09	
         18.9682	         2.01758	         2.01758	    -4.00934e-09	
          18.995	         2.01757	         2.01757	    -4.35443e-09	
         19.0219	         2.01781	         2.01781	    -4.61329e-09	
         19.0488	         2.01832	         2.01832	     -4.7672e-09	
         19.0756	         2.01914	         2.01914	     -4.8012e-09	
         19.1025	         2.02029	         2.02029	    -4.69935e-09	
         19.1294	         2.02176	         2.02176	    -4.44238e-09	
         19.1562	         2.02353	         2.02353	    -4.00625e-09	
         19.1831	         2.02559	         2.02559	    -3.35953e-09	
           19.21	          2.0279	          2.0279	    -2.44778e-09	
         19.2369	         2.03042	         2.03042	    -1.24427e-09	
         19.2637	         2.03303	         2.03303	     2.06728e-11	
         19.2906	         2.03556	         2.03556	     1.41038e-09	
         19.3175	         2.03789	         2.03789	     2.93281e-09	
         19.3443	         2.03988	         2.03988	     4.57995e-09	
         19.3712	         2.04142	         2.04142	     6.33396e-09	
         19.3981	         2.04244	         2.04244	     8.17136e-09	
         19.4249	         2.04286	         2.04286	     1.00672e-08	
         19.4518	         2.04266	         2.04266	     1.19969e-08	
         19.4787	         2.04183	         2.04183	     1.39367e-08	
         19.5055	          2.0404	          2.0404	     1.58627e-08	
         19.5324	         2.03846	         2.03846	     1.77521e-08	
         19.5593	         2.03609	         2.03609	     1.95838e-08	
         19.5861	         2.03343	         2.03343	     2.13395e-08	
          19.613	         2.03063	         2.03063	     2.30037e-08	
         19.6399	         2.02784	         2.02784	     2.45633e-08	
         19.6667	         2.02525	         2.02525	     2.60048e-08	
         19.6936	         2.02299	         2.02299	     2.73095e-08	
         19.7205	         2.02122	         2.02122	     2.84506e-08	
         19.7473	         2.02005	         2.02005	     2.94022e-08	
         19.7742	         2.01954	         2.01954	     3.01514e-08	
         19.8011	          2.0197	          2.0197	     3.06953e-08	
         19.8279	         2.02055	         2.02055	     3.10339e-08	
         19.8548	         2.02204	         2.02204	     3.11696e-08	
         19.8817	         2.02413	         2.02413	     3.11074e-08	
         19.9085	         2.02674	         2.02674	     3.08548e-08	
         19.9354	         2.02979	         2.02979	     3.04209e-08	
         19.9623	         2.03319	         2.03319	     2.98164e-08	
         19.9891	         2.03682	         2.03682	      2.9053e-08	
          20.016	         2.04057	         2.04057	      2.8144e-08	
         20.0429	         2.04434	         2.04434	     2.71035e-08	
         20.0697	         2.04802	         2.04802	     2.59459e-08	
         20.0966	         2.05153	         2.05153	     2.46836e-08	
         20.1235	          2.0548	          2.0548	     2.33229e-08	
         20.1503	         2.05779	         2.05779	     2.18379e-08	
         20.1772	         2.06048	         2.06048	     2.02441e-08	
         20.2041	         2.06287	         2.06287	     1.88276e-08	
         20.2309	         2.06489	         2.06489	     1.75721e-08	
         20.2578	         2.06653	         2.06653	      1.6506e-08	
         20.2847	         2.06779	         2.06779	     1.56563e-08	
         20.3115	         2.06866	         2.06866	     1.50382e-08	
         20.3384	         2.06916	         2.06916	     1.46524e-08	
         20.3653	         2.06929	         2.06929	     1.44849e-08	
         20.3921	         2.06907	         2.06907	     1.45096e-08	
          20.419	         2.06853	         2.06853	     1.46917e-08	
         20.4459	          2.0677	          2.0677	      1.4991e-08	
         20.4727	          2.0666	          2.0666	     1.53643e-08	
         20.4996	         2.06528	         2.06528	     1.57669e-08	
         20.5265	         2.06377	         2.06377	     1.61538e-08	
         20.5533	         2.06212	         2.06212	      1.6481e-08	
         20.5802	         2.06035	         2.06035	     1.67064e-08	
         20.6071	         2.05851	         2.05851	     1.67916e-08	
         20.6339	         2.05664	         2.05664	     1.67026e-08	
         20.6608	         2.05475	         2.05475	     1.64114e-08	
         20.6877	         2.05287	         2.05287	      1.5897e-08	
         20.7145	         2.05103	         2.05103	     1.51459e-08	
         20.7414	         2.04924	         2.04924	     1.41537e-08	
         20.7683	         2.04752	         2.04752	     1.29264e-08	
         20.7951	         2.04588	         2.04588	     1.14821e-08	
          20.822	         2.04436	         2.04436	     9.85576e-09	
         20.8489	         2.04296	         2.04296	     8.10256e-09	
         20.8757	         2.04172	         2.04172	      6.2931e-09	
         20.9026	         2.04065	         2.04065	     4.49491e-09	
         20.9295	         2.03975	         2.03975	     2.75535e-09	
         20.9563	         2.03904	         2.03904	     1.10089e-09	
         20.9832	         2.03852	         2.03852	    -4.55342e-10	
         21.0101	          2.0382	          2.0382	    -1.90896e-09	
         21.0369	         2.03808	         2.03808	    -3.26247e-09	
         21.0638	         2.03817	         2.03817	    -4.52153e-09	
         21.0907	         2.03846	         2.03846	    -5.68862e-09	
         21.1175	         2.03896	         2.03896	    -6.75987e-09	
         21.1444	         2.03964	         2.03964	      -7.729e-09	
         21.1713	         2.04052	         2.04052	    -8.59429e-09	
         21.1982	         2.04157	         2.04157	    -9.36252e-09	
          21.225	         2.04278	         2.04278	    -1.00478e-08	
         21.2519	         2.04414	         2.04414	    -1.06669e-08	
         21.2788	         2.04563	         2.04563	    -1.12346e-08	
         21.3056	         2.04727	         2.04727	      -1.176e-08	
         21.3325	         2.04903	         2.04903	    -1.22468e-08	
         21.3594	         2.05094	         2.05094	    -1.26959e-08	
         21.3862	         2.05299	         2.05299	    -1.31095e-08	
         21.4131	         2.05518	         2.05518	      -1.349e-08	
           21.44	          2.0575	          2.0575	    -1.38332e-08	
         21.4668	          2.0599	          2.0599	    -1.41223e-08	
         21.4937	         2.06233	         2.06233	    -1.43296e-08	
         21.5206	         2.06472	         2.06472	    -1.44256e-08	
         21.5474	         2.06697	         2.06697	    -1.43877e-08	
         21.5743	         2.06899	         2.06899	    -1.42018e-08	
         21.6012	         2.07071	         2.07071	    -1.38611e-08	
          21.628	         2.07204	         2.07204	    -1.33625e-08	
         21.6549	         2.07295	         2.07295	    -1.27009e-08	
         21.6818	         2.07338	         2.07338	      -1.185e-08	
         21.7086	         2.07333	         2.07333	    -1.07368e-08	
         21.7355	         2.07279	         2.07279	    -9.31862e-09	
         21.7624	         2.07177	         2.07177	    -7.61866e-09	
         21.7892	         2.07029	         2.07029	    -5.67353e-09	
         21.8161	          2.0684	          2.0684	    -3.52664e-09	
          21.843	         2.06616	         2.06616	    -1.23146e-09	
