       0.0486896	      0.00181135	      0.00201953	    -0.000208178	
       0.0973793	      0.00640596	      0.00716178	    -0.000755813	
        0.146069	       0.0134806	       0.0150938	     -0.00161317	
        0.194759	       0.0231423	       0.0259133	     -0.00277099	
        0.243448	       0.0357878	       0.0400119	     -0.00422408	
        0.292138	       0.0520523	       0.0580183	     -0.00596592	
        0.340827	       0.0727171	       0.0807021	     -0.00798499	
        0.389517	       0.0985613	        0.108824	      -0.0102625	
        0.438207	        0.130179	        0.142951	       -0.012772	
        0.486896	        0.167813	        0.183292	      -0.0154794	
        0.535586	        0.211248	        0.229592	      -0.0183435	
        0.584276	        0.259796	        0.281112	      -0.0213161	
        0.632965	        0.312344	        0.336687	      -0.0243436	
        0.681655	        0.367469	        0.394837	       -0.027368	
        0.730344	        0.423572	        0.453901	      -0.0303288	
        0.779034	         0.47902	        0.512185	      -0.0331654	
        0.827724	        0.532276	        0.568094	      -0.0358185	
        0.876413	        0.582003	        0.620236	      -0.0382326	
        0.925103	        0.627146	        0.667505	      -0.0403586	
        0.973793	        0.666977	        0.709133	      -0.0421565	
         1.02248	        0.701122	        0.744721	      -0.0435993	
         1.07117	        0.729562	        0.774237	      -0.0446755	
         1.11986	        0.752617	        0.798009	      -0.0453917	
         1.16855	        0.770914	        0.816687	      -0.0457726	
         1.21724	        0.785333	        0.831192	      -0.0458591	
         1.26593	         0.79694	        0.842646	      -0.0457062	
         1.31462	        0.806901	        0.852281	      -0.0453807	
         1.36331	        0.816379	         0.86134	      -0.0449611	
           1.412	        0.826428	        0.870967	      -0.0445389	
         1.46069	        0.837895	        0.882116	      -0.0442209	
         1.50938	         0.85134	        0.895471	       -0.044131	
         1.55807	        0.867004	        0.911414	      -0.0444097	
         1.60676	        0.884814	        0.930022	      -0.0452081	
         1.65545	         0.90443	        0.951105	      -0.0466749	
         1.70414	        0.925326	        0.974262	      -0.0489356	
         1.75283	        0.946872	        0.998942	      -0.0520701	
         1.80152	         0.96842	         1.02451	      -0.0560925	
         1.85021	        0.989365	         1.05031	       -0.060942	
          1.8989	          1.0092	         1.07568	      -0.0664836	
         1.94759	         1.02753	         1.10005	      -0.0725205	
         1.99627	          1.0441	         1.12291	      -0.0788137	
         2.04496	         1.05876	         1.14386	      -0.0851069	
         2.09365	         1.07149	         1.16264	      -0.0911513	
         2.14234	         1.08236	         1.17909	      -0.0967318	
         2.19103	         1.09153	         1.19322	       -0.101691	
         2.23972	         1.09924	         1.20519	       -0.105948	
         2.28841	         1.10579	          1.2153	       -0.109509	
          2.3371	         1.11157	         1.22402	       -0.112455	
         2.38579	           1.117	         1.23191	       -0.114915	
         2.43448	         1.12255	         1.23959	       -0.117034	
         2.48317	          1.1287	         1.24764	       -0.118938	
         2.53186	         1.13588	          1.2566	        -0.12072	
         2.58055	         1.14443	         1.26688	       -0.122443	
         2.62924	         1.15462	         1.27878	       -0.124155	
         2.67793	         1.16657	         1.29247	       -0.125907	
         2.72662	         1.18025	         1.30801	       -0.127764	
         2.77531	         1.19549	          1.3253	       -0.129814	
           2.824	         1.21197	         1.34413	       -0.132162	
         2.87269	         1.22922	         1.36415	       -0.134926	
         2.92138	         1.24671	         1.38493	       -0.138221	
         2.97007	          1.2638	         1.40595	       -0.142153	
         3.01876	         1.27987	         1.42667	       -0.146799	
         3.06745	         1.29433	         1.44653	       -0.152194	
         3.11614	          1.3067	         1.46502	       -0.158326	
         3.16483	         1.31659	         1.48173	       -0.165133	
         3.21352	         1.32384	         1.49633	       -0.172498	
         3.26221	         1.32843	         1.50868	       -0.180253	
         3.31089	          1.3306	         1.51878	       -0.188174	
         3.35958	         1.33079	         1.52676	       -0.195969	
         3.40827	         1.32961	         1.53289	        -0.20328	
         3.45696	         1.32781	         1.53751	         -0.2097	
         3.50565	         1.32622	         1.54102	       -0.214805	
         3.55434	         1.32566	         1.54384	       -0.218187	
         3.60303	          1.3269	         1.54639	       -0.219497	
         3.65172	         1.33057	         1.54905	       -0.218485	
         3.70041	         1.33713	         1.55216	       -0.215029	
          3.7491	         1.34683	         1.55601	        -0.20918	
         3.79779	         1.35967	         1.56085	       -0.201178	
         3.84648	         1.37544	         1.56689	        -0.19145	
         3.89517	         1.39368	         1.57425	       -0.180564	
         3.94386	         1.41374	         1.58289	       -0.169144	
         3.99255	         1.43486	         1.59264	        -0.15778	
         4.04124	         1.45624	         1.60321	       -0.146967	
         4.08993	         1.47714	          1.6142	       -0.137065	
         4.13862	         1.49692	         1.62522	       -0.128299	
         4.18731	         1.51512	          1.6359	       -0.120782	
           4.236	         1.53147	         1.64602	        -0.11455	
         4.28469	          1.5459	         1.65549	       -0.109593	
         4.33338	          1.5585	         1.66438	       -0.105877	
         4.38207	         1.56955	          1.6729	       -0.103354	
         4.43076	          1.5794	         1.68137	       -0.101973	
         4.47945	         1.58848	         1.69016	       -0.101673	
         4.52814	         1.59724	         1.69961	       -0.102371	
         4.57683	         1.60609	         1.71004	       -0.103947	
         4.62552	         1.61543	         1.72166	       -0.106231	
          4.6742	         1.62558	         1.73458	       -0.108996	
         4.72289	         1.63682	         1.74877	       -0.111949	
         4.77158	         1.64933	         1.76408	       -0.114752	
         4.82027	         1.66319	         1.78024	       -0.117044	
         4.86896	         1.67838	         1.79687	       -0.118495	
         4.91765	         1.69475	          1.8136	       -0.118848	
         4.96634	         1.71209	         1.83006	       -0.117969	
         5.01503	         1.73011	         1.84599	       -0.115877	
         5.06372	         1.74847	         1.86122	       -0.112745	
         5.11241	         1.76687	         1.87573	        -0.10886	
          5.1611	         1.78504	         1.88961	       -0.104572	
         5.20979	         1.80282	         1.90303	       -0.100213	
         5.25848	         1.82015	         1.91618	      -0.0960252	
         5.30717	         1.83708	         1.92919	      -0.0921146	
         5.35586	          1.8537	         1.94215	      -0.0884426	
         5.40455	         1.87013	           1.955	      -0.0848712	
         5.45324	         1.88643	         1.96767	      -0.0812416	
         5.50193	         1.90258	         1.98004	      -0.0774595	
         5.55062	         1.91845	           1.992	      -0.0735479	
         5.59931	         1.93386	          2.0035	      -0.0696451	
           5.648	         1.94851	         2.01446	      -0.0659479	
         5.69669	          1.9621	         2.02473	      -0.0626317	
         5.74538	         1.97432	         2.03411	      -0.0597888	
         5.79407	          1.9849	         2.04231	      -0.0574089	
         5.84276	         1.99363	         2.04903	      -0.0554011	
         5.89145	         2.00038	         2.05401	      -0.0536382	
         5.94014	         2.00511	         2.05711	          -0.052	
         5.98882	          2.0079	          2.0583	      -0.0504015	
         6.03751	         2.00895	         2.05775	      -0.0488029	
          6.0862	         2.00854	         2.05575	      -0.0472064	
         6.13489	         2.00705	          2.0527	      -0.0456503	
         6.18358	         2.00489	          2.0491	       -0.044207	
         6.23227	         2.00248	         2.04546	      -0.0429825	
         6.28096	         2.00017	         2.04228	      -0.0421084	
         6.32965	         1.99825	         2.03997	      -0.0417177	
         6.37834	         1.99692	         2.03882	      -0.0419019	
         6.42703	         1.99629	         2.03895	      -0.0426625	
         6.47572	         1.99643	          2.0403	      -0.0438772	
         6.52441	         1.99733	         2.04263	      -0.0452972	
          6.5731	         1.99902	         2.04561	      -0.0465821	
         6.62179	         2.00154	          2.0489	      -0.0473614	
         6.67048	         2.00493	         2.05223	      -0.0473052	
         6.71917	         2.00928	         2.05546	      -0.0461835	
         6.76786	         2.01463	         2.05852	      -0.0438943	
         6.81655	         2.02096	         2.06141	      -0.0404573	
         6.86524	         2.02813	         2.06411	      -0.0359849	
         6.91393	         2.03588	         2.06653	       -0.030653	
         6.96262	         2.04386	         2.06854	      -0.0246871	
         7.01131	         2.05164	            2.07	      -0.0183592	
            7.06	         2.05881	          2.0708	      -0.0119875	
         7.10869	         2.06497	          2.0709	     -0.00592617	
         7.15738	         2.06983	         2.07037	    -0.000539732	
         7.20607	         2.07319	         2.06935	      0.00383773	
         7.25476	         2.07503	         2.06808	      0.00694755	
         7.30344	         2.07546	         2.06682	      0.00864069	
         7.35213	         2.07472	         2.06583	      0.00888892	
         7.40082	         2.07314	         2.06537	      0.00777087	
         7.44951	         2.07106	         2.06562	      0.00544025	
          7.4982	         2.06879	          2.0667	      0.00208899	
         7.54689	         2.06656	         2.06864	     -0.00207669	
         7.59558	          2.0645	         2.07133	     -0.00682763	
         7.64427	          2.0627	         2.07457	      -0.0118654	
         7.69296	         2.06126	         2.07802	      -0.0167651	
         7.74165	         2.06034	          2.0813	      -0.0209544	
         7.79034	         2.06023	         2.08399	      -0.0237561	
         7.83903	         2.06126	         2.08575	      -0.0244912	
         7.88772	         2.06375	         2.08636	       -0.022611	
         7.93641	         2.06796	         2.08578	       -0.017826	
          7.9851	         2.07395	         2.08415	      -0.0102051	
         8.03379	         2.08161	         2.08183	    -0.000219523	
         8.08248	         2.09062	         2.07933	       0.0112846	
         8.13117	         2.10047	         2.07727	       0.0231945	
         8.17986	         2.11061	          2.0763	        0.034309	
         8.22855	         2.12051	         2.07695	       0.0435598	
         8.27724	         2.12975	         2.07953	       0.0502233	
         8.32593	          2.1381	         2.08406	       0.0540454	
         8.37462	          2.1455	         2.09028	        0.055227	
         8.42331	         2.15206	         2.09776	       0.0543036	
           8.472	         2.15797	         2.10599	       0.0519784	
         8.52069	          2.1634	         2.11445	       0.0489492	
         8.56938	         2.16844	         2.12268	       0.0457547	
         8.61806	         2.17302	         2.13035	       0.0426745	
         8.66675	         2.17695	         2.13724	       0.0397099	
         8.71544	         2.17993	         2.14328	       0.0366528	
         8.76413	          2.1817	         2.14848	       0.0332231	
         8.81282	         2.18208	         2.15285	       0.0292314	
         8.86151	         2.18107	         2.15636	        0.024715	
          8.9102	         2.17882	         2.15882	       0.0200024	
         8.95889	         2.17565	         2.15997	       0.0156795	
         9.00758	         2.17197	          2.1595	        0.012465	
         9.05627	         2.16824	          2.1572	       0.0110357	
         9.10496	         2.16489	         2.15304	       0.0118488	
         9.15365	         2.16228	         2.14727	       0.0150058	
         9.20234	         2.16061	         2.14043	       0.0201824	
         9.25103	         2.15994	         2.13329	       0.0266492	
         9.29972	         2.16018	         2.12679	       0.0333971	
         9.34841	         2.16118	         2.12182	       0.0393584	
          9.3971	         2.16274	         2.11906	       0.0436735	
         9.44579	         2.16469	         2.11878	        0.045912	
         9.49448	         2.16696	          2.1208	       0.0461601	
         9.54317	         2.16954	         2.12459	        0.044947	
         9.59186	         2.17251	         2.12945	       0.0430612	
         9.64055	         2.17601	         2.13467	       0.0413354	
         9.68924	         2.18017	         2.13971	       0.0404591	
         9.73793	         2.18508	         2.14423	       0.0408567	
         9.78662	         2.19073	         2.14808	       0.0426495	
         9.83531	         2.19695	         2.15126	       0.0456919	
           9.884	         2.20347	         2.15382	       0.0496546	
         9.93268	         2.20991	         2.15579	       0.0541163	
         9.98137	         2.21578	         2.15715	       0.0586364	
         10.0301	          2.2206	          2.1578	       0.0628023	
         10.0788	         2.22391	         2.15765	        0.066257	
         10.1274	         2.22538	         2.15666	       0.0687196	
         10.1761	         2.22485	         2.15484	       0.0700073	
         10.2248	         2.22237	         2.15231	       0.0700576	
         10.2735	          2.2182	         2.14926	       0.0689463	
         10.3222	         2.21278	         2.14588	       0.0668924	
         10.3709	         2.20664	          2.1424	       0.0642378	
         10.4196	         2.20039	         2.13899	       0.0614021	
         10.4683	         2.19463	          2.1358	       0.0588213	
          10.517	         2.18987	         2.13298	       0.0568881	
         10.5657	         2.18656	         2.13064	       0.0559158	
         10.6143	         2.18505	         2.12892	       0.0561312	
          10.663	         2.18557	         2.12788	       0.0576902	
         10.7117	         2.18822	         2.12752	       0.0607034	
         10.7604	         2.19296	          2.1277	       0.0652517	
         10.8091	         2.19961	         2.12824	        0.071373	
         10.8578	         2.20792	          2.1289	       0.0790123	
         10.9065	         2.21752	         2.12957	       0.0879464	
         10.9552	         2.22793	         2.13021	         0.09772	
         11.0039	         2.23855	          2.1309	         0.10765	
         11.0525	          2.2487	         2.13177	        0.116926	
         11.1012	         2.25769	         2.13291	         0.12478	
         11.1499	         2.26496	         2.13432	        0.130639	
         11.1986	         2.27014	         2.13593	        0.134205	
         11.2473	         2.27307	         2.13761	        0.135452	
          11.296	         2.27382	         2.13926	        0.134562	
         11.3447	         2.27267	         2.14083	        0.131847	
         11.3934	         2.27002	         2.14235	        0.127666	
         11.4421	          2.2663	         2.14393	        0.122369	
         11.4908	         2.26194	         2.14567	        0.116272	
         11.5394	         2.25731	         2.14765	         0.10966	
         11.5881	         2.25265	         2.14984	        0.102809	
         11.6368	         2.24813	         2.15211	       0.0960168	
         11.6855	         2.24381	          2.1542	       0.0896164	
         11.7342	         2.23972	         2.15577	       0.0839502	
         11.7829	         2.23583	         2.15652	       0.0793119	
         11.8316	          2.2321	         2.15623	       0.0758684	
         11.8803	         2.22849	          2.1549	       0.0735978	
          11.929	         2.22498	          2.1527	       0.0722784	
         11.9776	         2.22155	            2.15	       0.0715425	
         12.0263	         2.21824	         2.14726	       0.0709784	
          12.075	         2.21514	          2.1449	       0.0702447	
         12.1237	         2.21236	         2.14321	       0.0691523	
         12.1724	         2.21002	         2.14233	       0.0676937	
         12.2211	         2.20827	         2.14225	       0.0660207	
         12.2698	         2.20723	         2.14284	       0.0643867	
         12.3185	         2.20699	         2.14392	       0.0630663	
         12.3672	         2.20759	         2.14532	       0.0622748	
         12.4159	           2.209	         2.14689	       0.0621156	
         12.4645	         2.21112	         2.14854	       0.0625806	
         12.5132	         2.21384	         2.15024	       0.0636016	
         12.5619	         2.21707	         2.15195	       0.0651201	
         12.6106	         2.22077	         2.15363	       0.0671387	
         12.6593	         2.22495	         2.15522	       0.0697284	
          12.708	         2.22965	         2.15666	       0.0729903	
         12.7567	         2.23486	         2.15787	       0.0769914	
         12.8054	         2.24051	         2.15881	       0.0817029	
         12.8541	         2.24645	         2.15948	       0.0869683	
         12.9028	         2.25245	         2.15993	        0.092516	
         12.9514	         2.25827	         2.16025	       0.0980121	
         13.0001	         2.26364	         2.16051	        0.103129	
         13.0488	         2.26833	         2.16073	        0.107599	
         13.0975	         2.27212	         2.16088	        0.111233	
         13.1462	         2.27486	         2.16095	         0.11391	
         13.1949	         2.27647	          2.1609	         0.11557	
         13.2436	         2.27698	         2.16075	        0.116229	
         13.2923	         2.27648	         2.16049	           0.116	
          13.341	         2.27515	         2.16004	         0.11511	
         13.3896	          2.2732	          2.1593	        0.113896	
         13.4383	         2.27087	          2.1581	        0.112773	
          13.487	         2.26843	         2.15626	        0.112174	
         13.5357	         2.26613	         2.15363	        0.112503	
         13.5844	         2.26423	         2.15014	        0.114086	
         13.6331	           2.263	         2.14586	        0.117143	
         13.6818	         2.26271	         2.14093	        0.121778	
         13.7305	         2.26359	         2.13561	        0.127977	
         13.7792	         2.26578	         2.13017	        0.135617	
         13.8279	         2.26929	         2.12482	        0.144474	
         13.8765	         2.27394	         2.11972	        0.154223	
         13.9252	         2.27942	         2.11498	         0.16444	
         13.9739	         2.28525	         2.11064	        0.174615	
         14.0226	         2.29095	         2.10676	        0.184196	
         14.0713	         2.29603	         2.10338	        0.192653	
           14.12	         2.30009	         2.10054	        0.199546	
         14.1687	         2.30286	         2.09828	        0.204578	
         14.2174	         2.30425	         2.09665	        0.207604	
         14.2661	         2.30433	          2.0957	        0.208627	
         14.3148	         2.30327	         2.09549	        0.207779	
         14.3634	         2.30139	         2.09609	        0.205297	
         14.4121	         2.29901	         2.09752	        0.201489	
         14.4608	         2.29646	         2.09977	        0.196687	
         14.5095	         2.29401	         2.10278	        0.191224	
         14.5582	         2.29183	         2.10643	        0.185403	
         14.6069	         2.29003	         2.11054	        0.179497	
         14.6556	         2.28861	         2.11485	         0.17376	
         14.7043	         2.28753	         2.11909	        0.168446	
          14.753	         2.28677	         2.12294	        0.163825	
         14.8016	         2.28633	         2.12615	        0.160178	
         14.8503	         2.28627	         2.12851	        0.157757	
          14.899	         2.28666	         2.12992	        0.156738	
         14.9477	         2.28754	         2.13038	        0.157156	
         14.9964	         2.28887	         2.12999	        0.158885	
         15.0451	         2.29055	          2.1289	        0.161649	
         15.0938	         2.29242	         2.12734	        0.165081	
         15.1425	         2.29426	         2.12548	         0.16878	
         15.1912	         2.29586	         2.12351	        0.172353	
         15.2399	         2.29701	         2.12154	        0.175462	
         15.2885	         2.29749	         2.11963	         0.17786	
         15.3372	         2.29717	         2.11773	        0.179437	
         15.3859	           2.296	         2.11577	        0.180239	
         15.4346	         2.29406	         2.11358	        0.180479	
         15.4833	         2.29153	         2.11102	        0.180505	
          15.532	         2.28872	         2.10797	        0.180744	
         15.5807	         2.28599	         2.10436	        0.181628	
         15.6294	         2.28371	          2.1002	        0.183509	
         15.6781	         2.28218	         2.09557	        0.186612	
         15.7268	         2.28165	         2.09063	         0.19102	
         15.7754	         2.28225	         2.08556	        0.196688	
         15.8241	         2.28401	         2.08054	        0.203466	
         15.8728	         2.28681	         2.07571	        0.211098	
         15.9215	          2.2904	         2.07118	        0.219213	
         15.9702	         2.29439	         2.06706	         0.22733	
         16.0189	         2.29836	         2.06346	        0.234909	
         16.0676	          2.3019	         2.06047	         0.24143	
         16.1163	         2.30469	          2.0582	        0.246492	
          16.165	          2.3066	         2.05673	        0.249869	
         16.2136	         2.30765	         2.05614	        0.251512	
         16.2623	         2.30802	         2.05649	        0.251525	
          16.311	         2.30794	         2.05782	        0.250129	
         16.3597	         2.30769	         2.06006	        0.247626	
         16.4084	         2.30744	         2.06308	        0.244363	
         16.4571	         2.30734	         2.06665	        0.240688	
         16.5058	         2.30738	         2.07046	         0.23692	
         16.5545	         2.30753	         2.07419	        0.233332	
         16.6032	         2.30768	         2.07754	        0.230133	
         16.6519	         2.30774	         2.08027	        0.227466	
         16.7005	         2.30765	         2.08225	          0.2254	
         16.7492	          2.3074	         2.08347	        0.223936	
         16.7979	         2.30703	         2.08401	        0.223018	
         16.8466	          2.3066	         2.08405	        0.222551	
         16.8953	         2.30617	         2.08376	        0.222414	
          16.944	         2.30578	         2.08332	        0.222467	
         16.9927	         2.30544	         2.08288	        0.222559	
         17.0414	         2.30507	         2.08255	         0.22252	
         17.0901	         2.30456	          2.0824	        0.222161	
         17.1388	         2.30376	         2.08249	        0.221272	
         17.1874	         2.30254	          2.0829	         0.21964	
         17.2361	         2.30078	          2.0837	        0.217077	
         17.2848	          2.2984	         2.08492	         0.21348	
         17.3335	         2.29543	         2.08653	          0.2089	
         17.3822	         2.29196	         2.08837	        0.203588	
         17.4309	         2.28819	         2.09021	        0.197986	
         17.4796	         2.28443	         2.09176	        0.192665	
         17.5283	         2.28102	         2.09281	        0.188214	
          17.577	         2.27833	         2.09321	        0.185123	
         17.6256	         2.27668	         2.09299	        0.183691	
         17.6743	         2.27631	         2.09234	        0.183967	
          17.723	         2.27733	         2.09157	        0.185763	
         17.7717	         2.27975	         2.09105	        0.188702	
         17.8204	         2.28343	          2.0911	        0.192326	
         17.8691	         2.28815	         2.09195	        0.196198	
         17.9178	         2.29362	         2.09361	        0.200007	
         17.9665	         2.29954	         2.09592	        0.203622	
         18.0152	         2.30561	         2.09851	        0.207093	
         18.0639	         2.31155	         2.10096	        0.210592	
         18.1125	         2.31712	         2.10279	        0.214321	
         18.1612	         2.32208	         2.10368	        0.218391	
         18.2099	          2.3262	         2.10347	        0.222732	
         18.2586	         2.32927	         2.10221	        0.227054	
         18.3073	         2.33106	         2.10019	        0.230872	
          18.356	         2.33142	         2.09781	        0.233612	
         18.4047	         2.33022	         2.09547	        0.234754	
         18.4534	         2.32748	         2.09349	         0.23399	
         18.5021	          2.3233	         2.09199	        0.231311	
         18.5507	         2.31798	         2.09095	        0.227027	
         18.5994	          2.3119	         2.09021	        0.221691	
         18.6481	         2.30554	         2.08958	        0.215963	
         18.6968	         2.29935	          2.0889	        0.210449	
         18.7455	         2.29368	         2.08812	        0.205553	
         18.7942	         2.28868	         2.08727	        0.201411	
         18.8429	         2.28435	         2.08645	        0.197904	
         18.8916	         2.28057	         2.08582	        0.194751	
         18.9403	         2.27716	         2.08551	        0.191654	
          18.989	         2.27399	         2.08555	        0.188434	
         19.0376	         2.27102	         2.08588	        0.185138	
         19.0863	         2.26833	         2.08629	        0.182048	
          19.135	          2.2661	         2.08648	        0.179621	
         19.1837	         2.26452	         2.08615	        0.178364	
         19.2324	         2.26376	         2.08508	        0.178682	
         19.2811	         2.26392	         2.08316	        0.180767	
         19.3298	         2.26496	         2.08044	        0.184522	
         19.3785	         2.26671	         2.07713	        0.189582	
         19.4272	         2.26892	         2.07353	        0.195394	
         19.4759	         2.27128	         2.06993	        0.201348	
         19.5245	         2.27347	         2.06658	        0.206897	
         19.5732	         2.27523	          2.0636	        0.211635	
         19.6219	         2.27634	         2.06103	        0.215314	
         19.6706	         2.27669	         2.05886	         0.21783	
         19.7193	         2.27623	         2.05703	          0.2192	
          19.768	         2.27507	         2.05553	        0.219543	
         19.8167	         2.27337	         2.05431	        0.219063	
         19.8654	         2.27134	         2.05332	        0.218019	
         19.9141	         2.26918	         2.05248	          0.2167	
         19.9627	         2.26705	         2.05166	        0.215396	
         20.0114	         2.26505	         2.05067	        0.214372	
         20.0601	         2.26321	         2.04935	        0.213855	
         20.1088	         2.26155	         2.04756	        0.213999	
         20.1575	         2.26008	         2.04522	        0.214868	
         20.2062	          2.2588	         2.04236	        0.216437	
         20.2549	         2.25769	         2.03908	        0.218615	
         20.3036	         2.25676	         2.03548	        0.221282	
         20.3523	           2.256	         2.03167	        0.224329	
          20.401	         2.25537	          2.0277	        0.227666	
         20.4496	          2.2548	         2.02358	        0.231225	
         20.4983	         2.25423	         2.01927	        0.234958	
          20.547	         2.25359	         2.01476	        0.238832	
         20.5957	          2.2529	         2.01005	        0.242853	
         20.6444	         2.25223	         2.00517	        0.247064	
         20.6931	         2.25172	         2.00018	        0.251537	
         20.7418	         2.25152	         1.99518	        0.256332	
         20.7905	         2.25177	         1.99032	        0.261442	
         20.8392	         2.25253	         1.98578	        0.266749	
         20.8879	         2.25377	         1.98173	        0.272033	
         20.9365	         2.25539	         1.97838	        0.277008	
         20.9852	         2.25727	         1.97588	        0.281397	
         21.0339	         2.25929	          1.9743	        0.284992	
         21.0826	         2.26136	         1.97366	        0.287697	
         21.1313	         2.26345	          1.9739	        0.289543	
           21.18	         2.26555	         1.97488	        0.290671	
         21.2287	         2.26765	         1.97637	        0.291282	
         21.2774	         2.26973	         1.97815	        0.291585	
         21.3261	         2.27172	         1.97997	        0.291755	
         21.3747	         2.27351	         1.98161	          0.2919	
         21.4234	         2.27493	         1.98288	        0.292053	
         21.4721	         2.27584	         1.98368	        0.292167	
         21.5208	         2.27611	         1.98396	        0.292148	
         21.5695	         2.27567	         1.98378	        0.291894	
         21.6182	          2.2746	         1.98325	        0.291352	
         21.6669	         2.27307	         1.98251	        0.290561	
         21.7156	         2.27135	         1.98167	        0.289675	
         21.7643	         2.26971	         1.98075	        0.288952	
          21.813	         2.26841	         1.97971	        0.288694	
         21.8616	         2.26764	         1.97847	        0.289172	
         21.9103	          2.2675	         1.97694	        0.290559	
          21.959	         2.26799	          1.9751	        0.292893	
         22.0077	         2.26905	         1.97296	        0.296091	
         22.0564	         2.27055	         1.97058	         0.29997	
         22.1051	         2.27235	         1.96808	        0.304271	
         22.1538	         2.27427	          1.9656	        0.308667	
         22.2025	          2.2761	         1.96333	        0.312763	
         22.2512	         2.27762	         1.96151	        0.316109	
         22.2999	         2.27862	         1.96039	        0.318226	
         22.3485	         2.27893	         1.96025	        0.318675	
         22.3972	         2.27842	         1.96128	        0.317138	
         22.4459	         2.27705	         1.96354	         0.31351	
         22.4946	         2.27487	         1.96691	        0.307955	
         22.5433	         2.27199	         1.97108	        0.300907	
          22.592	         2.26863	         1.97562	        0.293008	
         22.6407	         2.26504	         1.98003	        0.285007	
         22.6894	          2.2615	         1.98387	        0.277632	
         22.7381	         2.25828	          1.9868	        0.271489	
         22.7867	         2.25562	         1.98863	        0.266987	
         22.8354	         2.25366	         1.98936	        0.264303	
         22.8841	         2.25246	         1.98908	        0.263386	
         22.9328	         2.25197	           1.988	        0.263975	
         22.9815	           2.252	         1.98634	        0.265656	
         23.0302	         2.25227	         1.98433	        0.267937	
         23.0789	         2.25249	         1.98215	        0.270336	
         23.1276	         2.25237	         1.97993	        0.272448	
         23.1763	         2.25173	         1.97774	        0.273985	
          23.225	         2.25044	         1.97565	        0.274782	
         23.2736	         2.24851	         1.97371	        0.274799	
         23.3223	         2.24607	         1.97195	        0.274126	
          23.371	         2.24336	         1.97037	        0.272991	
         23.4197	         2.24072	         1.96897	        0.271756	
         23.4684	         2.23861	         1.96772	         0.27089	
         23.5171	          2.2375	         1.96659	        0.270912	
         23.5658	          2.2379	         1.96558	         0.27232	
         23.6145	         2.24019	         1.96468	        0.275511	
         23.6632	         2.24462	          1.9639	        0.280714	
         23.7119	          2.2512	         1.96327	        0.287928	
         23.7605	         2.25965	         1.96275	        0.296902	
         23.8092	         2.26942	         1.96224	        0.307181	
         23.8579	         2.27977	         1.96154	        0.318229	
         23.9066	         2.28995	         1.96041	         0.32954	
         23.9553	         2.29927	         1.95858	        0.340693	
          24.004	         2.30718	         1.95583	        0.351346	
         24.0527	         2.31327	         1.95206	        0.361209	
         24.1014	         2.31727	         1.94725	        0.370023	
         24.1501	         2.31906	          1.9415	        0.377558	
         24.1987	         2.31862	         1.93499	        0.383633	
         24.2474	         2.31608	         1.92794	        0.388139	
         24.2961	         2.31166	          1.9206	        0.391062	
         24.3448	          2.3057	          1.9132	        0.392502	
         24.3935	         2.29864	         1.90596	        0.392681	
         24.4422	         2.29096	         1.89903	        0.391931	
         24.4909	         2.28316	          1.8925	        0.390652	
         24.5396	         2.27566	         1.88642	        0.389248	
         24.5883	         2.26883	         1.88078	         0.38805	
          24.637	         2.26291	         1.87565	         0.38726	
         24.6856	         2.25803	         1.87111	        0.386923	
         24.7343	         2.25425	         1.86731	        0.386944	
          24.783	         2.25157	         1.86444	        0.387133	
         24.8317	         2.24998	         1.86268	        0.387302	
         24.8804	         2.24947	          1.8621	        0.387367	
         24.9291	          2.2501	         1.86267	        0.387429	
         24.9778	         2.25199	         1.86421	        0.387784	
         25.0265	         2.25525	         1.86641	        0.388845	
         25.0752	         2.25995	         1.86895	        0.391002	
         25.1239	         2.26599	         1.87152	        0.394464	
         25.1725	         2.27307	         1.87392	        0.399153	
         25.2212	         2.28072	         1.87603	        0.404696	
         25.2699	         2.28834	         1.87785	        0.410498	
         25.3186	         2.29532	         1.87944	        0.415882	
         25.3673	         2.30114	         1.88091	         0.42023	
          25.416	         2.30544	         1.88235	        0.423097	
         25.4647	         2.30808	          1.8838	        0.424274	
         25.5134	         2.30908	         1.88529	        0.423791	
         25.5621	         2.30867	         1.88679	        0.421874	
         25.6107	         2.30711	         1.88826	         0.41885	
         25.6594	         2.30471	         1.88965	        0.415053	
         25.7081	         2.30173	         1.89099	        0.410742	
         25.7568	         2.29835	         1.89229	        0.406063	
         25.8055	         2.29469	         1.89362	        0.401069	
         25.8542	         2.29079	         1.89501	        0.395778	
         25.9029	         2.28668	         1.89645	        0.390231	
         25.9516	         2.28241	         1.89786	        0.384548	
         26.0003	         2.27808	         1.89913	        0.378955	
          26.049	         2.27389	          1.9001	        0.373783	
         26.0976	         2.27011	         1.90067	        0.369436	
         26.1463	         2.26711	         1.90077	        0.366334	
          26.195	         2.26525	         1.90041	        0.364841	
         26.2437	          2.2648	         1.89962	         0.36518	
         26.2924	         2.26585	         1.89848	        0.367377	
         26.3411	         2.26827	         1.89702	        0.371243	
         26.3898	         2.27169	         1.89527	        0.376421	
         26.4385	         2.27565	         1.89317	        0.382479	
         26.4872	         2.27965	         1.89066	        0.388996	
         26.5358	          2.2833	         1.88768	        0.395615	
         26.5845	          2.2863	         1.88425	        0.402047	
         26.6332	         2.28851	         1.88044	        0.408071	
         26.6819	         2.28991	         1.87638	        0.413525	
         26.7306	         2.29056	         1.87224	        0.418323	
         26.7793	         2.29063	         1.86817	         0.42246	
          26.828	         2.29031	          1.8643	        0.426008	
         26.8767	         2.28982	         1.86071	        0.429106	
         26.9254	         2.28939	         1.85746	        0.431932	
         26.9741	         2.28925	         1.85459	        0.434668	
         27.0227	         2.28957	          1.8521	        0.437473	
         27.0714	         2.29046	         1.85001	        0.440445	
         27.1201	         2.29194	         1.84833	        0.443607	
         27.1688	         2.29396	         1.84704	        0.446923	
         27.2175	         2.29642	          1.8461	        0.450321	
         27.2662	         2.29912	         1.84538	         0.45374	
         27.3149	         2.30188	         1.84473	        0.457156	
         27.3636	          2.3045	         1.84392	        0.460584	
         27.4123	         2.30681	         1.84275	        0.464061	
          27.461	         2.30872	         1.84111	        0.467611	
         27.5096	         2.31016	         1.83894	        0.471216	
         27.5583	         2.31112	         1.83632	        0.474801	
          27.607	         2.31163	         1.83338	        0.478246	
         27.6557	         2.31171	          1.8303	        0.481404	
         27.7044	         2.31139	         1.82724	         0.48415	
         27.7531	         2.31074	         1.82432	        0.486417	
         27.8018	         2.30985	         1.82162	        0.488229	
         27.8505	         2.30883	         1.81913	        0.489704	
         27.8992	         2.30781	         1.81677	        0.491035	
         27.9478	         2.30687	         1.81443	        0.492443	
         27.9965	         2.30608	         1.81196	        0.494127	
         28.0452	         2.30547	         1.80924	        0.496221	
         28.0939	         2.30502	         1.80622	        0.498797	
         28.1426	         2.30474	         1.80285	        0.501888	
         28.1913	         2.30469	         1.79917	        0.505526	
           28.24	         2.30496	         1.79518	         0.50978	
         28.2887	         2.30566	          1.7909	        0.514761	
         28.3374	          2.3069	          1.7863	          0.5206	
         28.3861	         2.30875	         1.78136	        0.527396	
         28.4347	         2.31116	         1.77601	        0.535146	
         28.4834	         2.31395	         1.77025	        0.543697	
         28.5321	         2.31684	         1.76411	        0.552736	
         28.5808	         2.31949	         1.75767	         0.56182	
         28.6295	         2.32154	          1.7511	         0.57044	
         28.6782	         2.32267	         1.74457	        0.578094	
         28.7269	         2.32266	         1.73829	        0.584368	
         28.7756	         2.32142	         1.73242	           0.589	
         28.8243	         2.31903	         1.72711	         0.59192	
          28.873	         2.31568	         1.72244	        0.593246	
         28.9216	          2.3117	         1.71846	        0.593236	
         28.9703	         2.30741	          1.7152	        0.592215	
          29.019	         2.30315	         1.71266	        0.590491	
         29.0677	         2.29914	         1.71084	          0.5883	
         29.1164	         2.29551	         1.70973	        0.585781	
         29.1651	         2.29231	         1.70931	        0.583001	
         29.2138	         2.28952	         1.70953	        0.579994	
         29.2625	         2.28713	         1.71032	        0.576805	
         29.3112	         2.28511	          1.7116	        0.573508	
         29.3598	         2.28346	         1.71325	        0.570208	
         29.4085	         2.28218	         1.71517	        0.567013	
         29.4572	         2.28128	         1.71727	        0.564003	
         29.5059	          2.2807	         1.71949	        0.561204	
         29.5546	         2.28035	         1.72177	        0.558584	
         29.6033	         2.28013	         1.72406	        0.556066	
          29.652	          2.2799	         1.72633	        0.553568	
         29.7007	         2.27959	         1.72854	         0.55105	
         29.7494	         2.27921	         1.73067	        0.548544	
         29.7981	         2.27884	         1.73266	        0.546175	
         29.8467	         2.27865	          1.7345	         0.54415	
         29.8954	         2.27887	         1.73615	        0.542719	
         29.9441	         2.27975	         1.73762	        0.542128	
         29.9928	         2.28147	         1.73893	        0.542549	
         30.0415	         2.28412	         1.74009	        0.544032	
         30.0902	         2.28761	         1.74114	        0.546476	
         30.1389	         2.29173	          1.7421	        0.549628	
         30.1876	         2.29612	         1.74301	        0.553116	
         30.2363	         2.30042	         1.74391	        0.556508	
          30.285	         2.30427	         1.74488	        0.559393	
         30.3336	         2.30744	         1.74598	        0.561466	
         30.3823	         2.30984	         1.74726	        0.562586	
          30.431	         2.31154	         1.74872	        0.562811	
         30.4797	          2.3127	         1.75033	        0.562372	
         30.5284	         2.31359	         1.75199	        0.561608	
         30.5771	         2.31445	         1.75358	        0.560867	
         30.6258	         2.31544	         1.75502	        0.560415	
         30.6745	          2.3166	         1.75622	        0.560375	
         30.7232	         2.31785	         1.75715	        0.560704	
         30.7718	         2.31902	          1.7578	        0.561214	
         30.8205	         2.31982	          1.7582	        0.561613	
         30.8692	         2.31994	         1.75839	        0.561551	
         30.9179	         2.31907	         1.75839	        0.560681	
         30.9666	         2.31697	         1.75825	        0.558716	
         31.0153	         2.31347	         1.75798	         0.55549	
          31.064	         2.30859	         1.75758	        0.551008	
         31.1127	         2.30255	         1.75707	        0.545472	
         31.1614	         2.29573	         1.75645	        0.539281	
         31.2101	         2.28868	         1.75568	        0.532991	
         31.2587	         2.28199	         1.75474	        0.527245	
         31.3074	         2.27622	         1.75355	        0.522677	
         31.3561	         2.27183	         1.75203	        0.519804	
         31.4048	         2.26908	         1.75013	        0.518945	
         31.4535	         2.26803	         1.74786	        0.520169	
         31.5022	         2.26861	          1.7453	        0.523305	
         31.5509	         2.27062	         1.74263	        0.527982	
         31.5996	         2.27382	         1.74011	        0.533713	
         31.6483	         2.27798	         1.73799	        0.539986	
          31.697	         2.28287	          1.7365	         0.54637	
         31.7456	         2.28832	         1.73573	        0.552585	
         31.7943	         2.29415	         1.73563	        0.558526	
          31.843	         2.30022	         1.73599	        0.564235	
         31.8917	         2.30633	         1.73651	        0.569818	
         31.9404	         2.31224	         1.73689	        0.575353	
         31.9891	         2.31767	         1.73685	        0.580813	
         32.0378	         2.32226	         1.73623	        0.586026	
         32.0865	         2.32569	         1.73501	        0.590682	
         32.1352	         2.32768	         1.73329	        0.594388	
         32.1838	         2.32805	         1.73129	        0.596756	
         32.2325	         2.32679	          1.7293	        0.597488	
         32.2812	         2.32407	         1.72762	        0.596451	
         32.3299	         2.32019	         1.72648	        0.593707	
         32.3786	         2.31557	         1.72607	        0.589505	
         32.4273	         2.31069	         1.72644	        0.584252	
          32.476	         2.30601	         1.72755	        0.578465	
         32.5247	         2.30198	         1.72927	         0.57271	
         32.5734	         2.29894	         1.73141	        0.567535	
         32.6221	         2.29716	         1.73378	        0.563386	
         32.6707	         2.29677	         1.73623	        0.560541	
         32.7194	         2.29776	         1.73869	        0.559078	
         32.7681	         2.30002	         1.74113	        0.558887	
         32.8168	         2.30332	         1.74359	        0.559722	
         32.8655	         2.30737	         1.74613	        0.561246	
         32.9142	         2.31184	         1.74875	        0.563086	
         32.9629	         2.31632	         1.75143	        0.564883	
         33.0116	         2.32041	         1.75407	        0.566337	
         33.0603	         2.32374	          1.7565	        0.567239	
         33.1089	         2.32603	         1.75855	        0.567479	
         33.1576	          2.3271	         1.76006	        0.567033	
         33.2063	         2.32686	         1.76093	        0.565939	
          33.255	         2.32537	         1.76109	         0.56428	
         33.3037	         2.32277	          1.7606	        0.562169	
         33.3524	         2.31926	         1.75952	        0.559747	
         33.4011	         2.31514	         1.75797	        0.557173	
         33.4498	         2.31072	         1.75609	         0.55463	
         33.4985	         2.30633	           1.754	        0.552323	
         33.5472	         2.30228	         1.75181	         0.55047	
         33.5958	         2.29886	         1.74958	        0.549286	
         33.6445	         2.29632	         1.74737	        0.548944	
         33.6932	         2.29475	         1.74522	        0.549531	
         33.7419	         2.29415	         1.74314	        0.551008	
         33.7906	         2.29432	         1.74112	        0.553198	
         33.8393	         2.29498	         1.73916	         0.55582	
          33.888	         2.29577	         1.73723	        0.558536	
         33.9367	         2.29636	         1.73534	        0.561025	
         33.9854	         2.29652	          1.7335	         0.56302	
         34.0341	         2.29613	         1.73181	        0.564328	
         34.0827	         2.29521	         1.73039	        0.564819	
         34.1314	         2.29383	         1.72941	         0.56442	
         34.1801	         2.29213	         1.72902	        0.563107	
         34.2288	         2.29021	          1.7293	        0.560912	
         34.2775	         2.28817	         1.73026	        0.557918	
         34.3262	         2.28611	         1.73183	        0.554274	
         34.3749	         2.28413	         1.73393	        0.550203	
         34.4236	         2.28244	         1.73643	        0.546013	
         34.4723	         2.28131	         1.73923	        0.542078	
         34.5209	         2.28106	         1.74227	        0.538791	
         34.5696	         2.28201	         1.74551	        0.536496	
         34.6183	         2.28437	         1.74896	        0.535413	
          34.667	          2.2882	         1.75262	        0.535588	
         34.7157	         2.29333	         1.75645	        0.536876	
         34.7644	         2.29938	         1.76041	        0.538971	
         34.8131	         2.30587	         1.76439	        0.541475	
         34.8618	         2.31229	         1.76831	        0.543984	
         34.9105	         2.31823	         1.77208	         0.54615	
         34.9592	         2.32337	         1.77565	         0.54772	
         35.0078	         2.32755	         1.77902	        0.548535	
         35.0565	          2.3307	          1.7822	        0.548507	
         35.1052	         2.33283	         1.78523	        0.547598	
         35.1539	         2.33394	         1.78814	        0.545798	
         35.2026	         2.33404	         1.79093	        0.543111	
         35.2513	         2.33315	         1.79359	        0.539561	
            35.3	         2.33132	         1.79611	        0.535209	
         35.3487	         2.32868	          1.7985	         0.53018	
         35.3974	         2.32546	         1.80078	        0.524681	
         35.4461	           2.322	         1.80301	        0.518996	
         35.4947	         2.31867	          1.8052	        0.513467	
         35.5434	         2.31579	         1.80735	         0.50844	
         35.5921	         2.31362	         1.80939	        0.504223	
         35.6408	         2.31227	         1.81122	        0.501045	
         35.6895	         2.31174	         1.81271	        0.499032	
         35.7382	         2.31192	         1.81373	        0.498188	
         35.7869	         2.31259	          1.8142	        0.498384	
         35.8356	         2.31348	         1.81412	        0.499359	
         35.8843	         2.31426	         1.81352	        0.500742	
         35.9329	          2.3146	          1.8125	        0.502105	
         35.9816	          2.3142	         1.81118	        0.503022	
         36.0303	         2.31283	         1.80969	        0.503142	
          36.079	         2.31042	         1.80816	        0.502263	
         36.1277	         2.30709	          1.8067	        0.500387	
         36.1764	         2.30313	         1.80538	        0.497752	
         36.2251	         2.29904	         1.80422	        0.494821	
         36.2738	         2.29544	         1.80322	        0.492219	
         36.3225	         2.29295	         1.80233	        0.490617	
         36.3712	         2.29209	         1.80151	        0.490582	
         36.4198	         2.29315	         1.80071	        0.492446	
         36.4685	         2.29612	          1.7999	         0.49622	
         36.5172	         2.30069	         1.79911	        0.501586	
         36.5659	         2.30633	         1.79837	        0.507958	
         36.6146	         2.31237	         1.79778	        0.514589	
         36.6633	         2.31814	         1.79744	        0.520701	
          36.712	         2.32301	          1.7974	        0.525607	
         36.7607	         2.32649	         1.79767	        0.528812	
         36.8094	         2.32826	          1.7982	        0.530069	
         36.8581	         2.32823	         1.79885	        0.529378	
         36.9067	         2.32645	         1.79949	        0.526956	
         36.9554	         2.32317	             1.8	        0.523171	
         37.0041	         2.31872	         1.80026	        0.518461	
         37.0528	         2.31344	          1.8002	        0.513244	
         37.1015	         2.30761	         1.79977	        0.507842	
         37.1502	         2.30138	         1.79896	        0.502427	
         37.1989	         2.29481	         1.79779	        0.497019	
         37.2476	         2.28786	         1.79633	        0.491532	
         37.2963	         2.28053	         1.79468	        0.485857	
         37.3449	         2.27292	         1.79298	        0.479946	
         37.3936	         2.26525	         1.79138	        0.473867	
         37.4423	         2.25783	         1.79003	        0.467804	
          37.491	         2.25106	         1.78904	         0.46202	
         37.5397	         2.24525	         1.78846	        0.456798	
         37.5884	         2.24068	         1.78829	        0.452398	
         37.6371	          2.2375	         1.78846	         0.44904	
         37.6858	         2.23581	          1.7889	        0.446911	
         37.7345	         2.23563	         1.78947	         0.44616	
         37.7832	         2.23697	         1.79009	        0.446882	
         37.8318	         2.23977	          1.7907	        0.449076	
         37.8805	         2.24389	         1.79128	        0.452606	
         37.9292	         2.24906	         1.79187	        0.457193	
         37.9779	         2.25494	         1.79249	        0.462448	
         38.0266	         2.26112	         1.79318	        0.467939	
         38.0753	         2.26717	          1.7939	        0.473275	
          38.124	         2.27272	         1.79456	        0.478166	
         38.1727	         2.27748	         1.79502	        0.482461	
         38.2214	         2.28124	          1.7951	        0.486139	
         38.2701	         2.28394	         1.79464	        0.489297	
         38.3187	         2.28567	         1.79355	        0.492122	
         38.3674	         2.28666	         1.79179	        0.494876	
         38.4161	         2.28728	         1.78942	        0.497861	
         38.4648	         2.28798	         1.78661	        0.501364	
         38.5135	         2.28916	         1.78358	        0.505579	
         38.5622	         2.29111	         1.78057	        0.510541	
         38.6109	         2.29393	         1.77784	        0.516091	
         38.6596	         2.29748	         1.77557	        0.521911	
         38.7083	         2.30147	         1.77387	        0.527602	
         38.7569	         2.30556	         1.77278	        0.532778	
         38.8056	         2.30937	         1.77224	        0.537134	
         38.8543	         2.31262	         1.77215	        0.540472	
          38.903	          2.3151	         1.77239	        0.542704	
         38.9517	         2.31667	         1.77282	        0.543852	
         39.0004	         2.31732	         1.77327	        0.544046	
         39.0491	         2.31713	         1.77362	        0.543506	
         39.0978	         2.31627	         1.77376	        0.542517	
         39.1465	         2.31498	         1.77362	        0.541359	
         39.1952	         2.31347	         1.77322	        0.540244	
         39.2438	         2.31191	         1.77264	        0.539268	
         39.2925	         2.31041	           1.772	        0.538415	
         39.3412	         2.30902	         1.77141	        0.537605	
         39.3899	         2.30775	         1.77097	        0.536771	
         39.4386	         2.30664	         1.77073	        0.535917	
         39.4873	         2.30579	         1.77065	        0.535141	
          39.536	         2.30529	         1.77067	        0.534617	
         39.5847	         2.30527	         1.77071	        0.534555	
         39.6334	         2.30583	         1.77067	        0.535158	
         39.6821	         2.30705	         1.77045	        0.536601	
         39.7307	         2.30898	         1.76996	        0.539017	
         39.7794	         2.31163	         1.76915	        0.542478	
         39.8281	         2.31496	         1.76799	        0.546976	
         39.8768	         2.31888	         1.76649	        0.552387	
         39.9255	         2.32321	         1.76474	        0.558466	
         39.9742	         2.32773	         1.76287	        0.564862	
         40.0229	         2.33219	         1.76102	         0.57117	
         40.0716	         2.33631	         1.75932	        0.576994	
         40.1203	         2.33985	         1.75784	        0.582008	
         40.1689	         2.34258	         1.75658	        0.586003	
         40.2176	         2.34439	         1.75549	        0.588901	
         40.2663	         2.34521	         1.75446	        0.590745	
          40.315	         2.34505	         1.75337	        0.591679	
         40.3637	         2.34401	          1.7521	         0.59191	
         40.4124	         2.34225	         1.75056	        0.591685	
         40.4611	         2.33996	          1.7487	        0.591256	
         40.5098	         2.33736	         1.74652	        0.590844	
         40.5585	         2.33465	         1.74406	        0.590592	
         40.6072	         2.33198	         1.74146	        0.590529	
         40.6558	         2.32944	         1.73887	        0.590561	
         40.7045	         2.32704	         1.73654	        0.590502	
         40.7532	          2.3248	         1.73465	         0.59015	
         40.8019	         2.32277	          1.7334	         0.58937	
         40.8506	         2.32103	         1.73287	        0.588158	
         40.8993	         2.31969	         1.73302	        0.586669	
          40.948	         2.31891	         1.73371	        0.585199	
         40.9967	         2.31881	         1.73469	        0.584128	
         41.0454	         2.31951	         1.73565	         0.58386	
          41.094	         2.32104	         1.73629	        0.584756	
         41.1427	         2.32345	         1.73637	        0.587081	
         41.1914	         2.32671	         1.73576	        0.590949	
