       0.0268671	     0.000760858	     0.000760845	     1.28326e-08	
       0.0537342	      0.00254457	      0.00254453	     4.28611e-08	
       0.0806013	      0.00505117	      0.00505109	      8.5061e-08	
        0.107468	      0.00814854	       0.0081484	     1.36957e-07	
        0.134336	       0.0117838	       0.0117836	     1.97168e-07	
        0.161203	        0.015954	       0.0159537	     2.64992e-07	
         0.18807	       0.0206884	       0.0206881	     3.39785e-07	
        0.214937	       0.0260353	       0.0260348	     4.22076e-07	
        0.241804	       0.0320503	       0.0320498	       5.119e-07	
        0.268671	       0.0387883	       0.0387877	     6.09624e-07	
        0.295538	       0.0462952	       0.0462945	     7.14796e-07	
        0.322405	       0.0546034	       0.0546026	     8.29019e-07	
        0.349272	       0.0637286	       0.0637277	     9.52028e-07	
         0.37614	       0.0736686	       0.0736675	     1.08408e-06	
        0.403007	       0.0844046	       0.0844034	     1.22537e-06	
        0.429874	       0.0959037	       0.0959024	     1.37618e-06	
        0.456741	        0.108123	        0.108121	     1.53594e-06	
        0.483608	        0.121014	        0.121012	     1.70541e-06	
        0.510475	        0.134527	        0.134525	     1.88427e-06	
        0.537342	        0.148619	        0.148617	     2.07245e-06	
        0.564209	        0.163253	        0.163251	     2.26969e-06	
        0.591076	        0.178404	        0.178401	     2.47581e-06	
        0.617944	        0.194059	        0.194056	     2.69035e-06	
        0.644811	         0.21022	        0.210217	     2.91271e-06	
        0.671678	        0.226896	        0.226893	     3.14213e-06	
        0.698545	        0.244108	        0.244105	     3.37759e-06	
        0.725412	         0.26188	        0.261876	     3.61774e-06	
        0.752279	        0.280235	        0.280232	     3.86102e-06	
        0.779146	        0.299195	        0.299191	     4.10536e-06	
        0.806013	        0.318771	        0.318767	     4.34828e-06	
         0.83288	        0.338967	        0.338963	     4.58681e-06	
        0.859748	        0.359771	        0.359766	     4.81742e-06	
        0.886615	        0.381157	        0.381152	     5.03615e-06	
        0.913482	        0.403085	        0.403079	     5.23851e-06	
        0.940349	        0.425497	        0.425492	     5.41961e-06	
        0.967216	        0.448324	        0.448318	     5.57423e-06	
        0.994083	        0.471482	        0.471476	     5.69699e-06	
         1.02095	        0.494878	        0.494872	     5.78244e-06	
         1.04782	        0.518408	        0.518403	     5.82756e-06	
         1.07468	        0.541966	        0.541961	     5.82038e-06	
         1.10155	        0.565441	        0.565435	       5.763e-06	
         1.12842	         0.58872	        0.588714	     5.64917e-06	
         1.15529	        0.611696	         0.61169	     5.47559e-06	
         1.18215	        0.634264	        0.634259	     5.23986e-06	
         1.20902	        0.656329	        0.656324	     4.94054e-06	
         1.23589	        0.677802	        0.677798	     4.57733e-06	
         1.26275	        0.698608	        0.698604	     4.15109e-06	
         1.28962	        0.718681	        0.718677	     3.66393e-06	
         1.31649	        0.737969	        0.737966	     3.11922e-06	
         1.34336	        0.756435	        0.756432	     2.52159e-06	
         1.37022	        0.774052	         0.77405	     1.87693e-06	
         1.39709	        0.790811	        0.790809	      1.1923e-06	
         1.42396	        0.806712	        0.806711	     4.75847e-07	
         1.45082	         0.82177	         0.82177	    -2.63374e-07	
         1.47769	        0.836011	        0.836012	    -1.01553e-06	
         1.50456	        0.849471	        0.849473	    -1.77022e-06	
         1.53143	        0.862195	        0.862198	    -2.51664e-06	
         1.55829	        0.874237	         0.87424	    -3.24384e-06	
         1.58516	        0.885654	        0.885658	    -3.94094e-06	
         1.61203	        0.896511	        0.896515	     -4.5975e-06	
         1.63889	        0.906873	        0.906878	    -5.20389e-06	
         1.66576	        0.916808	        0.916813	    -5.75145e-06	
         1.69263	        0.926382	        0.926388	     -6.2326e-06	
          1.7195	        0.935662	        0.935668	    -6.64084e-06	
         1.74636	         0.94471	        0.944717	    -6.97093e-06	
         1.77323	        0.953585	        0.953592	    -7.21904e-06	
          1.8001	        0.962341	        0.962349	     -7.3829e-06	
         1.82696	        0.971026	        0.971034	    -7.46205e-06	
         1.85383	        0.979681	        0.979688	    -7.45801e-06	
          1.8807	        0.988337	        0.988345	    -7.37447e-06	
         1.90756	         0.99702	        0.997028	    -7.21726e-06	
         1.93443	         1.00575	         1.00575	    -6.99432e-06	
          1.9613	         1.01452	         1.01453	    -6.71535e-06	
         1.98817	         1.02334	         1.02335	    -6.39165e-06	
         2.01503	          1.0322	          1.0322	    -6.03582e-06	
          2.0419	         1.04107	         1.04107	     -5.6612e-06	
         2.06877	         1.04992	         1.04993	    -5.28072e-06	
         2.09563	         1.05874	         1.05874	     -4.9062e-06	
          2.1225	         1.06746	         1.06747	    -4.54793e-06	
         2.14937	         1.07607	         1.07607	     -4.2143e-06	
         2.17624	         1.08451	         1.08451	    -3.91143e-06	
          2.2031	         1.09274	         1.09274	    -3.64201e-06	
         2.22997	         1.10073	         1.10074	    -3.40487e-06	
         2.25684	         1.10845	         1.10845	    -3.19755e-06	
          2.2837	         1.11585	         1.11586	    -3.01743e-06	
         2.31057	         1.12292	         1.12292	    -2.86137e-06	
         2.33744	         1.12962	         1.12962	     -2.7258e-06	
         2.36431	         1.13594	         1.13594	    -2.60735e-06	
         2.39117	         1.14187	         1.14187	    -2.50354e-06	
         2.41804	         1.14742	         1.14742	     -2.4139e-06	
         2.44491	         1.15261	         1.15261	    -2.34361e-06	
         2.47177	         1.15745	         1.15745	    -2.28096e-06	
         2.49864	         1.16196	         1.16196	    -2.23121e-06	
         2.52551	         1.16618	         1.16618	    -2.20073e-06	
         2.55238	         1.17014	         1.17014	    -2.19645e-06	
         2.57924	         1.17387	         1.17388	    -2.22582e-06	
         2.60611	         1.17742	         1.17742	    -2.29592e-06	
         2.63298	          1.1808	          1.1808	    -2.41263e-06	
         2.65984	         1.18404	         1.18405	    -2.58004e-06	
         2.68671	         1.18718	         1.18718	    -2.80022e-06	
         2.71358	         1.19022	         1.19022	    -3.07298e-06	
         2.74045	         1.19318	         1.19318	    -3.39558e-06	
         2.76731	         1.19607	         1.19607	    -3.76238e-06	
         2.79418	          1.1989	          1.1989	    -4.16512e-06	
         2.82105	         1.20167	         1.20167	    -4.59362e-06	
         2.84791	         1.20437	         1.20438	    -5.03638e-06	
         2.87478	         1.20702	         1.20703	    -5.48106e-06	
         2.90165	         1.20961	         1.20961	    -5.91509e-06	
         2.92852	         1.21212	         1.21212	    -6.32661e-06	
         2.95538	         1.21455	         1.21456	    -6.70531e-06	
         2.98225	         1.21691	         1.21692	    -7.04318e-06	
         3.00912	         1.21918	         1.21918	    -7.33503e-06	
         3.03598	         1.22136	         1.22137	    -7.57886e-06	
         3.06285	         1.22345	         1.22346	    -7.77585e-06	
         3.08972	         1.22547	         1.22547	    -7.93016e-06	
         3.11658	          1.2274	         1.22741	    -8.04831e-06	
         3.14345	         1.22927	         1.22928	    -8.13842e-06	
         3.17032	         1.23109	          1.2311	    -8.20945e-06	
         3.19719	         1.23288	         1.23289	    -8.27051e-06	
         3.22405	         1.23466	         1.23466	    -8.33061e-06	
         3.25092	         1.23645	         1.23646	    -8.39864e-06	
         3.27779	         1.23829	         1.23829	     -8.4836e-06	
         3.30465	          1.2402	          1.2402	    -8.59462e-06	
         3.33152	          1.2422	         1.24221	    -8.74079e-06	
         3.35839	         1.24434	         1.24435	     -8.9305e-06	
         3.38526	         1.24664	         1.24665	    -9.17065e-06	
         3.41212	         1.24913	         1.24914	    -9.46564e-06	
         3.43899	         1.25183	         1.25184	    -9.81676e-06	
         3.46586	         1.25477	         1.25478	     -1.0222e-05	
         3.49272	         1.25798	         1.25799	    -1.06766e-05	
         3.51959	         1.26148	         1.26149	    -1.11733e-05	
         3.54646	         1.26529	         1.26531	    -1.17036e-05	
         3.57333	         1.26945	         1.26946	    -1.22608e-05	
         3.60019	         1.27397	         1.27398	    -1.28271e-05	
         3.62706	         1.27886	         1.27888	    -1.33791e-05	
         3.65393	         1.28415	         1.28416	       -1.39e-05	
         3.68079	         1.28984	         1.28986	    -1.43753e-05	
         3.70766	         1.29596	         1.29597	    -1.47931e-05	
         3.73453	         1.30252	         1.30253	    -1.51442e-05	
          3.7614	         1.30953	         1.30954	    -1.54228e-05	
         3.78826	         1.31701	         1.31702	    -1.56273e-05	
         3.81513	         1.32495	         1.32497	    -1.57614e-05	
           3.842	         1.33335	         1.33337	    -1.58343e-05	
         3.86886	         1.34219	         1.34221	    -1.58591e-05	
         3.89573	         1.35145	         1.35147	    -1.58516e-05	
          3.9226	         1.36109	          1.3611	    -1.58279e-05	
         3.94947	         1.37107	         1.37108	    -1.58022e-05	
         3.97633	         1.38135	         1.38137	     -1.5785e-05	
          4.0032	         1.39188	          1.3919	    -1.57827e-05	
         4.03007	         1.40262	         1.40263	    -1.57968e-05	
         4.05693	         1.41349	          1.4135	    -1.58259e-05	
          4.0838	         1.42444	         1.42445	    -1.58673e-05	
         4.11067	          1.4354	         1.43541	    -1.59187e-05	
         4.13754	         1.44629	         1.44631	    -1.59779e-05	
          4.1644	         1.45705	         1.45706	    -1.60419e-05	
         4.19127	          1.4676	         1.46761	    -1.61075e-05	
         4.21814	         1.47787	         1.47789	    -1.61705e-05	
           4.245	          1.4878	         1.48782	    -1.62267e-05	
         4.27187	         1.49734	         1.49735	    -1.62711e-05	
         4.29874	         1.50643	         1.50644	    -1.62984e-05	
          4.3256	         1.51504	         1.51505	     -1.6303e-05	
         4.35247	         1.52315	         1.52316	    -1.62788e-05	
         4.37934	         1.53074	         1.53076	    -1.62211e-05	
         4.40621	         1.53784	         1.53785	    -1.61275e-05	
         4.43307	         1.54444	         1.54446	     -1.5999e-05	
         4.45994	         1.55059	          1.5506	    -1.58393e-05	
         4.48681	          1.5563	         1.55632	    -1.56526e-05	
         4.51367	         1.56164	         1.56166	    -1.54427e-05	
         4.54054	         1.56665	         1.56667	    -1.52137e-05	
         4.56741	         1.57139	         1.57141	    -1.49735e-05	
         4.59428	         1.57593	         1.57594	    -1.47372e-05	
         4.62114	         1.58033	         1.58035	    -1.45271e-05	
         4.64801	         1.58467	         1.58469	    -1.43665e-05	
         4.67488	         1.58899	           1.589	    -1.42759e-05	
         4.70174	         1.59329	          1.5933	    -1.42774e-05	
         4.72861	         1.59756	         1.59757	    -1.43962e-05	
         4.75548	         1.60175	         1.60176	    -1.46543e-05	
         4.78235	         1.60581	         1.60582	    -1.50639e-05	
         4.80921	         1.60967	         1.60968	    -1.56258e-05	
         4.83608	         1.61327	         1.61328	    -1.63294e-05	
         4.86295	         1.61656	         1.61657	    -1.71558e-05	
         4.88981	         1.61949	         1.61951	    -1.80802e-05	
         4.91668	         1.62205	         1.62207	    -1.90751e-05	
         4.94355	         1.62422	         1.62424	    -2.01116e-05	
         4.97042	         1.62601	         1.62604	    -2.11618e-05	
         4.99728	         1.62747	         1.62749	    -2.21988e-05	
         5.02415	         1.62865	         1.62867	    -2.31976e-05	
         5.05102	         1.62962	         1.62964	     -2.4135e-05	
         5.07788	         1.63048	          1.6305	    -2.49895e-05	
         5.10475	         1.63133	         1.63136	    -2.57422e-05	
         5.13162	          1.6323	         1.63232	    -2.63776e-05	
         5.15849	         1.63348	          1.6335	    -2.68844e-05	
         5.18535	         1.63497	         1.63499	    -2.72548e-05	
         5.21222	         1.63685	         1.63688	    -2.74817e-05	
         5.23909	         1.63919	         1.63922	    -2.75545e-05	
         5.26595	         1.64206	         1.64208	    -2.74566e-05	
         5.29282	         1.64548	         1.64551	    -2.71628e-05	
         5.31969	         1.64951	         1.64954	    -2.66418e-05	
         5.34655	         1.65417	         1.65419	     -2.5867e-05	
         5.37342	         1.65948	         1.65951	    -2.48424e-05	
         5.40029	         1.66544	         1.66547	     -2.3619e-05	
         5.42716	           1.672	         1.67202	    -2.22689e-05	
         5.45402	         1.67906	         1.67909	    -2.08506e-05	
         5.48089	         1.68652	         1.68654	    -1.93951e-05	
         5.50776	         1.69425	         1.69426	    -1.79191e-05	
         5.53462	         1.70214	         1.70216	    -1.64402e-05	
         5.56149	         1.71012	         1.71013	    -1.49797e-05	
         5.58836	         1.71809	         1.71811	    -1.35609e-05	
         5.61523	         1.72599	           1.726	    -1.22077e-05	
         5.64209	         1.73375	         1.73376	     -1.0942e-05	
         5.66896	          1.7413	         1.74131	    -9.78244e-06	
         5.69583	         1.74858	         1.74859	    -8.74296e-06	
         5.72269	         1.75552	         1.75552	      -7.832e-06	
         5.74956	         1.76206	         1.76206	     -7.0522e-06	
         5.77643	         1.76815	         1.76816	    -6.40076e-06	
          5.8033	         1.77375	         1.77376	    -5.87002e-06	
         5.83016	         1.77883	         1.77884	    -5.44833e-06	
         5.85703	         1.78338	         1.78338	    -5.12083e-06	
          5.8839	         1.78738	         1.78738	    -4.87027e-06	
         5.91076	         1.79085	         1.79086	    -4.67776e-06	
         5.93763	         1.79382	         1.79383	    -4.52355e-06	
          5.9645	         1.79634	         1.79634	    -4.38798e-06	
         5.99137	         1.79843	         1.79844	    -4.25261e-06	
         6.01823	         1.80018	         1.80018	    -4.10168e-06	
          6.0451	         1.80163	         1.80163	    -3.92392e-06	
         6.07197	         1.80285	         1.80286	    -3.71433e-06	
         6.09883	         1.80391	         1.80392	    -3.47582e-06	
          6.1257	         1.80487	         1.80487	    -3.22016e-06	
         6.15257	         1.80578	         1.80578	    -2.96797e-06	
         6.17944	         1.80668	         1.80669	    -2.74771e-06	
          6.2063	         1.80763	         1.80763	    -2.59325e-06	
         6.23317	         1.80864	         1.80864	     -2.5402e-06	
         6.26004	         1.80972	         1.80972	     -2.6215e-06	
          6.2869	         1.81088	         1.81088	    -2.86429e-06	
         6.31377	         1.81209	          1.8121	    -3.28879e-06	
         6.34064	         1.81335	         1.81335	    -3.90634e-06	
         6.36751	         1.81463	         1.81463	     -4.7156e-06	
         6.39437	         1.81592	         1.81593	     -5.6992e-06	
         6.42124	         1.81722	         1.81723	    -6.82444e-06	
         6.44811	         1.81853	         1.81854	    -8.04736e-06	
         6.47497	         1.81988	         1.81989	     -9.3166e-06	
         6.50184	         1.82127	         1.82128	    -1.05763e-05	
         6.52871	         1.82274	         1.82275	    -1.17685e-05	
         6.55557	         1.82432	         1.82433	    -1.28353e-05	
         6.58244	         1.82601	         1.82602	    -1.37369e-05	
         6.60931	         1.82782	         1.82783	    -1.44698e-05	
         6.63618	         1.82973	         1.82974	    -1.50211e-05	
         6.66304	         1.83171	         1.83173	    -1.53656e-05	
         6.68991	         1.83376	         1.83377	    -1.54832e-05	
         6.71678	         1.83583	         1.83585	    -1.53628e-05	
         6.74364	         1.83792	         1.83794	    -1.50031e-05	
         6.77051	         1.84001	         1.84002	    -1.44129e-05	
         6.79738	         1.84208	         1.84209	    -1.36111e-05	
         6.82425	         1.84413	         1.84414	    -1.26257e-05	
         6.85111	         1.84616	         1.84617	    -1.14916e-05	
         6.87798	         1.84815	         1.84816	    -1.02449e-05	
         6.90485	         1.85009	          1.8501	    -8.91738e-06	
         6.93171	         1.85197	         1.85198	    -7.53741e-06	
         6.95858	         1.85377	         1.85378	     -6.1345e-06	
         6.98545	         1.85548	         1.85548	     -4.7396e-06	
         7.01232	         1.85707	         1.85707	    -3.38197e-06	
         7.03918	         1.85855	         1.85856	    -2.08649e-06	
         7.06605	         1.85993	         1.85993	     -8.7196e-07	
         7.09292	          1.8612	          1.8612	     2.49822e-07	
         7.11978	         1.86237	         1.86237	      1.2737e-06	
         7.14665	         1.86343	         1.86343	     2.19817e-06	
         7.17352	         1.86439	         1.86438	     3.02114e-06	
         7.20039	         1.86521	         1.86521	     3.73753e-06	
         7.22725	         1.86589	         1.86589	     4.33922e-06	
         7.25412	          1.8664	          1.8664	     4.81586e-06	
         7.28099	         1.86672	         1.86671	     5.15553e-06	
         7.30785	         1.86681	         1.86681	     5.34541e-06	
         7.33472	         1.86666	         1.86666	     5.37533e-06	
         7.36159	         1.86624	         1.86624	     5.24348e-06	
         7.38846	         1.86554	         1.86554	     4.95823e-06	
         7.41532	         1.86458	         1.86457	     4.53638e-06	
         7.44219	         1.86336	         1.86336	     4.00189e-06	
         7.46906	         1.86195	         1.86194	     3.38288e-06	
         7.49592	         1.86038	         1.86038	     2.70218e-06	
         7.52279	         1.85874	         1.85874	     1.98448e-06	
         7.54966	         1.85709	         1.85708	     1.27202e-06	
         7.57653	         1.85549	         1.85549	     6.24087e-07	
         7.60339	         1.85402	         1.85402	     1.08651e-07	
         7.63026	         1.85273	         1.85273	    -2.25974e-07	
         7.65713	         1.85166	         1.85166	    -4.14894e-07	
         7.68399	         1.85079	         1.85079	    -5.58966e-07	
         7.71086	         1.85007	         1.85007	    -6.90703e-07	
         7.73773	         1.84943	         1.84943	    -7.77472e-07	
         7.76459	         1.84884	         1.84884	    -7.78619e-07	
         7.79146	         1.84825	         1.84825	    -6.62263e-07	
         7.81833	         1.84764	         1.84764	    -4.07167e-07	
          7.8452	         1.84697	         1.84697	    -2.95667e-09	
         7.87206	         1.84624	         1.84624	     5.49595e-07	
         7.89893	         1.84544	         1.84544	     1.23824e-06	
          7.9258	         1.84457	         1.84457	     2.03841e-06	
         7.95266	         1.84365	         1.84365	     2.90595e-06	
         7.97953	         1.84271	         1.84271	      3.7438e-06	
          8.0064	         1.84176	         1.84176	     4.64222e-06	
         8.03327	         1.84075	         1.84074	     5.63068e-06	
         8.06013	         1.83966	         1.83965	     6.61626e-06	
           8.087	         1.83847	         1.83847	     7.53182e-06	
         8.11387	         1.83722	         1.83721	     8.32187e-06	
         8.14073	          1.8359	         1.83589	     8.93569e-06	
          8.1676	         1.83456	         1.83456	     9.32316e-06	
         8.19447	         1.83325	         1.83324	     9.42981e-06	
         8.22134	         1.83199	         1.83198	     9.18943e-06	
          8.2482	         1.83086	         1.83085	     8.57063e-06	
         8.27507	         1.82985	         1.82984	     7.83963e-06	
         8.30194	          1.8289	          1.8289	     7.14788e-06	
          8.3288	         1.82797	         1.82796	     6.46347e-06	
         8.35567	           1.827	         1.82699	     5.78074e-06	
         8.38254	         1.82597	         1.82596	     5.10657e-06	
         8.40941	         1.82486	         1.82485	     4.45188e-06	
         8.43627	         1.82367	         1.82367	     3.82871e-06	
         8.46314	         1.82241	         1.82241	     3.24868e-06	
         8.49001	         1.82109	         1.82108	     2.72282e-06	
         8.51687	         1.81972	         1.81971	     2.26591e-06	
         8.54374	         1.81831	          1.8183	     1.82924e-06	
         8.57061	         1.81684	         1.81684	     1.42857e-06	
         8.59748	         1.81531	         1.81531	     1.10957e-06	
         8.62434	         1.81369	         1.81369	      8.9049e-07	
         8.65121	         1.81198	         1.81198	     7.75016e-07	
         8.67808	         1.81017	         1.81017	     7.55154e-07	
         8.70494	         1.80826	         1.80826	     8.14442e-07	
         8.73181	         1.80627	         1.80627	     9.32742e-07	
         8.75868	         1.80423	         1.80423	     1.08971e-06	
         8.78555	          1.8022	          1.8022	     1.26516e-06	
         8.81241	         1.80026	         1.80026	     1.43917e-06	
         8.83928	         1.79851	         1.79851	     1.59334e-06	
         8.86615	         1.79708	         1.79707	      1.7124e-06	
         8.89301	         1.79609	         1.79609	     1.78591e-06	
         8.91988	         1.79568	         1.79568	     1.81003e-06	
         8.94675	         1.79597	         1.79597	     1.78996e-06	
         8.97361	         1.79703	         1.79702	     1.74218e-06	
         9.00048	         1.79889	         1.79889	     1.69135e-06	
         9.02735	         1.80155	         1.80155	     1.64937e-06	
         9.05422	         1.80489	         1.80489	      1.6099e-06	
         9.08108	         1.80875	         1.80875	     1.57023e-06	
         9.10795	         1.81297	         1.81297	      1.5284e-06	
         9.13482	         1.81737	         1.81737	     1.47885e-06	
         9.16168	         1.82177	         1.82177	     1.41309e-06	
         9.18855	         1.82603	         1.82603	     1.32158e-06	
         9.21542	            1.83	            1.83	     1.19529e-06	
         9.24229	         1.83357	         1.83357	     1.02604e-06	
         9.26915	         1.83665	         1.83665	     8.06096e-07	
         9.29602	         1.83919	         1.83919	     5.28132e-07	
         9.32289	         1.84116	         1.84116	     1.86678e-07	
         9.34975	         1.84256	         1.84256	    -2.18965e-07	
         9.37662	         1.84345	         1.84345	    -6.81037e-07	
         9.40349	         1.84389	         1.84389	    -1.18202e-06	
         9.43036	         1.84399	         1.84399	    -1.69937e-06	
         9.45722	         1.84385	         1.84385	    -2.21305e-06	
         9.48409	          1.8436	         1.84361	    -2.70774e-06	
         9.51096	         1.84338	         1.84338	    -3.17027e-06	
         9.53782	         1.84329	         1.84329	     -3.5875e-06	
         9.56469	         1.84344	         1.84344	    -3.94711e-06	
         9.59156	         1.84391	         1.84391	    -4.24036e-06	
         9.61843	         1.84477	         1.84478	    -4.46676e-06	
         9.64529	         1.84605	         1.84606	    -4.65306e-06	
         9.67216	         1.84777	         1.84777	    -4.82175e-06	
         9.69903	         1.84988	         1.84989	    -4.97531e-06	
         9.72589	         1.85233	         1.85233	     -5.1336e-06	
         9.75276	         1.85502	         1.85503	    -5.31212e-06	
         9.77963	         1.85784	         1.85784	    -5.51712e-06	
          9.8065	         1.86065	         1.86066	    -5.74433e-06	
         9.83336	         1.86331	         1.86332	    -5.97944e-06	
         9.86023	         1.86569	         1.86569	    -6.20023e-06	
          9.8871	         1.86762	         1.86763	    -6.37954e-06	
         9.91396	           1.869	         1.86901	    -6.48852e-06	
         9.94083	          1.8697	         1.86971	    -6.49944e-06	
          9.9677	         1.86963	         1.86963	    -6.38792e-06	
         9.99457	         1.86871	         1.86871	    -6.13428e-06	
         10.0214	          1.8669	          1.8669	    -5.72423e-06	
         10.0483	         1.86418	         1.86419	     -5.1493e-06	
         10.0752	         1.86058	         1.86058	    -4.40731e-06	
          10.102	         1.85613	         1.85614	    -3.50324e-06	
         10.1289	         1.85093	         1.85093	    -2.45018e-06	
         10.1558	         1.84509	         1.84509	    -1.26999e-06	
         10.1826	         1.83877	         1.83877	     7.06251e-09	
         10.2095	         1.83215	         1.83215	     1.34436e-06	
         10.2364	         1.82545	         1.82544	     2.70302e-06	
         10.2632	         1.81886	         1.81885	     4.04694e-06	
         10.2901	          1.8126	         1.81259	     5.34666e-06	
          10.317	         1.80687	         1.80686	     6.58041e-06	
         10.3438	         1.80182	         1.80181	     7.73183e-06	
         10.3707	          1.7976	         1.79759	     8.78328e-06	
         10.3976	         1.79431	          1.7943	     9.70475e-06	
         10.4244	         1.79201	           1.792	     1.04438e-05	
         10.4513	         1.79074	         1.79073	     1.09307e-05	
         10.4782	         1.79053	         1.79051	     1.11137e-05	
          10.505	         1.79133	         1.79132	     1.09927e-05	
         10.5319	          1.7931	         1.79309	     1.05947e-05	
         10.5588	         1.79578	         1.79577	     9.93493e-06	
         10.5856	          1.7993	         1.79929	     9.00899e-06	
         10.6125	          1.8036	          1.8036	     7.80306e-06	
         10.6394	         1.80864	         1.80863	     6.30396e-06	
         10.6662	         1.81437	         1.81436	     4.50993e-06	
         10.6931	         1.82076	         1.82076	     2.45964e-06	
           10.72	         1.82777	         1.82777	     2.00216e-08	
         10.7468	         1.83525	         1.83525	    -2.61754e-06	
         10.7737	         1.84303	         1.84304	    -5.37111e-06	
         10.8006	         1.85098	         1.85099	    -8.19807e-06	
         10.8274	         1.85896	         1.85897	    -1.10612e-05	
         10.8543	         1.86687	         1.86688	    -1.39169e-05	
         10.8812	         1.87458	          1.8746	    -1.66881e-05	
          10.908	         1.88202	         1.88203	    -1.92737e-05	
         10.9349	         1.88907	         1.88909	    -2.16064e-05	
         10.9618	         1.89566	         1.89569	    -2.36581e-05	
         10.9886	         1.90173	         1.90176	     -2.5416e-05	
         11.0155	         1.90724	         1.90727	    -2.68745e-05	
         11.0424	         1.91217	          1.9122	    -2.80327e-05	
         11.0692	         1.91652	         1.91655	    -2.88928e-05	
         11.0961	         1.92032	         1.92035	    -2.94619e-05	
          11.123	          1.9236	         1.92363	    -2.97561e-05	
         11.1499	         1.92639	         1.92642	    -2.98045e-05	
         11.1767	         1.92876	         1.92879	    -2.96458e-05	
         11.2036	         1.93073	         1.93076	    -2.93314e-05	
         11.2305	         1.93233	         1.93236	    -2.89259e-05	
         11.2573	          1.9336	         1.93362	    -2.84871e-05	
         11.2842	         1.93455	         1.93458	    -2.80569e-05	
         11.3111	         1.93523	         1.93526	    -2.76626e-05	
         11.3379	         1.93568	         1.93571	    -2.73178e-05	
         11.3648	         1.93594	         1.93597	    -2.70225e-05	
         11.3917	         1.93607	         1.93609	     -2.6764e-05	
         11.4185	         1.93609	         1.93611	    -2.65193e-05	
         11.4454	         1.93603	         1.93605	    -2.62615e-05	
         11.4723	         1.93592	         1.93594	    -2.59663e-05	
         11.4991	         1.93577	          1.9358	    -2.56182e-05	
          11.526	         1.93561	         1.93564	    -2.52128e-05	
         11.5529	         1.93547	         1.93549	    -2.47562e-05	
         11.5797	         1.93537	          1.9354	    -2.42622e-05	
         11.6066	         1.93537	         1.93539	    -2.37486e-05	
         11.6335	          1.9355	         1.93553	    -2.32324e-05	
         11.6603	         1.93584	         1.93586	    -2.27245e-05	
         11.6872	         1.93642	         1.93644	    -2.22248e-05	
         11.7141	         1.93731	         1.93733	    -2.17156e-05	
         11.7409	         1.93852	         1.93854	    -2.11587e-05	
         11.7678	         1.94008	          1.9401	    -2.05037e-05	
         11.7947	         1.94196	         1.94198	    -1.97044e-05	
         11.8215	         1.94414	         1.94415	    -1.87298e-05	
         11.8484	         1.94656	         1.94658	    -1.75639e-05	
         11.8753	         1.94919	          1.9492	    -1.62008e-05	
         11.9021	         1.95196	         1.95198	     -1.4641e-05	
          11.929	         1.95485	         1.95486	    -1.28908e-05	
         11.9559	         1.95781	         1.95782	    -1.09682e-05	
         11.9827	         1.96081	         1.96082	    -8.92838e-06	
         12.0096	         1.96382	         1.96382	     -6.8815e-06	
         12.0365	         1.96679	          1.9668	    -4.94056e-06	
         12.0633	         1.96969	         1.96969	    -3.19287e-06	
         12.0902	         1.97247	         1.97247	    -1.71157e-06	
         12.1171	         1.97507	         1.97507	    -5.56089e-07	
         12.1439	         1.97745	         1.97745	     2.35108e-07	
         12.1708	         1.97954	         1.97954	     6.52854e-07	
         12.1977	         1.98128	         1.98127	      7.1969e-07	
         12.2245	         1.98259	         1.98259	     4.77034e-07	
         12.2514	         1.98342	         1.98342	     -3.5841e-08	
         12.2783	         1.98369	         1.98369	    -7.91717e-07	
         12.3051	         1.98338	         1.98338	    -1.77224e-06	
          12.332	         1.98246	         1.98246	    -2.96099e-06	
         12.3589	         1.98091	         1.98092	    -4.33772e-06	
         12.3857	         1.97876	         1.97877	    -5.87554e-06	
         12.4126	         1.97604	         1.97605	    -7.54145e-06	
         12.4395	         1.97279	          1.9728	    -9.29994e-06	
         12.4663	         1.96909	         1.96911	    -1.11174e-05	
         12.4932	         1.96503	         1.96504	    -1.29656e-05	
         12.5201	         1.96071	         1.96072	    -1.48226e-05	
         12.5469	         1.95625	         1.95627	    -1.66724e-05	
         12.5738	         1.95181	         1.95183	    -1.85008e-05	
         12.6007	         1.94752	         1.94754	    -2.02881e-05	
         12.6275	         1.94353	         1.94355	    -2.20018e-05	
         12.6544	         1.93995	         1.93997	    -2.35959e-05	
         12.6813	         1.93689	         1.93692	    -2.50219e-05	
         12.7081	         1.93441	         1.93444	    -2.62429e-05	
          12.735	         1.93255	         1.93257	    -2.72403e-05	
         12.7619	         1.93129	         1.93132	    -2.80157e-05	
         12.7887	         1.93062	         1.93065	    -2.85903e-05	
         12.8156	         1.93047	          1.9305	     -2.9004e-05	
         12.8425	         1.93077	          1.9308	    -2.93145e-05	
         12.8693	         1.93144	         1.93147	     -2.9593e-05	
         12.8962	         1.93237	          1.9324	    -2.99185e-05	
         12.9231	         1.93347	          1.9335	    -3.03692e-05	
         12.9499	         1.93468	         1.93471	    -3.10158e-05	
         12.9768	         1.93592	         1.93595	    -3.19105e-05	
         13.0037	         1.93717	          1.9372	    -3.30647e-05	
         13.0305	          1.9384	         1.93843	    -3.44444e-05	
         13.0574	         1.93959	         1.93963	    -3.59987e-05	
         13.0843	         1.94077	         1.94081	    -3.76673e-05	
         13.1111	         1.94196	           1.942	    -3.93773e-05	
          13.138	         1.94319	         1.94323	    -4.10484e-05	
         13.1649	         1.94447	         1.94451	    -4.26229e-05	
         13.1918	         1.94578	         1.94582	    -4.40899e-05	
         13.2186	          1.9471	         1.94714	    -4.54526e-05	
         13.2455	          1.9484	         1.94844	    -4.67098e-05	
         13.2724	         1.94964	         1.94969	    -4.78557e-05	
         13.2992	         1.95081	         1.95086	    -4.88834e-05	
         13.3261	         1.95186	         1.95191	    -4.98073e-05	
          13.353	         1.95274	         1.95279	    -5.06934e-05	
         13.3798	         1.95338	         1.95343	    -5.15954e-05	
         13.4067	         1.95372	         1.95378	    -5.25222e-05	
         13.4336	         1.95371	         1.95377	     -5.3469e-05	
         13.4604	         1.95331	         1.95337	    -5.44285e-05	
         13.4873	          1.9525	         1.95255	    -5.53918e-05	
         13.5142	         1.95126	         1.95132	     -5.6346e-05	
          13.541	          1.9496	         1.94966	     -5.7274e-05	
         13.5679	         1.94756	         1.94762	    -5.81532e-05	
         13.5948	         1.94517	         1.94523	    -5.89554e-05	
         13.6216	          1.9425	         1.94256	    -5.96476e-05	
         13.6485	         1.93963	         1.93969	     -6.0192e-05	
         13.6754	         1.93665	         1.93671	     -6.0545e-05	
         13.7022	         1.93366	         1.93372	    -6.06577e-05	
         13.7291	          1.9308	         1.93086	    -6.04804e-05	
          13.756	         1.92819	         1.92825	    -5.99743e-05	
         13.7828	         1.92597	         1.92603	    -5.91265e-05	
         13.8097	         1.92426	         1.92431	    -5.79609e-05	
         13.8366	         1.92318	         1.92324	    -5.65405e-05	
         13.8634	         1.92284	          1.9229	    -5.49509e-05	
         13.8903	         1.92331	         1.92336	    -5.32509e-05	
         13.9172	          1.9246	         1.92465	    -5.14688e-05	
          13.944	         1.92667	         1.92672	    -4.96647e-05	
         13.9709	         1.92946	          1.9295	    -4.78736e-05	
         13.9978	         1.93285	          1.9329	    -4.60982e-05	
         14.0246	         1.93675	          1.9368	    -4.43429e-05	
         14.0515	         1.94102	         1.94106	    -4.26006e-05	
         14.0784	         1.94551	         1.94555	    -4.07609e-05	
         14.1052	         1.95002	         1.95006	    -3.87637e-05	
         14.1321	         1.95439	         1.95442	    -3.66119e-05	
          14.159	         1.95844	         1.95847	    -3.43161e-05	
         14.1858	         1.96204	         1.96207	    -3.18897e-05	
         14.2127	         1.96508	         1.96511	    -2.93502e-05	
         14.2396	         1.96747	          1.9675	    -2.67212e-05	
         14.2664	         1.96917	          1.9692	    -2.40339e-05	
         14.2933	         1.97016	         1.97018	    -2.13273e-05	
         14.3202	         1.97046	         1.97048	    -1.86474e-05	
          14.347	         1.97013	         1.97015	    -1.60467e-05	
         14.3739	         1.96926	         1.96927	    -1.35806e-05	
         14.4008	         1.96796	         1.96797	    -1.13039e-05	
         14.4276	          1.9664	         1.96641	    -9.26199e-06	
         14.4545	         1.96475	         1.96476	    -7.46306e-06	
         14.4814	         1.96321	         1.96322	    -5.98759e-06	
         14.5082	         1.96194	         1.96194	    -5.06351e-06	
         14.5351	         1.96107	         1.96108	    -4.64921e-06	
          14.562	         1.96075	         1.96075	     -4.8047e-06	
         14.5888	         1.96112	         1.96112	     -5.5492e-06	
         14.6157	         1.96225	         1.96226	    -6.41999e-06	
         14.6426	         1.96411	         1.96412	    -7.50043e-06	
         14.6694	         1.96664	         1.96665	    -8.71397e-06	
         14.6963	         1.96975	         1.96976	    -9.97574e-06	
         14.7232	         1.97335	         1.97336	     -1.1203e-05	
           14.75	         1.97734	         1.97735	    -1.23196e-05	
         14.7769	         1.98158	         1.98159	    -1.32614e-05	
         14.8038	         1.98594	         1.98596	     -1.3984e-05	
         14.8306	          1.9903	         1.99031	    -1.44656e-05	
         14.8575	         1.99453	         1.99454	    -1.47049e-05	
         14.8844	         1.99853	         1.99854	    -1.47147e-05	
         14.9112	         2.00222	         2.00223	     -1.4516e-05	
         14.9381	         2.00555	         2.00557	    -1.41313e-05	
          14.965	          2.0085	         2.00852	    -1.35771e-05	
         14.9918	         2.01105	         2.01106	    -1.28587e-05	
         15.0187	         2.01318	          2.0132	    -1.19724e-05	
         15.0456	         2.01491	         2.01492	    -1.09145e-05	
         15.0724	         2.01623	         2.01624	     -9.6864e-06	
         15.0993	         2.01714	         2.01715	     -8.2921e-06	
         15.1262	         2.01764	         2.01764	    -6.73573e-06	
         15.1531	         2.01772	         2.01772	    -5.02375e-06	
         15.1799	         2.01739	         2.01739	    -3.17188e-06	
         15.2068	         2.01666	         2.01666	    -1.21526e-06	
         15.2337	         2.01553	         2.01553	     7.85675e-07	
         15.2605	         2.01403	         2.01402	     2.75771e-06	
         15.2874	         2.01215	         2.01214	     4.63694e-06	
         15.3143	         2.00991	          2.0099	     6.37398e-06	
         15.3411	         2.00736	         2.00735	     7.92916e-06	
          15.368	         2.00454	         2.00453	     9.27187e-06	
         15.3949	         2.00154	         2.00153	      1.0382e-05	
         15.4217	         1.99842	         1.99841	       1.125e-05	
         15.4486	          1.9953	         1.99529	     1.18755e-05	
         15.4755	         1.99228	         1.99227	     1.22661e-05	
         15.5023	         1.98947	         1.98946	     1.24346e-05	
         15.5292	         1.98697	         1.98696	     1.23831e-05	
         15.5561	         1.98488	         1.98486	     1.20675e-05	
         15.5829	         1.98327	         1.98326	     1.13838e-05	
         15.6098	         1.98221	          1.9822	     1.01806e-05	
         15.6367	         1.98176	         1.98176	     8.25383e-06	
         15.6635	         1.98195	         1.98194	     5.76971e-06	
         15.6904	         1.98273	         1.98273	     3.22861e-06	
         15.7173	         1.98404	         1.98404	     7.62124e-07	
         15.7441	         1.98579	         1.98579	    -1.60235e-06	
          15.771	         1.98787	         1.98788	    -3.84126e-06	
         15.7979	          1.9902	          1.9902	    -5.93247e-06	
         15.8247	         1.99267	         1.99267	    -7.85734e-06	
         15.8516	         1.99519	          1.9952	    -9.60081e-06	
         15.8785	         1.99771	         1.99772	      -1.115e-05	
         15.9053	         2.00015	         2.00017	    -1.24918e-05	
         15.9322	         2.00249	         2.00251	    -1.36103e-05	
         15.9591	         2.00469	         2.00471	    -1.44848e-05	
         15.9859	         2.00673	         2.00674	     -1.5089e-05	
         16.0128	         2.00857	         2.00859	    -1.53922e-05	
         16.0397	         2.01022	         2.01023	    -1.53583e-05	
         16.0665	         2.01164	         2.01166	    -1.49447e-05	
         16.0934	         2.01283	         2.01284	    -1.41038e-05	
         16.1203	         2.01377	         2.01378	    -1.27926e-05	
         16.1471	         2.01444	         2.01445	    -1.09873e-05	
          16.174	         2.01484	         2.01485	    -8.69436e-06	
         16.2009	         2.01496	         2.01496	    -5.95258e-06	
         16.2277	         2.01478	         2.01478	    -2.82496e-06	
         16.2546	          2.0143	         2.01429	     6.10729e-07	
         16.2815	          2.0135	         2.01349	     4.26588e-06	
         16.3083	         2.01237	         2.01236	     8.04176e-06	
         16.3352	         2.01092	         2.01091	     1.18328e-05	
         16.3621	         2.00914	         2.00913	      1.5533e-05	
         16.3889	         2.00706	         2.00704	     1.90432e-05	
         16.4158	         2.00469	         2.00466	     2.22743e-05	
         16.4427	         2.00207	         2.00204	     2.51492e-05	
         16.4695	         1.99925	         1.99922	     2.76035e-05	
         16.4964	         1.99627	         1.99624	     2.95842e-05	
         16.5233	         1.99318	         1.99315	     3.10486e-05	
         16.5501	         1.99001	         1.98998	     3.19615e-05	
          16.577	         1.98679	         1.98676	     3.22972e-05	
         16.6039	         1.98354	         1.98351	     3.20438e-05	
         16.6307	         1.98027	         1.98023	     3.12084e-05	
         16.6576	         1.97697	         1.97694	     2.98217e-05	
         16.6845	         1.97365	         1.97362	     2.79409e-05	
         16.7113	         1.97029	         1.97027	     2.56523e-05	
         16.7382	         1.96691	         1.96689	     2.30716e-05	
         16.7651	          1.9635	         1.96348	     2.03411e-05	
         16.7919	         1.96005	         1.96004	      1.7623e-05	
         16.8188	          1.9566	         1.95658	     1.50875e-05	
         16.8457	         1.95316	         1.95315	     1.28992e-05	
         16.8725	         1.94978	         1.94977	     1.12031e-05	
         16.8994	         1.94653	         1.94652	     1.01119e-05	
         16.9263	         1.94349	         1.94348	     9.69473e-06	
         16.9531	         1.94075	         1.94074	     9.96735e-06	
           16.98	         1.93844	         1.93843	     1.09012e-05	
         17.0069	         1.93669	         1.93668	     1.24864e-05	
         17.0337	         1.93559	         1.93558	     1.42735e-05	
         17.0606	         1.93521	          1.9352	     1.62554e-05	
         17.0875	         1.93557	         1.93555	     1.83963e-05	
         17.1143	         1.93666	         1.93664	     2.06347e-05	
         17.1412	         1.93843	         1.93841	     2.28983e-05	
         17.1681	          1.9408	         1.94078	     2.51095e-05	
          17.195	         1.94368	         1.94366	      2.7192e-05	
         17.2218	         1.94696	         1.94693	     2.90763e-05	
         17.2487	         1.95052	         1.95049	     3.07043e-05	
         17.2756	         1.95425	         1.95422	     3.20293e-05	
         17.3024	         1.95804	           1.958	     3.30125e-05	
         17.3293	          1.9618	         1.96176	     3.36177e-05	
         17.3562	         1.96545	         1.96542	     3.38413e-05	
          17.383	         1.96894	          1.9689	     3.37297e-05	
         17.4099	         1.97219	         1.97216	     3.33097e-05	
         17.4368	         1.97519	         1.97515	     3.25861e-05	
         17.4636	          1.9779	         1.97787	      3.1567e-05	
         17.4905	         1.98036	         1.98033	      3.0269e-05	
         17.5174	         1.98256	         1.98254	     2.87143e-05	
         17.5442	         1.98457	         1.98454	      2.6928e-05	
         17.5711	         1.98641	         1.98639	     2.49352e-05	
          17.598	         1.98814	         1.98812	     2.27592e-05	
         17.6248	          1.9898	         1.98978	     2.04203e-05	
         17.6517	         1.99143	         1.99141	     1.79367e-05	
         17.6786	         1.99308	         1.99306	     1.53247e-05	
         17.7054	         1.99478	         1.99476	     1.26001e-05	
         17.7323	         1.99655	         1.99654	     9.78076e-06	
         17.7592	         1.99842	         1.99841	     6.88861e-06	
          17.786	          2.0004	          2.0004	     3.95322e-06	
         17.8129	          2.0025	          2.0025	     1.01412e-06	
         17.8398	          2.0047	         2.00471	    -1.88258e-06	
         17.8666	         2.00697	         2.00698	    -4.69648e-06	
         17.8935	         2.00926	         2.00927	    -7.40284e-06	
         17.9204	         2.01152	         2.01153	    -9.98878e-06	
         17.9472	         2.01371	         2.01372	    -1.24445e-05	
         17.9741	         2.01578	         2.01579	    -1.47588e-05	
          18.001	         2.01771	         2.01773	    -1.69189e-05	
         18.0278	          2.0195	         2.01952	    -1.89128e-05	
         18.0547	         2.02112	         2.02114	    -2.07328e-05	
         18.0816	         2.02258	          2.0226	    -2.23773e-05	
         18.1084	         2.02386	         2.02388	     -2.3844e-05	
         18.1353	         2.02496	         2.02498	    -2.51231e-05	
         18.1622	         2.02588	         2.02591	    -2.62016e-05	
          18.189	         2.02663	         2.02665	    -2.70733e-05	
         18.2159	          2.0272	         2.02723	    -2.77434e-05	
         18.2428	         2.02761	         2.02764	    -2.82293e-05	
         18.2696	         2.02788	         2.02791	    -2.85578e-05	
         18.2965	           2.028	         2.02803	    -2.87618e-05	
         18.3234	         2.02801	         2.02804	    -2.88769e-05	
         18.3502	         2.02792	         2.02795	    -2.89383e-05	
         18.3771	         2.02775	         2.02778	    -2.89782e-05	
          18.404	         2.02751	         2.02754	    -2.90231e-05	
         18.4308	         2.02723	         2.02726	    -2.90902e-05	
         18.4577	         2.02692	         2.02695	    -2.91854e-05	
         18.4846	         2.02659	         2.02662	    -2.93008e-05	
         18.5114	         2.02624	         2.02627	    -2.94154e-05	
         18.5383	         2.02588	          2.0259	    -2.94971e-05	
         18.5652	         2.02548	         2.02551	    -2.95076e-05	
          18.592	         2.02506	         2.02509	    -2.94078e-05	
         18.6189	         2.02459	         2.02462	    -2.91638e-05	
         18.6458	         2.02408	         2.02411	    -2.87513e-05	
         18.6726	         2.02351	         2.02354	    -2.81583e-05	
         18.6995	          2.0229	         2.02292	    -2.73855e-05	
         18.7264	         2.02225	         2.02227	    -2.64458e-05	
         18.7532	         2.02158	          2.0216	    -2.53598e-05	
         18.7801	         2.02091	         2.02093	     -2.4135e-05	
          18.807	         2.02027	         2.02029	    -2.26902e-05	
         18.8338	         2.01966	         2.01968	     -2.0955e-05	
         18.8607	         2.01909	         2.01911	     -1.9127e-05	
         18.8876	         2.01858	         2.01859	    -1.73555e-05	
         18.9144	         2.01813	         2.01814	    -1.57154e-05	
         18.9413	         2.01778	         2.01779	     -1.4272e-05	
         18.9682	         2.01758	         2.01759	    -1.31048e-05	
          18.995	         2.01757	         2.01759	    -1.23113e-05	
         19.0219	         2.01781	         2.01782	    -1.19784e-05	
         19.0488	         2.01832	         2.01833	    -1.21395e-05	
         19.0756	         2.01914	         2.01916	    -1.27624e-05	
         19.1025	         2.02029	          2.0203	    -1.37715e-05	
         19.1294	         2.02176	         2.02177	    -1.50776e-05	
         19.1562	         2.02353	         2.02355	    -1.65994e-05	
         19.1831	         2.02559	         2.02561	    -1.82774e-05	
           19.21	          2.0279	         2.02792	     -2.0081e-05	
         19.2369	         2.03042	         2.03044	    -2.20207e-05	
         19.2637	         2.03303	         2.03305	    -2.41659e-05	
         19.2906	         2.03556	         2.03559	    -2.64756e-05	
         19.3175	         2.03789	         2.03792	    -2.88613e-05	
         19.3443	         2.03988	         2.03991	    -3.12011e-05	
         19.3712	         2.04142	         2.04146	    -3.33517e-05	
         19.3981	         2.04244	         2.04247	     -3.5161e-05	
         19.4249	         2.04286	          2.0429	    -3.64801e-05	
         19.4518	         2.04266	         2.04269	    -3.71734e-05	
         19.4787	         2.04183	         2.04186	    -3.71265e-05	
         19.5055	          2.0404	         2.04044	    -3.62485e-05	
         19.5324	         2.03846	         2.03849	    -3.44754e-05	
         19.5593	         2.03609	         2.03612	    -3.17735e-05	
         19.5861	         2.03343	         2.03346	    -2.81441e-05	
          19.613	         2.03063	         2.03065	    -2.36279e-05	
         19.6399	         2.02784	         2.02786	    -1.83086e-05	
         19.6667	         2.02525	         2.02526	    -1.23155e-05	
         19.6936	         2.02299	           2.023	    -5.83143e-06	
         19.7205	         2.02122	         2.02122	     8.90773e-07	
         19.7473	         2.02005	         2.02004	     7.51962e-06	
         19.7742	         2.01954	         2.01952	     1.37095e-05	
         19.8011	          2.0197	         2.01969	     1.92087e-05	
         19.8279	         2.02055	         2.02052	     2.38898e-05	
         19.8548	         2.02204	         2.02201	     2.77195e-05	
         19.8817	         2.02413	          2.0241	     3.07282e-05	
         19.9085	         2.02674	         2.02671	     3.29892e-05	
         19.9354	         2.02979	         2.02976	     3.46009e-05	
         19.9623	         2.03319	         2.03315	     3.56714e-05	
         19.9891	         2.03682	         2.03678	     3.63051e-05	
          20.016	         2.04057	         2.04053	     3.65907e-05	
         20.0429	         2.04434	          2.0443	     3.65927e-05	
         20.0697	         2.04802	         2.04799	     3.63453e-05	
         20.0966	         2.05153	          2.0515	     3.58471e-05	
         20.1235	          2.0548	         2.05477	     3.50532e-05	
         20.1503	         2.05779	         2.05775	     3.38344e-05	
         20.1772	         2.06048	         2.06045	     3.21131e-05	
         20.2041	         2.06287	         2.06284	      3.0129e-05	
         20.2309	         2.06489	         2.06486	     2.78493e-05	
         20.2578	         2.06653	         2.06651	     2.52966e-05	
         20.2847	         2.06779	         2.06777	      2.2489e-05	
         20.3115	         2.06866	         2.06864	      1.9436e-05	
         20.3384	         2.06916	         2.06914	     1.61399e-05	
         20.3653	         2.06929	         2.06928	     1.25989e-05	
         20.3921	         2.06907	         2.06906	     8.81415e-06	
          20.419	         2.06853	         2.06853	     4.79644e-06	
         20.4459	          2.0677	          2.0677	      5.7089e-07	
         20.4727	          2.0666	         2.06661	    -3.82069e-06	
         20.4996	         2.06528	         2.06529	    -8.32046e-06	
         20.5265	         2.06377	         2.06378	    -1.28574e-05	
         20.5533	         2.06212	         2.06213	     -1.7352e-05	
         20.5802	         2.06035	         2.06037	    -2.17211e-05	
         20.6071	         2.05851	         2.05854	    -2.58835e-05	
         20.6339	         2.05664	         2.05667	    -2.97637e-05	
         20.6608	         2.05475	         2.05478	    -3.32939e-05	
         20.6877	         2.05287	         2.05291	    -3.64143e-05	
         20.7145	         2.05103	         2.05107	    -3.90721e-05	
         20.7414	         2.04924	         2.04928	    -4.12204e-05	
         20.7683	         2.04752	         2.04756	    -4.28167e-05	
         20.7951	         2.04588	         2.04593	    -4.38201e-05	
          20.822	         2.04436	          2.0444	    -4.41837e-05	
         20.8489	         2.04296	         2.04301	    -4.38466e-05	
         20.8757	         2.04172	         2.04176	    -4.27373e-05	
         20.9026	         2.04065	         2.04069	    -4.08074e-05	
         20.9295	         2.03975	         2.03979	    -3.80725e-05	
         20.9563	         2.03904	         2.03907	     -3.4621e-05	
         20.9832	         2.03852	         2.03855	    -3.05964e-05	
         21.0101	          2.0382	         2.03823	    -2.61758e-05	
         21.0369	         2.03808	          2.0381	    -2.15485e-05	
         21.0638	         2.03817	         2.03819	    -1.68894e-05	
         21.0907	         2.03846	         2.03847	    -1.23351e-05	
         21.1175	         2.03896	         2.03896	    -7.97919e-06	
         21.1444	         2.03964	         2.03965	    -3.88923e-06	
         21.1713	         2.04052	         2.04052	    -1.24548e-07	
         21.1982	         2.04157	         2.04157	     3.26013e-06	
          21.225	         2.04278	         2.04277	     6.22136e-06	
         21.2519	         2.04414	         2.04413	     8.73402e-06	
         21.2788	         2.04563	         2.04562	     1.07929e-05	
         21.3056	         2.04727	         2.04725	     1.24096e-05	
         21.3325	         2.04903	         2.04902	     1.36068e-05	
         21.3594	         2.05094	         2.05092	     1.44152e-05	
         21.3862	         2.05299	         2.05297	     1.48723e-05	
         21.4131	         2.05518	         2.05517	     1.50236e-05	
           21.44	          2.0575	         2.05748	     1.49197e-05	
         21.4668	          2.0599	         2.05989	     1.46073e-05	
         21.4937	         2.06233	         2.06232	     1.41204e-05	
         21.5206	         2.06472	          2.0647	     1.34767e-05	
         21.5474	         2.06697	         2.06695	     1.26814e-05	
         21.5743	         2.06899	         2.06898	     1.17339e-05	
         21.6012	         2.07071	          2.0707	     1.06361e-05	
          21.628	         2.07204	         2.07203	     9.39937e-06	
         21.6549	         2.07295	         2.07294	     8.04286e-06	
         21.6818	         2.07338	         2.07337	     6.54437e-06	
         21.7086	         2.07333	         2.07333	     4.75419e-06	
         21.7355	         2.07279	         2.07279	     2.60567e-06	
         21.7624	         2.07177	         2.07177	     2.46871e-07	
         21.7892	         2.07029	         2.07029	     -2.1435e-06	
         21.8161	          2.0684	          2.0684	    -4.40992e-06	
          21.843	         2.06616	         2.06617	    -6.42121e-06	
