       0.0268671	     0.000760858	     0.000760858	    -1.62479e-15	
       0.0537342	      0.00254457	      0.00254457	    -7.67181e-16	
       0.0806013	      0.00505117	      0.00505117	     -4.6586e-15	
        0.107468	      0.00814854	      0.00814854	    -8.44463e-15	
        0.134336	       0.0117838	       0.0117838	    -1.29133e-14	
        0.161203	        0.015954	        0.015954	    -1.43635e-14	
         0.18807	       0.0206884	       0.0206884	    -1.70176e-14	
        0.214937	       0.0260353	       0.0260353	    -2.41335e-14	
        0.241804	       0.0320503	       0.0320503	    -2.83731e-14	
        0.268671	       0.0387883	       0.0387883	    -3.47153e-14	
        0.295538	       0.0462952	       0.0462952	    -3.69774e-14	
        0.322405	       0.0546034	       0.0546034	    -4.26395e-14	
        0.349272	       0.0637286	       0.0637286	    -5.25135e-14	
         0.37614	       0.0736686	       0.0736686	    -6.23668e-14	
        0.403007	       0.0844046	       0.0844046	    -6.36019e-14	
        0.429874	       0.0959037	       0.0959037	    -6.81261e-14	
        0.456741	        0.108123	        0.108123	    -7.23727e-14	
        0.483608	        0.121014	        0.121014	    -7.64805e-14	
        0.510475	        0.134527	        0.134527	    -8.31279e-14	
        0.537342	        0.148619	        0.148619	    -8.34333e-14	
        0.564209	        0.163253	        0.163253	    -8.45712e-14	
        0.591076	        0.178404	        0.178404	    -8.49598e-14	
        0.617944	        0.194059	        0.194059	    -7.77989e-14	
        0.644811	         0.21022	         0.21022	    -7.12208e-14	
        0.671678	        0.226896	        0.226896	    -6.32827e-14	
        0.698545	        0.244108	        0.244108	    -5.17919e-14	
        0.725412	         0.26188	         0.26188	    -3.82472e-14	
        0.752279	        0.280235	        0.280235	    -2.10942e-14	
        0.779146	        0.299195	        0.299195	     1.66533e-16	
        0.806013	        0.318771	        0.318771	     2.44249e-14	
         0.83288	        0.338967	        0.338967	     5.13478e-14	
        0.859748	        0.359771	        0.359771	     7.88813e-14	
        0.886615	        0.381157	        0.381157	     1.09912e-13	
        0.913482	        0.403085	        0.403085	     1.40554e-13	
        0.940349	        0.425497	        0.425497	     1.72751e-13	
        0.967216	        0.448324	        0.448324	     2.04337e-13	
        0.994083	        0.471482	        0.471482	     2.40141e-13	
         1.02095	        0.494878	        0.494878	     2.73004e-13	
         1.04782	        0.518408	        0.518408	     3.03979e-13	
         1.07468	        0.541966	        0.541966	     3.38951e-13	
         1.10155	        0.565441	        0.565441	     3.68261e-13	
         1.12842	         0.58872	         0.58872	     3.97238e-13	
         1.15529	        0.611696	        0.611696	     4.18443e-13	
         1.18215	        0.634264	        0.634264	     4.43423e-13	
         1.20902	        0.656329	        0.656329	     4.61742e-13	
         1.23589	        0.677802	        0.677802	     4.79616e-13	
         1.26275	        0.698608	        0.698608	     4.92828e-13	
         1.28962	        0.718681	        0.718681	     5.02265e-13	
         1.31649	        0.737969	        0.737969	     5.10481e-13	
         1.34336	        0.756435	        0.756435	     5.11369e-13	
         1.37022	        0.774052	        0.774052	     5.12701e-13	
         1.39709	        0.790811	        0.790811	      5.0937e-13	
         1.42396	        0.806712	        0.806712	     5.04596e-13	
         1.45082	         0.82177	         0.82177	     4.95159e-13	
         1.47769	        0.836011	        0.836011	     4.85834e-13	
         1.50456	        0.849471	        0.849471	     4.74731e-13	
         1.53143	        0.862195	        0.862195	     4.60521e-13	
         1.55829	        0.874237	        0.874237	     4.51417e-13	
         1.58516	        0.885654	        0.885654	      4.3554e-13	
         1.61203	        0.896511	        0.896511	     4.22995e-13	
         1.63889	        0.906873	        0.906873	     4.11005e-13	
         1.66576	        0.916808	        0.916808	     3.98459e-13	
         1.69263	        0.926382	        0.926382	      3.8769e-13	
          1.7195	        0.935662	        0.935662	      3.8114e-13	
         1.74636	         0.94471	         0.94471	     3.73035e-13	
         1.77323	        0.953585	        0.953585	     3.63043e-13	
          1.8001	        0.962341	        0.962341	     3.59934e-13	
         1.82696	        0.971026	        0.971026	     3.57381e-13	
         1.85383	        0.979681	        0.979681	     3.52052e-13	
          1.8807	        0.988337	        0.988337	     3.49831e-13	
         1.90756	         0.99702	         0.99702	     3.46945e-13	
         1.93443	         1.00575	         1.00575	     3.42615e-13	
          1.9613	         1.01452	         1.01452	     3.37508e-13	
         1.98817	         1.02334	         1.02334	     3.33067e-13	
         2.01503	          1.0322	          1.0322	     3.27072e-13	
          2.0419	         1.04107	         1.04107	     3.18412e-13	
         2.06877	         1.04992	         1.04992	      3.0953e-13	
         2.09563	         1.05874	         1.05874	     2.97762e-13	
          2.1225	         1.06746	         1.06746	     2.84439e-13	
         2.14937	         1.07607	         1.07607	     2.70228e-13	
         2.17624	         1.08451	         1.08451	     2.56684e-13	
          2.2031	         1.09274	         1.09274	     2.41362e-13	
         2.22997	         1.10073	         1.10073	     2.26708e-13	
         2.25684	         1.10845	         1.10845	     2.12275e-13	
          2.2837	         1.11585	         1.11585	     1.93845e-13	
         2.31057	         1.12292	         1.12292	     1.80078e-13	
         2.33744	         1.12962	         1.12962	     1.63869e-13	
         2.36431	         1.13594	         1.13594	     1.51656e-13	
         2.39117	         1.14187	         1.14187	     1.34559e-13	
         2.41804	         1.14742	         1.14742	     1.17906e-13	
         2.44491	         1.15261	         1.15261	     1.02363e-13	
         2.47177	         1.15745	         1.15745	     8.65974e-14	
         2.49864	         1.16196	         1.16196	     7.03881e-14	
         2.52551	         1.16618	         1.16618	     5.21805e-14	
         2.55238	         1.17014	         1.17014	     3.37508e-14	
         2.57924	         1.17387	         1.17387	     1.42109e-14	
         2.60611	         1.17742	         1.17742	    -3.77476e-15	
         2.63298	          1.1808	          1.1808	    -2.55351e-14	
         2.65984	         1.18404	         1.18404	    -4.95159e-14	
         2.68671	         1.18718	         1.18718	    -7.34968e-14	
         2.71358	         1.19022	         1.19022	    -1.00586e-13	
         2.74045	         1.19318	         1.19318	    -1.29674e-13	
         2.76731	         1.19607	         1.19607	    -1.61648e-13	
         2.79418	          1.1989	          1.1989	    -1.95843e-13	
         2.82105	         1.20167	         1.20167	    -2.33369e-13	
         2.84791	         1.20437	         1.20437	    -2.68008e-13	
         2.87478	         1.20702	         1.20702	    -3.08642e-13	
         2.90165	         1.20961	         1.20961	     -3.5083e-13	
         2.92852	         1.21212	         1.21212	    -3.92353e-13	
         2.95538	         1.21455	         1.21455	    -4.33431e-13	
         2.98225	         1.21691	         1.21691	    -4.76286e-13	
         3.00912	         1.21918	         1.21918	    -5.16032e-13	
         3.03598	         1.22136	         1.22136	       -5.56e-13	
         3.06285	         1.22345	         1.22345	    -5.93747e-13	
         3.08972	         1.22547	         1.22547	    -6.31495e-13	
         3.11658	          1.2274	          1.2274	     -6.6458e-13	
         3.14345	         1.22927	         1.22927	     -6.9722e-13	
         3.17032	         1.23109	         1.23109	    -7.31859e-13	
         3.19719	         1.23288	         1.23288	    -7.63611e-13	
         3.22405	         1.23466	         1.23466	     -7.9603e-13	
         3.25092	         1.23645	         1.23645	     -8.2645e-13	
         3.27779	         1.23829	         1.23829	    -8.62643e-13	
         3.30465	          1.2402	          1.2402	     -8.9706e-13	
         3.33152	          1.2422	          1.2422	    -9.35696e-13	
         3.35839	         1.24434	         1.24434	    -9.74332e-13	
         3.38526	         1.24664	         1.24664	    -1.01519e-12	
         3.41212	         1.24913	         1.24913	     -1.0576e-12	
         3.43899	         1.25183	         1.25183	    -1.10401e-12	
         3.46586	         1.25477	         1.25477	    -1.14597e-12	
         3.49272	         1.25798	         1.25798	    -1.18905e-12	
         3.51959	         1.26148	         1.26148	    -1.22879e-12	
         3.54646	         1.26529	         1.26529	    -1.26321e-12	
         3.57333	         1.26945	         1.26945	    -1.29741e-12	
         3.60019	         1.27397	         1.27397	    -1.32405e-12	
         3.62706	         1.27886	         1.27886	    -1.34226e-12	
         3.65393	         1.28415	         1.28415	    -1.35469e-12	
         3.68079	         1.28984	         1.28984	    -1.35802e-12	
         3.70766	         1.29596	         1.29596	    -1.35447e-12	
         3.73453	         1.30252	         1.30252	    -1.34248e-12	
          3.7614	         1.30953	         1.30953	    -1.32694e-12	
         3.78826	         1.31701	         1.31701	     -1.3034e-12	
         3.81513	         1.32495	         1.32495	    -1.27653e-12	
           3.842	         1.33335	         1.33335	      -1.247e-12	
         3.86886	         1.34219	         1.34219	    -1.21281e-12	
         3.89573	         1.35145	         1.35145	    -1.17595e-12	
          3.9226	         1.36109	         1.36109	    -1.14087e-12	
         3.94947	         1.37107	         1.37107	    -1.09979e-12	
         3.97633	         1.38135	         1.38135	    -1.05849e-12	
          4.0032	         1.39188	         1.39188	    -1.01741e-12	
         4.03007	         1.40262	         1.40262	    -9.70557e-13	
         4.05693	         1.41349	         1.41349	     -9.2637e-13	
          4.0838	         1.42444	         1.42444	    -8.77964e-13	
         4.11067	          1.4354	          1.4354	    -8.28448e-13	
         4.13754	         1.44629	         1.44629	    -7.79377e-13	
          4.1644	         1.45705	         1.45705	    -7.27418e-13	
         4.19127	          1.4676	          1.4676	    -6.76792e-13	
         4.21814	         1.47787	         1.47787	    -6.24834e-13	
           4.245	          1.4878	          1.4878	    -5.70877e-13	
         4.27187	         1.49734	         1.49734	    -5.17808e-13	
         4.29874	         1.50643	         1.50643	    -4.66516e-13	
          4.3256	         1.51504	         1.51504	    -4.17666e-13	
         4.35247	         1.52315	         1.52315	     -3.6815e-13	
         4.37934	         1.53074	         1.53074	    -3.23075e-13	
         4.40621	         1.53784	         1.53784	     -2.7911e-13	
         4.43307	         1.54444	         1.54444	    -2.37366e-13	
         4.45994	         1.55059	         1.55059	    -1.99618e-13	
         4.48681	          1.5563	          1.5563	      -1.672e-13	
         4.51367	         1.56164	         1.56164	    -1.33005e-13	
         4.54054	         1.56665	         1.56665	    -1.03917e-13	
         4.56741	         1.57139	         1.57139	    -7.43849e-14	
         4.59428	         1.57593	         1.57593	    -4.24105e-14	
         4.62114	         1.58033	         1.58033	    -8.88178e-15	
         4.64801	         1.58467	         1.58467	     3.04201e-14	
         4.67488	         1.58899	         1.58899	     7.14984e-14	
         4.70174	         1.59329	         1.59329	     1.18128e-13	
         4.72861	         1.59756	         1.59756	     1.69198e-13	
         4.75548	         1.60175	         1.60175	     2.24487e-13	
         4.78235	         1.60581	         1.60581	     2.80664e-13	
         4.80921	         1.60967	         1.60967	     3.41283e-13	
         4.83608	         1.61327	         1.61327	     4.01235e-13	
         4.86295	         1.61656	         1.61656	     4.60743e-13	
         4.88981	         1.61949	         1.61949	     5.16476e-13	
         4.91668	         1.62205	         1.62205	     5.69766e-13	
         4.94355	         1.62422	         1.62422	     6.20171e-13	
         4.97042	         1.62601	         1.62601	     6.66134e-13	
         4.99728	         1.62747	         1.62747	     7.06324e-13	
         5.02415	         1.62865	         1.62865	     7.41629e-13	
         5.05102	         1.62962	         1.62962	     7.69385e-13	
         5.07788	         1.63048	         1.63048	     7.90257e-13	
         5.10475	         1.63133	         1.63133	      8.0691e-13	
         5.13162	          1.6323	          1.6323	     8.17346e-13	
         5.15849	         1.63348	         1.63348	     8.20455e-13	
         5.18535	         1.63497	         1.63497	     8.19123e-13	
         5.21222	         1.63685	         1.63685	     8.14904e-13	
         5.23909	         1.63919	         1.63919	     8.08686e-13	
         5.26595	         1.64206	         1.64206	     8.02025e-13	
         5.29282	         1.64548	         1.64548	     7.96918e-13	
         5.31969	         1.64951	         1.64951	      7.9603e-13	
         5.34655	         1.65417	         1.65417	     8.00915e-13	
         5.37342	         1.65948	         1.65948	      8.1557e-13	
         5.40029	         1.66544	         1.66544	     8.37108e-13	
         5.42716	           1.672	           1.672	     8.63531e-13	
         5.45402	         1.67906	         1.67906	     8.90843e-13	
         5.48089	         1.68652	         1.68652	     9.13936e-13	
         5.50776	         1.69425	         1.69425	     9.33253e-13	
         5.53462	         1.70214	         1.70214	     9.49463e-13	
         5.56149	         1.71012	         1.71012	     9.62119e-13	
         5.58836	         1.71809	         1.71809	     9.67004e-13	
         5.61523	         1.72599	         1.72599	     9.71001e-13	
         5.64209	         1.73375	         1.73375	      9.6767e-13	
         5.66896	          1.7413	          1.7413	     9.63229e-13	
         5.69583	         1.74858	         1.74858	     9.54348e-13	
         5.72269	         1.75552	         1.75552	     9.42357e-13	
         5.74956	         1.76206	         1.76206	     9.27036e-13	
         5.77643	         1.76815	         1.76815	     9.07274e-13	
          5.8033	         1.77375	         1.77375	     8.87734e-13	
         5.83016	         1.77883	         1.77883	     8.61755e-13	
         5.85703	         1.78338	         1.78338	     8.38218e-13	
          5.8839	         1.78738	         1.78738	     8.12461e-13	
         5.91076	         1.79085	         1.79085	     7.86704e-13	
         5.93763	         1.79382	         1.79382	     7.60281e-13	
          5.9645	         1.79634	         1.79634	     7.36522e-13	
         5.99137	         1.79843	         1.79843	      7.1676e-13	
         6.01823	         1.80018	         1.80018	     6.99441e-13	
          6.0451	         1.80163	         1.80163	     6.87894e-13	
         6.07197	         1.80285	         1.80285	     6.81011e-13	
         6.09883	         1.80391	         1.80391	     6.82565e-13	
          6.1257	         1.80487	         1.80487	      6.8856e-13	
         6.15257	         1.80578	         1.80578	     6.98552e-13	
         6.17944	         1.80668	         1.80668	     7.18314e-13	
          6.2063	         1.80763	         1.80763	     7.41851e-13	
         6.23317	         1.80864	         1.80864	     7.71383e-13	
         6.26004	         1.80972	         1.80972	     8.04468e-13	
          6.2869	         1.81088	         1.81088	     8.39551e-13	
         6.31377	         1.81209	         1.81209	     8.78853e-13	
         6.34064	         1.81335	         1.81335	     9.17044e-13	
         6.36751	         1.81463	         1.81463	     9.54348e-13	
         6.39437	         1.81592	         1.81592	     9.90985e-13	
         6.42124	         1.81722	         1.81722	     1.02163e-12	
         6.44811	         1.81853	         1.81853	     1.04938e-12	
         6.47497	         1.81988	         1.81988	     1.07914e-12	
         6.50184	         1.82127	         1.82127	     1.10378e-12	
         6.52871	         1.82274	         1.82274	      1.1271e-12	
         6.55557	         1.82432	         1.82432	     1.14664e-12	
         6.58244	         1.82601	         1.82601	     1.15974e-12	
         6.60931	         1.82782	         1.82782	     1.16374e-12	
         6.63618	         1.82973	         1.82973	     1.16285e-12	
         6.66304	         1.83171	         1.83171	     1.15175e-12	
         6.68991	         1.83376	         1.83376	     1.13531e-12	
         6.71678	         1.83583	         1.83583	     1.11222e-12	
         6.74364	         1.83792	         1.83792	     1.08158e-12	
         6.77051	         1.84001	         1.84001	     1.04183e-12	
         6.79738	         1.84208	         1.84208	     9.93206e-13	
         6.82425	         1.84413	         1.84413	     9.39027e-13	
         6.85111	         1.84616	         1.84616	      8.7419e-13	
         6.87798	         1.84815	         1.84815	     7.98472e-13	
         6.90485	         1.85009	         1.85009	     7.16316e-13	
         6.93171	         1.85197	         1.85197	     6.27498e-13	
         6.95858	         1.85377	         1.85377	     5.28466e-13	
         6.98545	         1.85548	         1.85548	     4.25882e-13	
         7.01232	         1.85707	         1.85707	     3.17302e-13	
         7.03918	         1.85855	         1.85855	     2.06501e-13	
         7.06605	         1.85993	         1.85993	      9.4369e-14	
         7.09292	          1.8612	          1.8612	    -1.64313e-14	
         7.11978	         1.86237	         1.86237	    -1.29896e-13	
         7.14665	         1.86343	         1.86343	    -2.44915e-13	
         7.17352	         1.86439	         1.86439	      -3.606e-13	
         7.20039	         1.86521	         1.86521	    -4.72511e-13	
         7.22725	         1.86589	         1.86589	    -5.84199e-13	
         7.25412	          1.8664	          1.8664	    -6.90559e-13	
         7.28099	         1.86672	         1.86672	    -7.92033e-13	
         7.30785	         1.86681	         1.86681	    -8.88845e-13	
         7.33472	         1.86666	         1.86666	    -9.72555e-13	
         7.36159	         1.86624	         1.86624	     -1.0496e-12	
         7.38846	         1.86554	         1.86554	    -1.11156e-12	
         7.41532	         1.86458	         1.86458	    -1.16174e-12	
         7.44219	         1.86336	         1.86336	    -1.19948e-12	
         7.46906	         1.86195	         1.86195	     -1.2268e-12	
         7.49592	         1.86038	         1.86038	    -1.24412e-12	
         7.52279	         1.85874	         1.85874	    -1.24745e-12	
         7.54966	         1.85709	         1.85709	    -1.24079e-12	
         7.57653	         1.85549	         1.85549	    -1.22213e-12	
         7.60339	         1.85402	         1.85402	    -1.19305e-12	
         7.63026	         1.85273	         1.85273	    -1.15086e-12	
         7.65713	         1.85166	         1.85166	    -1.09601e-12	
         7.68399	         1.85079	         1.85079	    -1.03584e-12	
         7.71086	         1.85007	         1.85007	     -9.7411e-13	
         7.73773	         1.84943	         1.84943	    -9.15934e-13	
         7.76459	         1.84884	         1.84884	    -8.58424e-13	
         7.79146	         1.84825	         1.84825	    -8.08908e-13	
         7.81833	         1.84764	         1.84764	    -7.60059e-13	
          7.8452	         1.84697	         1.84697	    -7.18314e-13	
         7.87206	         1.84624	         1.84624	    -6.73683e-13	
         7.89893	         1.84544	         1.84544	    -6.29274e-13	
          7.9258	         1.84457	         1.84457	    -5.83311e-13	
         7.95266	         1.84365	         1.84365	    -5.32685e-13	
         7.97953	         1.84271	         1.84271	    -4.81615e-13	
          8.0064	         1.84176	         1.84176	    -4.27214e-13	
         8.03327	         1.84075	         1.84075	    -3.69926e-13	
         8.06013	         1.83966	         1.83966	    -3.05977e-13	
           8.087	         1.83847	         1.83847	    -2.43139e-13	
         8.11387	         1.83722	         1.83722	     -1.8141e-13	
         8.14073	          1.8359	          1.8359	     -1.2168e-13	
          8.1676	         1.83456	         1.83456	    -6.17284e-14	
         8.19447	         1.83325	         1.83325	    -9.76996e-15	
         8.22134	         1.83199	         1.83199	     3.66374e-14	
          8.2482	         1.83086	         1.83086	     8.37108e-14	
         8.27507	         1.82985	         1.82985	     1.31894e-13	
         8.30194	          1.8289	          1.8289	     1.82743e-13	
          8.3288	         1.82797	         1.82797	     2.32481e-13	
         8.35567	           1.827	           1.827	     2.78222e-13	
         8.38254	         1.82597	         1.82597	     3.22409e-13	
         8.40941	         1.82486	         1.82486	     3.62821e-13	
         8.43627	         1.82367	         1.82367	     4.03011e-13	
         8.46314	         1.82241	         1.82241	     4.40981e-13	
         8.49001	         1.82109	         1.82109	     4.76952e-13	
         8.51687	         1.81972	         1.81972	     5.10481e-13	
         8.54374	         1.81831	         1.81831	     5.42899e-13	
         8.57061	         1.81684	         1.81684	     5.75096e-13	
         8.59748	         1.81531	         1.81531	     6.05516e-13	
         8.62434	         1.81369	         1.81369	     6.30607e-13	
         8.65121	         1.81198	         1.81198	     6.51257e-13	
         8.67808	         1.81017	         1.81017	     6.68576e-13	
         8.70494	         1.80826	         1.80826	     6.77458e-13	
         8.73181	         1.80627	         1.80627	     6.79012e-13	
         8.75868	         1.80423	         1.80423	     6.72795e-13	
         8.78555	          1.8022	          1.8022	     6.57918e-13	
         8.81241	         1.80026	         1.80026	     6.34603e-13	
         8.83928	         1.79851	         1.79851	     6.02185e-13	
         8.86615	         1.79708	         1.79708	     5.59108e-13	
         8.89301	         1.79609	         1.79609	     5.08704e-13	
         8.91988	         1.79568	         1.79568	     4.49196e-13	
         8.94675	         1.79597	         1.79597	     3.84581e-13	
         8.97361	         1.79703	         1.79703	     3.12861e-13	
         9.00048	         1.79889	         1.79889	     2.40252e-13	
         9.02735	         1.80155	         1.80155	     1.69642e-13	
         9.05422	         1.80489	         1.80489	     1.05249e-13	
         9.08108	         1.80875	         1.80875	      4.4631e-14	
         9.10795	         1.81297	         1.81297	    -7.54952e-15	
         9.13482	         1.81737	         1.81737	    -5.04041e-14	
         9.16168	         1.82177	         1.82177	    -8.30447e-14	
         9.18855	         1.82603	         1.82603	    -1.10134e-13	
         9.21542	            1.83	            1.83	    -1.21236e-13	
         9.24229	         1.83357	         1.83357	    -1.24789e-13	
         9.26915	         1.83665	         1.83665	    -1.14131e-13	
         9.29602	         1.83919	         1.83919	     -9.4591e-14	
         9.32289	         1.84116	         1.84116	    -6.70575e-14	
         9.34975	         1.84256	         1.84256	    -3.53051e-14	
         9.37662	         1.84345	         1.84345	     1.11022e-15	
         9.40349	         1.84389	         1.84389	     3.73035e-14	
         9.43036	         1.84399	         1.84399	     7.21645e-14	
         9.45722	         1.84385	         1.84385	     1.03917e-13	
         9.48409	          1.8436	          1.8436	     1.34781e-13	
         9.51096	         1.84338	         1.84338	     1.67644e-13	
         9.53782	         1.84329	         1.84329	     1.96954e-13	
         9.56469	         1.84344	         1.84344	     2.30482e-13	
         9.59156	         1.84391	         1.84391	     2.70006e-13	
         9.61843	         1.84477	         1.84477	     3.09086e-13	
         9.64529	         1.84605	         1.84605	      3.5083e-13	
         9.67216	         1.84777	         1.84777	     3.87246e-13	
         9.69903	         1.84988	         1.84988	     4.22329e-13	
         9.72589	         1.85233	         1.85233	     4.59188e-13	
         9.75276	         1.85502	         1.85502	     4.95382e-13	
         9.77963	         1.85784	         1.85784	     5.33573e-13	
          9.8065	         1.86065	         1.86065	     5.67324e-13	
         9.83336	         1.86331	         1.86331	     5.95746e-13	
         9.86023	         1.86569	         1.86569	     6.18172e-13	
          9.8871	         1.86762	         1.86762	     6.23057e-13	
         9.91396	           1.869	           1.869	     6.17284e-13	
         9.94083	          1.8697	          1.8697	     5.93303e-13	
          9.9677	         1.86963	         1.86963	     5.50004e-13	
         9.99457	         1.86871	         1.86871	     4.88942e-13	
         10.0214	          1.8669	          1.8669	      4.1056e-13	
         10.0483	         1.86418	         1.86418	      3.1708e-13	
         10.0752	         1.86058	         1.86058	     2.11164e-13	
          10.102	         1.85613	         1.85613	     9.70335e-14	
         10.1289	         1.85093	         1.85093	    -2.04281e-14	
         10.1558	         1.84509	         1.84509	    -1.44107e-13	
         10.1826	         1.83877	         1.83877	    -2.63789e-13	
         10.2095	         1.83215	         1.83215	    -3.76144e-13	
         10.2364	         1.82545	         1.82545	    -4.80505e-13	
         10.2632	         1.81886	         1.81886	    -5.75984e-13	
         10.2901	          1.8126	          1.8126	    -6.60361e-13	
          10.317	         1.80687	         1.80687	    -7.32081e-13	
         10.3438	         1.80182	         1.80182	    -7.91589e-13	
         10.3707	          1.7976	          1.7976	    -8.35776e-13	
         10.3976	         1.79431	         1.79431	    -8.71081e-13	
         10.4244	         1.79201	         1.79201	    -8.93507e-13	
         10.4513	         1.79074	         1.79074	    -9.00169e-13	
         10.4782	         1.79053	         1.79053	    -8.92397e-13	
          10.505	         1.79133	         1.79133	    -8.68416e-13	
         10.5319	          1.7931	          1.7931	    -8.28893e-13	
         10.5588	         1.79578	         1.79578	    -7.76712e-13	
         10.5856	          1.7993	          1.7993	    -7.14317e-13	
         10.6125	          1.8036	          1.8036	     -6.4948e-13	
         10.6394	         1.80864	         1.80864	    -5.81535e-13	
         10.6662	         1.81437	         1.81437	    -5.17142e-13	
         10.6931	         1.82076	         1.82076	      -4.583e-13	
           10.72	         1.82777	         1.82777	    -4.18998e-13	
         10.7468	         1.83525	         1.83525	     -4.1589e-13	
         10.7737	         1.84303	         1.84303	    -4.32321e-13	
         10.8006	         1.85098	         1.85098	    -4.60743e-13	
         10.8274	         1.85896	         1.85896	    -4.98046e-13	
         10.8543	         1.86687	         1.86687	    -5.38902e-13	
         10.8812	         1.87458	         1.87458	    -5.78648e-13	
          10.908	         1.88202	         1.88202	    -6.11289e-13	
         10.9349	         1.88907	         1.88907	    -6.32827e-13	
         10.9618	         1.89566	         1.89566	    -6.46372e-13	
         10.9886	         1.90173	         1.90173	     -6.4837e-13	
         11.0155	         1.90724	         1.90724	    -6.41043e-13	
         11.0424	         1.91217	         1.91217	    -6.26166e-13	
         11.0692	         1.91652	         1.91652	    -6.04405e-13	
         11.0961	         1.92032	         1.92032	    -5.79092e-13	
          11.123	          1.9236	          1.9236	    -5.56666e-13	
         11.1499	         1.92639	         1.92639	    -5.34239e-13	
         11.1767	         1.92876	         1.92876	    -5.17586e-13	
         11.2036	         1.93073	         1.93073	    -5.01377e-13	
         11.2305	         1.93233	         1.93233	    -4.81393e-13	
         11.2573	          1.9336	          1.9336	    -4.58744e-13	
         11.2842	         1.93455	         1.93455	    -4.30544e-13	
         11.3111	         1.93523	         1.93523	     -3.9857e-13	
         11.3379	         1.93568	         1.93568	    -3.65707e-13	
         11.3648	         1.93594	         1.93594	    -3.37508e-13	
         11.3917	         1.93607	         1.93607	    -3.08864e-13	
         11.4185	         1.93609	         1.93609	    -2.84883e-13	
         11.4454	         1.93603	         1.93603	    -2.62901e-13	
         11.4723	         1.93592	         1.93592	    -2.52909e-13	
         11.4991	         1.93577	         1.93577	    -2.44693e-13	
          11.526	         1.93561	         1.93561	    -2.44693e-13	
         11.5529	         1.93547	         1.93547	    -2.48024e-13	
         11.5797	         1.93537	         1.93537	    -2.56462e-13	
         11.6066	         1.93537	         1.93537	    -2.66898e-13	
         11.6335	          1.9355	          1.9355	    -2.81108e-13	
         11.6603	         1.93584	         1.93584	    -2.94431e-13	
         11.6872	         1.93642	         1.93642	    -3.07754e-13	
         11.7141	         1.93731	         1.93731	    -3.22853e-13	
         11.7409	         1.93852	         1.93852	    -3.33289e-13	
         11.7678	         1.94008	         1.94008	     -3.3884e-13	
         11.7947	         1.94196	         1.94196	    -3.45723e-13	
         11.8215	         1.94414	         1.94414	    -3.47056e-13	
         11.8484	         1.94656	         1.94656	    -3.50386e-13	
         11.8753	         1.94919	         1.94919	    -3.50608e-13	
         11.9021	         1.95196	         1.95196	    -3.53717e-13	
          11.929	         1.95485	         1.95485	    -3.54827e-13	
         11.9559	         1.95781	         1.95781	    -3.59712e-13	
         11.9827	         1.96081	         1.96081	    -3.65263e-13	
         12.0096	         1.96382	         1.96382	    -3.72147e-13	
         12.0365	         1.96679	         1.96679	    -3.83915e-13	
         12.0633	         1.96969	         1.96969	    -3.97238e-13	
         12.0902	         1.97247	         1.97247	    -4.09228e-13	
         12.1171	         1.97507	         1.97507	    -4.24327e-13	
         12.1439	         1.97745	         1.97745	    -4.34097e-13	
         12.1708	         1.97954	         1.97954	     -4.3765e-13	
         12.1977	         1.98128	         1.98128	    -4.28546e-13	
         12.2245	         1.98259	         1.98259	    -4.02789e-13	
         12.2514	         1.98342	         1.98342	    -3.62821e-13	
         12.2783	         1.98369	         1.98369	    -3.02203e-13	
         12.3051	         1.98338	         1.98338	     -2.2693e-13	
          12.332	         1.98246	         1.98246	    -1.34781e-13	
         12.3589	         1.98091	         1.98091	    -2.90878e-14	
         12.3857	         1.97876	         1.97876	      8.4821e-14	
         12.4126	         1.97604	         1.97604	      2.0961e-13	
         12.4395	         1.97279	         1.97279	     3.36398e-13	
         12.4663	         1.96909	         1.96909	     4.62741e-13	
         12.4932	         1.96503	         1.96503	     5.87752e-13	
         12.5201	         1.96071	         1.96071	     7.09877e-13	
         12.5469	         1.95625	         1.95625	     8.26006e-13	
         12.5738	         1.95181	         1.95181	     9.31699e-13	
         12.6007	         1.94752	         1.94752	     1.03029e-12	
         12.6275	         1.94353	         1.94353	      1.1231e-12	
         12.6544	         1.93995	         1.93995	     1.21236e-12	
         12.6813	         1.93689	         1.93689	     1.29541e-12	
         12.7081	         1.93441	         1.93441	     1.36935e-12	
          12.735	         1.93255	         1.93255	     1.43419e-12	
         12.7619	         1.93129	         1.93129	     1.48659e-12	
         12.7887	         1.93062	         1.93062	     1.52056e-12	
         12.8156	         1.93047	         1.93047	     1.54077e-12	
         12.8425	         1.93077	         1.93077	     1.54521e-12	
         12.8693	         1.93144	         1.93144	     1.53499e-12	
         12.8962	         1.93237	         1.93237	     1.50591e-12	
         12.9231	         1.93347	         1.93347	      1.4666e-12	
         12.9499	         1.93468	         1.93468	     1.41709e-12	
         12.9768	         1.93592	         1.93592	      1.3558e-12	
         13.0037	         1.93717	         1.93717	     1.28875e-12	
         13.0305	          1.9384	          1.9384	     1.21347e-12	
         13.0574	         1.93959	         1.93959	     1.13576e-12	
         13.0843	         1.94077	         1.94077	     1.05427e-12	
         13.1111	         1.94196	         1.94196	      9.7411e-13	
          13.138	         1.94319	         1.94319	     8.99947e-13	
         13.1649	         1.94447	         1.94447	     8.26006e-13	
         13.1918	         1.94578	         1.94578	      7.4718e-13	
         13.2186	          1.9471	          1.9471	     6.64357e-13	
         13.2455	          1.9484	          1.9484	      5.7776e-13	
         13.2724	         1.94964	         1.94964	     4.92273e-13	
         13.2992	         1.95081	         1.95081	     4.03011e-13	
         13.3261	         1.95186	         1.95186	      3.1708e-13	
          13.353	         1.95274	         1.95274	     2.41585e-13	
         13.3798	         1.95338	         1.95338	      1.6942e-13	
         13.4067	         1.95372	         1.95372	     1.06137e-13	
         13.4336	         1.95371	         1.95371	     5.77316e-14	
         13.4604	         1.95331	         1.95331	     1.86517e-14	
         13.4873	          1.9525	          1.9525	    -5.77316e-15	
         13.5142	         1.95126	         1.95126	    -6.21725e-15	
          13.541	          1.9496	          1.9496	     1.39888e-14	
         13.5679	         1.94756	         1.94756	     6.21725e-14	
         13.5948	         1.94517	         1.94517	     1.41664e-13	
         13.6216	          1.9425	          1.9425	     2.56684e-13	
         13.6485	         1.93963	         1.93963	     4.08118e-13	
         13.6754	         1.93665	         1.93665	       5.973e-13	
         13.7022	         1.93366	         1.93366	     8.29559e-13	
         13.7291	          1.9308	          1.9308	      1.0989e-12	
          13.756	         1.92819	         1.92819	     1.39977e-12	
         13.7828	         1.92597	         1.92597	     1.72573e-12	
         13.8097	         1.92426	         1.92426	     2.07256e-12	
         13.8366	         1.92318	         1.92318	     2.42761e-12	
         13.8634	         1.92284	         1.92284	     2.77978e-12	
         13.8903	         1.92331	         1.92331	     3.11373e-12	
         13.9172	          1.9246	          1.9246	      3.4055e-12	
          13.944	         1.92667	         1.92667	     3.64819e-12	
         13.9709	         1.92946	         1.92946	     3.83715e-12	
         13.9978	         1.93285	         1.93285	     3.97438e-12	
         14.0246	         1.93675	         1.93675	     4.06741e-12	
         14.0515	         1.94102	         1.94102	     4.12115e-12	
         14.0784	         1.94551	         1.94551	     4.12115e-12	
         14.1052	         1.95002	         1.95002	     4.06741e-12	
         14.1321	         1.95439	         1.95439	     3.96594e-12	
          14.159	         1.95844	         1.95844	     3.81828e-12	
         14.1858	         1.96204	         1.96204	     3.62865e-12	
         14.2127	         1.96508	         1.96508	     3.39817e-12	
         14.2396	         1.96747	         1.96747	     3.13771e-12	
         14.2664	         1.96917	         1.96917	     2.84706e-12	
         14.2933	         1.97016	         1.97016	     2.53686e-12	
         14.3202	         1.97046	         1.97046	     2.21023e-12	
          14.347	         1.97013	         1.97013	     1.87539e-12	
         14.3739	         1.96926	         1.96926	     1.54232e-12	
         14.4008	         1.96796	         1.96796	     1.21325e-12	
         14.4276	          1.9664	          1.9664	     8.97504e-13	
         14.4545	         1.96475	         1.96475	     6.01963e-13	
         14.4814	         1.96321	         1.96321	     3.39728e-13	
         14.5082	         1.96194	         1.96194	     9.85878e-14	
         14.5351	         1.96107	         1.96107	     -1.1724e-13	
          14.562	         1.96075	         1.96075	    -3.13971e-13	
         14.5888	         1.96112	         1.96112	    -4.91829e-13	
         14.6157	         1.96225	         1.96225	    -6.27054e-13	
         14.6426	         1.96411	         1.96411	     -7.2875e-13	
         14.6694	         1.96664	         1.96664	    -7.99805e-13	
         14.6963	         1.96975	         1.96975	    -8.39995e-13	
         14.7232	         1.97335	         1.97335	    -8.46656e-13	
           14.75	         1.97734	         1.97734	    -8.22009e-13	
         14.7769	         1.98158	         1.98158	    -7.72271e-13	
         14.8038	         1.98594	         1.98594	    -6.93223e-13	
         14.8306	          1.9903	          1.9903	    -5.90861e-13	
         14.8575	         1.99453	         1.99453	    -4.72733e-13	
         14.8844	         1.99853	         1.99853	    -3.40838e-13	
         14.9112	         2.00222	         2.00222	    -1.95399e-13	
         14.9381	         2.00555	         2.00555	    -4.30767e-14	
          14.965	          2.0085	          2.0085	     1.13243e-13	
         14.9918	         2.01105	         2.01105	     2.68674e-13	
         15.0187	         2.01318	         2.01318	      4.2677e-13	
         15.0456	         2.01491	         2.01491	     5.79092e-13	
         15.0724	         2.01623	         2.01623	     7.33635e-13	
         15.0993	         2.01714	         2.01714	     8.84626e-13	
         15.1262	         2.01764	         2.01764	     1.03828e-12	
         15.1531	         2.01772	         2.01772	      1.1906e-12	
         15.1799	         2.01739	         2.01739	     1.33804e-12	
         15.2068	         2.01666	         2.01666	     1.48459e-12	
         15.2337	         2.01553	         2.01553	     1.61737e-12	
         15.2605	         2.01403	         2.01403	     1.73772e-12	
         15.2874	         2.01215	         2.01215	     1.84031e-12	
         15.3143	         2.00991	         2.00991	      1.9158e-12	
         15.3411	         2.00736	         2.00736	     1.97486e-12	
          15.368	         2.00454	         2.00454	     2.00684e-12	
         15.3949	         2.00154	         2.00154	     2.02238e-12	
         15.4217	         1.99842	         1.99842	     2.01816e-12	
         15.4486	          1.9953	          1.9953	     1.99818e-12	
         15.4755	         1.99228	         1.99228	     1.96887e-12	
         15.5023	         1.98947	         1.98947	     1.93134e-12	
         15.5292	         1.98697	         1.98697	     1.88405e-12	
         15.5561	         1.98488	         1.98488	     1.82965e-12	
         15.5829	         1.98327	         1.98327	     1.77058e-12	
         15.6098	         1.98221	         1.98221	     1.71196e-12	
         15.6367	         1.98176	         1.98176	     1.64735e-12	
         15.6635	         1.98195	         1.98195	     1.58873e-12	
         15.6904	         1.98273	         1.98273	      1.5461e-12	
         15.7173	         1.98404	         1.98404	       1.525e-12	
         15.7441	         1.98579	         1.98579	     1.52012e-12	
          15.771	         1.98787	         1.98787	     1.52856e-12	
         15.7979	          1.9902	          1.9902	     1.55698e-12	
         15.8247	         1.99267	         1.99267	     1.59583e-12	
         15.8516	         1.99519	         1.99519	     1.64779e-12	
         15.8785	         1.99771	         1.99771	     1.71085e-12	
         15.9053	         2.00015	         2.00015	      1.7768e-12	
         15.9322	         2.00249	         2.00249	     1.84475e-12	
         15.9591	         2.00469	         2.00469	     1.90914e-12	
         15.9859	         2.00673	         2.00673	     1.97131e-12	
         16.0128	         2.00857	         2.00857	      2.0246e-12	
         16.0397	         2.01022	         2.01022	     2.07168e-12	
         16.0665	         2.01164	         2.01164	     2.11164e-12	
         16.0934	         2.01283	         2.01283	     2.14762e-12	
         16.1203	         2.01377	         2.01377	     2.17737e-12	
         16.1471	         2.01444	         2.01444	     2.20401e-12	
          16.174	         2.01484	         2.01484	     2.23155e-12	
         16.2009	         2.01496	         2.01496	     2.25375e-12	
         16.2277	         2.01478	         2.01478	     2.27995e-12	
         16.2546	          2.0143	          2.0143	     2.31681e-12	
         16.2815	          2.0135	          2.0135	     2.36211e-12	
         16.3083	         2.01237	         2.01237	     2.42917e-12	
         16.3352	         2.01092	         2.01092	     2.51532e-12	
         16.3621	         2.00914	         2.00914	     2.62546e-12	
         16.3889	         2.00706	         2.00706	     2.75202e-12	
         16.4158	         2.00469	         2.00469	     2.89013e-12	
         16.4427	         2.00207	         2.00207	     3.03402e-12	
         16.4695	         1.99925	         1.99925	     3.18012e-12	
         16.4964	         1.99627	         1.99627	     3.31157e-12	
         16.5233	         1.99318	         1.99318	     3.43325e-12	
         16.5501	         1.99001	         1.99001	     3.52673e-12	
          16.577	         1.98679	         1.98679	     3.59868e-12	
         16.6039	         1.98354	         1.98354	     3.63221e-12	
         16.6307	         1.98027	         1.98027	     3.62865e-12	
         16.6576	         1.97697	         1.97697	     3.58669e-12	
         16.6845	         1.97365	         1.97365	     3.50919e-12	
         16.7113	         1.97029	         1.97029	     3.39595e-12	
         16.7382	         1.96691	         1.96691	     3.25562e-12	
         16.7651	          1.9635	          1.9635	     3.09797e-12	
         16.7919	         1.96005	         1.96005	     2.92388e-12	
         16.8188	          1.9566	          1.9566	     2.74403e-12	
         16.8457	         1.95316	         1.95316	     2.56217e-12	
         16.8725	         1.94978	         1.94978	     2.37987e-12	
         16.8994	         1.94653	         1.94653	     2.20468e-12	
         16.9263	         1.94349	         1.94349	      2.0397e-12	
         16.9531	         1.94075	         1.94075	     1.88627e-12	
           16.98	         1.93844	         1.93844	     1.74261e-12	
         17.0069	         1.93669	         1.93669	     1.60472e-12	
         17.0337	         1.93559	         1.93559	     1.51057e-12	
         17.0606	         1.93521	         1.93521	     1.46239e-12	
         17.0875	         1.93557	         1.93557	     1.44884e-12	
         17.1143	         1.93666	         1.93666	     1.46927e-12	
         17.1412	         1.93843	         1.93843	     1.52189e-12	
         17.1681	          1.9408	          1.9408	     1.60028e-12	
          17.195	         1.94368	         1.94368	     1.70708e-12	
         17.2218	         1.94696	         1.94696	     1.83364e-12	
         17.2487	         1.95052	         1.95052	     1.98264e-12	
         17.2756	         1.95425	         1.95425	     2.14184e-12	
         17.3024	         1.95804	         1.95804	     2.30815e-12	
         17.3293	          1.9618	          1.9618	     2.48224e-12	
         17.3562	         1.96545	         1.96545	     2.64189e-12	
          17.383	         1.96894	         1.96894	     2.78133e-12	
         17.4099	         1.97219	         1.97219	     2.89546e-12	
         17.4368	         1.97519	         1.97519	     2.97629e-12	
         17.4636	          1.9779	          1.9779	     3.02403e-12	
         17.4905	         1.98036	         1.98036	     3.03157e-12	
         17.5174	         1.98256	         1.98256	     3.00227e-12	
         17.5442	         1.98457	         1.98457	     2.92699e-12	
         17.5711	         1.98641	         1.98641	     2.81397e-12	
          17.598	         1.98814	         1.98814	     2.66276e-12	
         17.6248	          1.9898	          1.9898	     2.47757e-12	
         17.6517	         1.99143	         1.99143	     2.26064e-12	
         17.6786	         1.99308	         1.99308	     2.01772e-12	
         17.7054	         1.99478	         1.99478	     1.76414e-12	
         17.7323	         1.99655	         1.99655	     1.49503e-12	
         17.7592	         1.99842	         1.99842	     1.22524e-12	
          17.786	          2.0004	          2.0004	     9.60565e-13	
         17.8129	          2.0025	          2.0025	     7.05214e-13	
         17.8398	          2.0047	          2.0047	      4.7562e-13	
         17.8666	         2.00697	         2.00697	     2.81997e-13	
         17.8935	         2.00926	         2.00926	     1.34559e-13	
         17.9204	         2.01152	         2.01152	     4.66294e-14	
         17.9472	         2.01371	         2.01371	     1.95399e-14	
         17.9741	         2.01578	         2.01578	     5.90639e-14	
          18.001	         2.01771	         2.01771	     1.56319e-13	
         18.0278	          2.0195	          2.0195	     3.11751e-13	
         18.0547	         2.02112	         2.02112	      5.1692e-13	
         18.0816	         2.02258	         2.02258	     7.61169e-13	
         18.1084	         2.02386	         2.02386	     1.03961e-12	
         18.1353	         2.02496	         2.02496	     1.33937e-12	
         18.1622	         2.02588	         2.02588	     1.65068e-12	
          18.189	         2.02663	         2.02663	     1.96643e-12	
         18.2159	          2.0272	          2.0272	     2.27462e-12	
         18.2428	         2.02761	         2.02761	     2.57305e-12	
         18.2696	         2.02788	         2.02788	     2.84706e-12	
         18.2965	           2.028	           2.028	     3.09219e-12	
         18.3234	         2.02801	         2.02801	     3.30314e-12	
         18.3502	         2.02792	         2.02792	     3.47411e-12	
         18.3771	         2.02775	         2.02775	     3.60068e-12	
          18.404	         2.02751	         2.02751	      3.6775e-12	
         18.4308	         2.02723	         2.02723	     3.71392e-12	
         18.4577	         2.02692	         2.02692	     3.70148e-12	
         18.4846	         2.02659	         2.02659	     3.64908e-12	
         18.5114	         2.02624	         2.02624	     3.56515e-12	
         18.5383	         2.02588	         2.02588	     3.45679e-12	
         18.5652	         2.02548	         2.02548	     3.32845e-12	
          18.592	         2.02506	         2.02506	     3.19744e-12	
         18.6189	         2.02459	         2.02459	     3.06821e-12	
         18.6458	         2.02408	         2.02408	     2.94742e-12	
         18.6726	         2.02351	         2.02351	     2.84883e-12	
         18.6995	          2.0229	          2.0229	     2.77156e-12	
         18.7264	         2.02225	         2.02225	     2.72404e-12	
         18.7532	         2.02158	         2.02158	     2.70228e-12	
         18.7801	         2.02091	         2.02091	     2.71516e-12	
          18.807	         2.02027	         2.02027	     2.75291e-12	
         18.8338	         2.01966	         2.01966	     2.81863e-12	
         18.8607	         2.01909	         2.01909	     2.90878e-12	
         18.8876	         2.01858	         2.01858	     3.01981e-12	
         18.9144	         2.01813	         2.01813	     3.14637e-12	
         18.9413	         2.01778	         2.01778	      3.2836e-12	
         18.9682	         2.01758	         2.01758	     3.42659e-12	
          18.995	         2.01757	         2.01757	     3.56914e-12	
         19.0219	         2.01781	         2.01781	      3.7006e-12	
         19.0488	         2.01832	         2.01832	     3.81073e-12	
         19.0756	         2.01914	         2.01914	     3.89377e-12	
         19.1025	         2.02029	         2.02029	      3.9333e-12	
         19.1294	         2.02176	         2.02176	     3.92752e-12	
         19.1562	         2.02353	         2.02353	     3.87423e-12	
         19.1831	         2.02559	         2.02559	     3.77076e-12	
           19.21	          2.0279	          2.0279	       3.614e-12	
         19.2369	         2.03042	         2.03042	     3.41593e-12	
         19.2637	         2.03303	         2.03303	     3.16325e-12	
         19.2906	         2.03556	         2.03556	      2.8626e-12	
         19.3175	         2.03789	         2.03789	     2.51976e-12	
         19.3443	         2.03988	         2.03988	     2.14273e-12	
         19.3712	         2.04142	         2.04142	     1.74261e-12	
         19.3981	         2.04244	         2.04244	     1.33138e-12	
         19.4249	         2.04286	         2.04286	     9.16156e-13	
         19.4518	         2.04266	         2.04266	     5.10703e-13	
         19.4787	         2.04183	         2.04183	      1.2168e-13	
         19.5055	          2.0404	          2.0404	    -2.38476e-13	
         19.5324	         2.03846	         2.03846	    -5.62217e-13	
         19.5593	         2.03609	         2.03609	    -8.44658e-13	
         19.5861	         2.03343	         2.03343	    -1.08047e-12	
          19.613	         2.03063	         2.03063	     -1.2621e-12	
         19.6399	         2.02784	         2.02784	    -1.39089e-12	
         19.6667	         2.02525	         2.02525	    -1.46505e-12	
         19.6936	         2.02299	         2.02299	    -1.48503e-12	
         19.7205	         2.02122	         2.02122	     -1.4575e-12	
         19.7473	         2.02005	         2.02005	    -1.38956e-12	
         19.7742	         2.01954	         2.01954	    -1.28697e-12	
         19.8011	          2.0197	          2.0197	    -1.16041e-12	
         19.8279	         2.02055	         2.02055	    -1.01119e-12	
         19.8548	         2.02204	         2.02204	    -8.52651e-13	
         19.8817	         2.02413	         2.02413	    -6.85674e-13	
         19.9085	         2.02674	         2.02674	    -5.20917e-13	
         19.9354	         2.02979	         2.02979	    -3.57492e-13	
         19.9623	         2.03319	         2.03319	    -2.02061e-13	
         19.9891	         2.03682	         2.03682	    -5.50671e-14	
          20.016	         2.04057	         2.04057	     8.52651e-14	
         20.0429	         2.04434	         2.04434	     2.18936e-13	
         20.0697	         2.04802	         2.04802	     3.49498e-13	
         20.0966	         2.05153	         2.05153	     4.72955e-13	
         20.1235	          2.0548	          2.0548	     6.02629e-13	
         20.1503	         2.05779	         2.05779	      7.4607e-13	
         20.1772	         2.06048	         2.06048	     8.98837e-13	
         20.2041	         2.06287	         2.06287	     1.03562e-12	
         20.2309	         2.06489	         2.06489	     1.16707e-12	
         20.2578	         2.06653	         2.06653	      1.2963e-12	
         20.2847	         2.06779	         2.06779	     1.41442e-12	
         20.3115	         2.06866	         2.06866	     1.51923e-12	
         20.3384	         2.06916	         2.06916	     1.61737e-12	
         20.3653	         2.06929	         2.06929	     1.69287e-12	
         20.3921	         2.06907	         2.06907	     1.74616e-12	
          20.419	         2.06853	         2.06853	      1.7808e-12	
         20.4459	          2.0677	          2.0677	     1.79634e-12	
         20.4727	          2.0666	          2.0666	     1.79501e-12	
         20.4996	         2.06528	         2.06528	     1.77192e-12	
         20.5265	         2.06377	         2.06377	     1.74083e-12	
         20.5533	         2.06212	         2.06212	     1.70086e-12	
         20.5802	         2.06035	         2.06035	     1.65423e-12	
         20.6071	         2.05851	         2.05851	     1.60716e-12	
         20.6339	         2.05664	         2.05664	     1.55964e-12	
         20.6608	         2.05475	         2.05475	     1.51301e-12	
         20.6877	         2.05287	         2.05287	     1.46994e-12	
         20.7145	         2.05103	         2.05103	     1.43041e-12	
         20.7414	         2.04924	         2.04924	     1.39222e-12	
         20.7683	         2.04752	         2.04752	     1.34515e-12	
         20.7951	         2.04588	         2.04588	     1.29852e-12	
          20.822	         2.04436	         2.04436	     1.24212e-12	
         20.8489	         2.04296	         2.04296	     1.17417e-12	
         20.8757	         2.04172	         2.04172	     1.09734e-12	
         20.9026	         2.04065	         2.04065	     1.00631e-12	
         20.9295	         2.03975	         2.03975	     8.99281e-13	
         20.9563	         2.03904	         2.03904	     7.78488e-13	
         20.9832	         2.03852	         2.03852	     6.40821e-13	
         21.0101	          2.0382	          2.0382	     4.93827e-13	
         21.0369	         2.03808	         2.03808	     3.38396e-13	
         21.0638	         2.03817	         2.03817	     1.73639e-13	
         21.0907	         2.03846	         2.03846	     3.55271e-15	
         21.1175	         2.03896	         2.03896	    -1.70974e-13	
         21.1444	         2.03964	         2.03964	    -3.53051e-13	
         21.1713	         2.04052	         2.04052	    -5.35572e-13	
         21.1982	         2.04157	         2.04157	    -7.19425e-13	
          21.225	         2.04278	         2.04278	    -8.97504e-13	
         21.2519	         2.04414	         2.04414	    -1.06226e-12	
         21.2788	         2.04563	         2.04563	    -1.21769e-12	
         21.3056	         2.04727	         2.04727	    -1.35003e-12	
         21.3325	         2.04903	         2.04903	    -1.46105e-12	
         21.3594	         2.05094	         2.05094	    -1.54765e-12	
         21.3862	         2.05299	         2.05299	    -1.61604e-12	
         21.4131	         2.05518	         2.05518	    -1.66533e-12	
           21.44	          2.0575	          2.0575	     -1.7053e-12	
         21.4668	          2.0599	          2.0599	    -1.74882e-12	
         21.4937	         2.06233	         2.06233	    -1.80345e-12	
         21.5206	         2.06472	         2.06472	    -1.88072e-12	
         21.5474	         2.06697	         2.06697	    -1.98508e-12	
         21.5743	         2.06899	         2.06899	    -2.12053e-12	
         21.6012	         2.07071	         2.07071	     -2.2875e-12	
          21.628	         2.07204	         2.07204	     -2.4758e-12	
         21.6549	         2.07295	         2.07295	    -2.69074e-12	
         21.6818	         2.07338	         2.07338	    -2.92655e-12	
         21.7086	         2.07333	         2.07333	    -3.18856e-12	
         21.7355	         2.07279	         2.07279	    -3.48388e-12	
         21.7624	         2.07177	         2.07177	     -3.8054e-12	
         21.7892	         2.07029	         2.07029	    -4.13269e-12	
         21.8161	          2.0684	          2.0684	    -4.45821e-12	
          21.843	         2.06616	         2.06616	    -4.76685e-12	
