       0.0486896	      0.00181135	      0.00181135	    -1.78874e-14	
       0.0973793	      0.00640596	      0.00640596	    -2.21013e-13	
        0.146069	       0.0134806	       0.0134806	    -7.67254e-13	
        0.194759	       0.0231423	       0.0231423	    -1.79214e-12	
        0.243448	       0.0357878	       0.0357878	    -3.43004e-12	
        0.292138	       0.0520523	       0.0520523	    -5.78612e-12	
        0.340827	       0.0727171	       0.0727171	    -8.92876e-12	
        0.389517	       0.0985613	       0.0985613	    -1.28739e-11	
        0.438207	        0.130179	        0.130179	    -1.76007e-11	
        0.486896	        0.167813	        0.167813	    -2.30599e-11	
        0.535586	        0.211248	        0.211248	    -2.92019e-11	
        0.584276	        0.259796	        0.259796	    -3.59503e-11	
        0.632965	        0.312344	        0.312344	    -4.32186e-11	
        0.681655	        0.367469	        0.367469	    -5.08761e-11	
        0.730344	        0.423572	        0.423572	    -5.87445e-11	
        0.779034	         0.47902	         0.47902	    -6.66063e-11	
        0.827724	        0.532276	        0.532276	    -7.42253e-11	
        0.876413	        0.582003	        0.582003	    -8.13342e-11	
        0.925103	        0.627146	        0.627146	    -8.76916e-11	
        0.973793	        0.666977	        0.666977	    -9.31173e-11	
         1.02248	        0.701122	        0.701122	    -9.75328e-11	
         1.07117	        0.729562	        0.729562	    -1.01028e-10	
         1.11986	        0.752617	        0.752617	    -1.03864e-10	
         1.16855	        0.770914	        0.770914	    -1.06487e-10	
         1.21724	        0.785333	        0.785333	    -1.09503e-10	
         1.26593	         0.79694	         0.79694	      -1.136e-10	
         1.31462	        0.806901	        0.806901	    -1.19424e-10	
         1.36331	        0.816379	        0.816379	    -1.27464e-10	
           1.412	        0.826428	        0.826428	     -1.3794e-10	
         1.46069	        0.837895	        0.837895	    -1.50712e-10	
         1.50938	         0.85134	         0.85134	    -1.65294e-10	
         1.55807	        0.867004	        0.867004	    -1.80924e-10	
         1.60676	        0.884814	        0.884814	    -1.96669e-10	
         1.65545	         0.90443	         0.90443	    -2.11553e-10	
         1.70414	        0.925326	        0.925326	    -2.24693e-10	
         1.75283	        0.946872	        0.946872	    -2.35337e-10	
         1.80152	         0.96842	         0.96842	    -2.42951e-10	
         1.85021	        0.989365	        0.989365	    -2.47228e-10	
          1.8989	          1.0092	          1.0092	    -2.48098e-10	
         1.94759	         1.02753	         1.02753	     -2.4575e-10	
         1.99627	          1.0441	          1.0441	     -2.4061e-10	
         2.04496	         1.05876	         1.05876	     -2.3333e-10	
         2.09365	         1.07149	         1.07149	    -2.24772e-10	
         2.14234	         1.08236	         1.08236	    -2.15999e-10	
         2.19103	         1.09153	         1.09153	    -2.08218e-10	
         2.23972	         1.09924	         1.09924	    -2.02687e-10	
         2.28841	         1.10579	         1.10579	    -2.00639e-10	
          2.3371	         1.11157	         1.11157	      -2.032e-10	
         2.38579	           1.117	           1.117	    -2.11317e-10	
         2.43448	         1.12255	         1.12255	    -2.25609e-10	
         2.48317	          1.1287	          1.1287	     -2.4626e-10	
         2.53186	         1.13588	         1.13588	    -2.72913e-10	
         2.58055	         1.14443	         1.14443	    -3.04693e-10	
         2.62924	         1.15462	         1.15462	    -3.40205e-10	
         2.67793	         1.16657	         1.16657	    -3.77661e-10	
         2.72662	         1.18025	         1.18025	    -4.14978e-10	
         2.77531	         1.19549	         1.19549	    -4.49953e-10	
           2.824	         1.21197	         1.21197	    -4.80434e-10	
         2.87269	         1.22922	         1.22922	    -5.04531e-10	
         2.92138	         1.24671	         1.24671	    -5.20837e-10	
         2.97007	          1.2638	          1.2638	    -5.28593e-10	
         3.01876	         1.27987	         1.27987	    -5.27795e-10	
         3.06745	         1.29433	         1.29433	    -5.19139e-10	
         3.11614	          1.3067	          1.3067	    -5.03933e-10	
         3.16483	         1.31659	         1.31659	    -4.83927e-10	
         3.21352	         1.32384	         1.32384	    -4.61133e-10	
         3.26221	         1.32843	         1.32843	    -4.37683e-10	
         3.31089	          1.3306	          1.3306	    -4.15643e-10	
         3.35958	         1.33079	         1.33079	    -3.96861e-10	
         3.40827	         1.32961	         1.32961	     -3.8283e-10	
         3.45696	         1.32781	         1.32781	     -3.7454e-10	
         3.50565	         1.32622	         1.32622	    -3.72402e-10	
         3.55434	         1.32566	         1.32566	    -3.76319e-10	
         3.60303	          1.3269	          1.3269	    -3.85829e-10	
         3.65172	         1.33057	         1.33057	    -4.00276e-10	
         3.70041	         1.33713	         1.33713	    -4.18865e-10	
          3.7491	         1.34683	         1.34683	    -4.40644e-10	
         3.79779	         1.35967	         1.35967	    -4.64455e-10	
         3.84648	         1.37544	         1.37544	    -4.88991e-10	
         3.89517	         1.39368	         1.39368	    -5.12991e-10	
         3.94386	         1.41374	         1.41374	    -5.35511e-10	
         3.99255	         1.43486	         1.43486	    -5.56059e-10	
         4.04124	         1.45624	         1.45624	     -5.7453e-10	
         4.08993	         1.47714	         1.47714	    -5.91007e-10	
         4.13862	         1.49692	         1.49692	     -6.0563e-10	
         4.18731	         1.51512	         1.51512	    -6.18503e-10	
           4.236	         1.53147	         1.53147	    -6.29663e-10	
         4.28469	          1.5459	          1.5459	    -6.39061e-10	
         4.33338	          1.5585	          1.5585	    -6.46545e-10	
         4.38207	         1.56955	         1.56955	    -6.51849e-10	
         4.43076	          1.5794	          1.5794	    -6.54557e-10	
         4.47945	         1.58848	         1.58848	    -6.54077e-10	
         4.52814	         1.59724	         1.59724	     -6.4962e-10	
         4.57683	         1.60609	         1.60609	    -6.40328e-10	
         4.62552	         1.61543	         1.61543	    -6.25512e-10	
          4.6742	         1.62558	         1.62558	    -6.04976e-10	
         4.72289	         1.63682	         1.63682	    -5.79202e-10	
         4.77158	         1.64933	         1.64933	    -5.49361e-10	
         4.82027	         1.66319	         1.66319	    -5.17212e-10	
         4.86896	         1.67838	         1.67838	    -4.84982e-10	
         4.91765	         1.69475	         1.69475	    -4.55149e-10	
         4.96634	         1.71209	         1.71209	     -4.2996e-10	
         5.01503	         1.73011	         1.73011	    -4.10837e-10	
         5.06372	         1.74847	         1.74847	    -3.97998e-10	
         5.11241	         1.76687	         1.76687	    -3.90579e-10	
          5.1611	         1.78504	         1.78504	     -3.8725e-10	
         5.20979	         1.80282	         1.80282	    -3.86941e-10	
         5.25848	         1.82015	         1.82015	    -3.89352e-10	
         5.30717	         1.83708	         1.83708	     -3.9505e-10	
         5.35586	          1.8537	          1.8537	    -4.05285e-10	
         5.40455	         1.87013	         1.87013	    -4.21556e-10	
         5.45324	         1.88643	         1.88643	    -4.45127e-10	
         5.50193	         1.90258	         1.90258	    -4.76449e-10	
         5.55062	         1.91845	         1.91845	    -5.14738e-10	
         5.59931	         1.93386	         1.93386	    -5.57898e-10	
           5.648	         1.94851	         1.94851	    -6.02931e-10	
         5.69669	          1.9621	          1.9621	    -6.46559e-10	
         5.74538	         1.97432	         1.97432	    -6.85785e-10	
         5.79407	          1.9849	          1.9849	    -7.18158e-10	
         5.84276	         1.99363	         1.99363	    -7.41806e-10	
         5.89145	         2.00038	         2.00038	    -7.55319e-10	
         5.94014	         2.00511	         2.00511	    -7.57712e-10	
         5.98882	          2.0079	          2.0079	    -7.48464e-10	
         6.03751	         2.00895	         2.00895	    -7.27813e-10	
          6.0862	         2.00854	         2.00854	    -6.97044e-10	
         6.13489	         2.00705	         2.00705	    -6.58725e-10	
         6.18358	         2.00489	         2.00489	    -6.16576e-10	
         6.23227	         2.00248	         2.00248	    -5.75069e-10	
         6.28096	         2.00017	         2.00017	    -5.38769e-10	
         6.32965	         1.99825	         1.99825	    -5.11593e-10	
         6.37834	         1.99692	         1.99692	    -4.96207e-10	
         6.42703	         1.99629	         1.99629	    -4.93725e-10	
         6.47572	         1.99643	         1.99643	    -5.03724e-10	
         6.52441	         1.99733	         1.99733	    -5.24541e-10	
          6.5731	         1.99902	         1.99902	    -5.53674e-10	
         6.62179	         2.00154	         2.00154	      -5.883e-10	
         6.67048	         2.00493	         2.00493	    -6.25713e-10	
         6.71917	         2.00928	         2.00928	    -6.63622e-10	
         6.76786	         2.01463	         2.01463	    -7.00158e-10	
         6.81655	         2.02096	         2.02096	     -7.3369e-10	
         6.86524	         2.02813	         2.02813	    -7.62462e-10	
         6.91393	         2.03588	         2.03588	    -7.84328e-10	
         6.96262	         2.04386	         2.04386	    -7.96745e-10	
         7.01131	         2.05164	         2.05164	    -7.97181e-10	
            7.06	         2.05881	         2.05881	    -7.83798e-10	
         7.10869	         2.06497	         2.06497	    -7.56154e-10	
         7.15738	         2.06983	         2.06983	    -7.15612e-10	
         7.20607	         2.07319	         2.07319	    -6.65296e-10	
         7.25476	         2.07503	         2.07503	    -6.09633e-10	
         7.30344	         2.07546	         2.07546	    -5.53639e-10	
         7.35213	         2.07472	         2.07472	    -5.02141e-10	
         7.40082	         2.07314	         2.07314	     -4.5911e-10	
         7.44951	         2.07106	         2.07106	    -4.27219e-10	
          7.4982	         2.06879	         2.06879	    -4.07585e-10	
         7.54689	         2.06656	         2.06656	    -3.99599e-10	
         7.59558	          2.0645	          2.0645	     -4.0085e-10	
         7.64427	          2.0627	          2.0627	    -4.07402e-10	
         7.69296	         2.06126	         2.06126	    -4.14556e-10	
         7.74165	         2.06034	         2.06034	    -4.17959e-10	
         7.79034	         2.06023	         2.06023	    -4.14673e-10	
         7.83903	         2.06126	         2.06126	    -4.03963e-10	
         7.88772	         2.06375	         2.06375	    -3.87332e-10	
         7.93641	         2.06796	         2.06796	    -3.67703e-10	
          7.9851	         2.07395	         2.07395	    -3.48055e-10	
         8.03379	         2.08161	         2.08161	     -3.3006e-10	
         8.08248	         2.09062	         2.09062	    -3.13298e-10	
         8.13117	         2.10047	         2.10047	    -2.95547e-10	
         8.17986	         2.11061	         2.11061	    -2.73984e-10	
         8.22855	         2.12051	         2.12051	    -2.46667e-10	
         8.27724	         2.12975	         2.12975	    -2.13609e-10	
         8.32593	          2.1381	          2.1381	     -1.7699e-10	
         8.37462	          2.1455	          2.1455	    -1.40578e-10	
         8.42331	         2.15206	         2.15206	    -1.08679e-10	
           8.472	         2.15797	         2.15797	    -8.50569e-11	
         8.52069	          2.1634	          2.1634	    -7.20926e-11	
         8.56938	         2.16844	         2.16844	    -7.04339e-11	
         8.61806	         2.17302	         2.17302	    -7.90066e-11	
         8.66675	         2.17695	         2.17695	    -9.53881e-11	
         8.71544	         2.17993	         2.17993	    -1.16363e-10	
         8.76413	          2.1817	          2.1817	    -1.38504e-10	
         8.81282	         2.18208	         2.18208	    -1.58627e-10	
         8.86151	         2.18107	         2.18107	     -1.7409e-10	
          8.9102	         2.17882	         2.17882	    -1.83009e-10	
         8.95889	         2.17565	         2.17565	    -1.84366e-10	
         9.00758	         2.17197	         2.17197	    -1.78083e-10	
         9.05627	         2.16824	         2.16824	    -1.64999e-10	
         9.10496	         2.16489	         2.16489	    -1.46796e-10	
         9.15365	         2.16228	         2.16228	    -1.25854e-10	
         9.20234	         2.16061	         2.16061	    -1.04779e-10	
         9.25103	         2.15994	         2.15994	    -8.56621e-11	
         9.29972	         2.16018	         2.16018	    -6.93645e-11	
         9.34841	         2.16118	         2.16118	    -5.54849e-11	
          9.3971	         2.16274	         2.16274	    -4.30065e-11	
         9.44579	         2.16469	         2.16469	    -3.11924e-11	
         9.49448	         2.16696	         2.16696	    -2.03064e-11	
         9.54317	         2.16954	         2.16954	    -1.17719e-11	
         9.59186	         2.17251	         2.17251	    -7.83951e-12	
         9.64055	         2.17601	         2.17601	    -1.09242e-11	
         9.68924	         2.18017	         2.18017	    -2.28275e-11	
         9.73793	         2.18508	         2.18508	    -4.41522e-11	
         9.78662	         2.19073	         2.19073	    -7.39506e-11	
         9.83531	         2.19695	         2.19695	    -1.09595e-10	
           9.884	         2.20347	         2.20347	      -1.469e-10	
         9.93268	         2.20991	         2.20991	    -1.80625e-10	
         9.98137	         2.21578	         2.21578	    -2.05305e-10	
         10.0301	          2.2206	          2.2206	    -2.16294e-10	
         10.0788	         2.22391	         2.22391	    -2.10618e-10	
         10.1274	         2.22538	         2.22538	    -1.87442e-10	
         10.1761	         2.22485	         2.22485	    -1.48082e-10	
         10.2248	         2.22237	         2.22237	    -9.57456e-11	
         10.2735	          2.2182	          2.2182	    -3.50564e-11	
         10.3222	         2.21278	         2.21278	     2.85967e-11	
         10.3709	         2.20664	         2.20664	     8.98943e-11	
         10.4196	         2.20039	         2.20039	     1.44542e-10	
         10.4683	         2.19463	         2.19463	     1.89993e-10	
          10.517	         2.18987	         2.18987	     2.25754e-10	
         10.5657	         2.18656	         2.18656	      2.5301e-10	
         10.6143	         2.18505	         2.18505	     2.73815e-10	
          10.663	         2.18557	         2.18557	     2.90259e-10	
         10.7117	         2.18822	         2.18822	     3.03899e-10	
         10.7604	         2.19296	         2.19296	     3.15789e-10	
         10.8091	         2.19961	         2.19961	     3.26787e-10	
         10.8578	         2.20792	         2.20792	     3.37616e-10	
         10.9065	         2.21752	         2.21752	     3.48583e-10	
         10.9552	         2.22793	         2.22793	     3.59154e-10	
         11.0039	         2.23855	         2.23855	     3.67909e-10	
         11.0525	          2.2487	          2.2487	     3.72838e-10	
         11.1012	         2.25769	         2.25769	     3.71775e-10	
         11.1499	         2.26496	         2.26496	     3.62683e-10	
         11.1986	         2.27014	         2.27014	     3.43926e-10	
         11.2473	         2.27307	         2.27307	     3.14613e-10	
          11.296	         2.27382	         2.27382	     2.74975e-10	
         11.3447	         2.27267	         2.27267	     2.26654e-10	
         11.3934	         2.27002	         2.27002	     1.72717e-10	
         11.4421	          2.2663	          2.2663	     1.17233e-10	
         11.4908	         2.26194	         2.26194	     6.46905e-11	
         11.5394	         2.25731	         2.25731	     1.92979e-11	
         11.5881	         2.25265	         2.25265	    -1.56803e-11	
         11.6368	         2.24813	         2.24813	    -3.86002e-11	
         11.6855	         2.24381	         2.24381	    -4.98965e-11	
         11.7342	         2.23972	         2.23972	    -5.21516e-11	
         11.7829	         2.23583	         2.23583	    -4.95946e-11	
         11.8316	          2.2321	          2.2321	    -4.72635e-11	
         11.8803	         2.22849	         2.22849	    -5.00142e-11	
          11.929	         2.22498	         2.22498	    -6.16587e-11	
         11.9776	         2.22155	         2.22155	    -8.42504e-11	
         12.0263	         2.21824	         2.21824	    -1.17501e-10	
          12.075	         2.21514	         2.21514	    -1.58391e-10	
         12.1237	         2.21236	         2.21236	    -2.01267e-10	
         12.1724	         2.21002	         2.21002	    -2.38603e-10	
         12.2211	         2.20827	         2.20827	    -2.62412e-10	
         12.2698	         2.20723	         2.20723	    -2.65841e-10	
         12.3185	         2.20699	         2.20699	    -2.44341e-10	
         12.3672	         2.20759	         2.20759	    -1.96326e-10	
         12.4159	           2.209	           2.209	    -1.23545e-10	
         12.4645	         2.21112	         2.21112	    -3.12887e-11	
         12.5132	         2.21384	         2.21384	     7.18963e-11	
         12.5619	         2.21707	         2.21707	     1.75264e-10	
         12.6106	         2.22077	         2.22077	     2.67461e-10	
         12.6593	         2.22495	         2.22495	     3.38325e-10	
          12.708	         2.22965	         2.22965	     3.80561e-10	
         12.7567	         2.23486	         2.23486	     3.91027e-10	
         12.8054	         2.24051	         2.24051	     3.71221e-10	
         12.8541	         2.24645	         2.24645	     3.26725e-10	
         12.9028	         2.25245	         2.25245	      2.6554e-10	
         12.9514	         2.25827	         2.25827	     1.95756e-10	
         13.0001	         2.26364	         2.26364	     1.23369e-10	
         13.0488	         2.26833	         2.26833	     5.11391e-11	
         13.0975	         2.27212	         2.27212	    -2.11768e-11	
         13.1462	         2.27486	         2.27486	    -9.55365e-11	
         13.1949	         2.27647	         2.27647	    -1.73928e-10	
         13.2436	         2.27698	         2.27698	    -2.57003e-10	
         13.2923	         2.27648	         2.27648	    -3.43213e-10	
          13.341	         2.27515	         2.27515	    -4.28743e-10	
         13.3896	          2.2732	          2.2732	    -5.08266e-10	
         13.4383	         2.27087	         2.27087	    -5.76327e-10	
          13.487	         2.26843	         2.26843	    -6.28879e-10	
         13.5357	         2.26613	         2.26613	    -6.64284e-10	
         13.5844	         2.26423	         2.26423	    -6.83273e-10	
         13.6331	           2.263	           2.263	    -6.88104e-10	
         13.6818	         2.26271	         2.26271	    -6.81537e-10	
         13.7305	         2.26359	         2.26359	     -6.6621e-10	
         13.7792	         2.26578	         2.26578	    -6.44485e-10	
         13.8279	         2.26929	         2.26929	     -6.1837e-10	
         13.8765	         2.27394	         2.27394	    -5.89223e-10	
         13.9252	         2.27942	         2.27942	    -5.57342e-10	
         13.9739	         2.28525	         2.28525	    -5.21888e-10	
         14.0226	         2.29095	         2.29095	    -4.81488e-10	
         14.0713	         2.29603	         2.29603	    -4.35326e-10	
           14.12	         2.30009	         2.30009	    -3.84318e-10	
         14.1687	         2.30286	         2.30286	    -3.31702e-10	
         14.2174	         2.30425	         2.30425	    -2.82796e-10	
         14.2661	         2.30433	         2.30433	    -2.44077e-10	
         14.3148	         2.30327	         2.30327	    -2.21945e-10	
         14.3634	         2.30139	         2.30139	    -2.21556e-10	
         14.4121	         2.29901	         2.29901	    -2.45754e-10	
         14.4608	         2.29646	         2.29646	    -2.94072e-10	
         14.5095	         2.29401	         2.29401	      -3.621e-10	
         14.5582	         2.29183	         2.29183	    -4.41837e-10	
         14.6069	         2.29003	         2.29003	    -5.23512e-10	
         14.6556	         2.28861	         2.28861	    -5.98169e-10	
         14.7043	         2.28753	         2.28753	    -6.59663e-10	
          14.753	         2.28677	         2.28677	    -7.05251e-10	
         14.8016	         2.28633	         2.28633	    -7.35047e-10	
         14.8503	         2.28627	         2.28627	    -7.51047e-10	
          14.899	         2.28666	         2.28666	    -7.55946e-10	
         14.9477	         2.28754	         2.28754	    -7.52274e-10	
         14.9964	         2.28887	         2.28887	     -7.4227e-10	
         15.0451	         2.29055	         2.29055	    -7.28555e-10	
         15.0938	         2.29242	         2.29242	    -7.14697e-10	
         15.1425	         2.29426	         2.29426	    -7.04764e-10	
         15.1912	         2.29586	         2.29586	    -7.01947e-10	
         15.2399	         2.29701	         2.29701	    -7.07082e-10	
         15.2885	         2.29749	         2.29749	    -7.18011e-10	
         15.3372	         2.29717	         2.29717	    -7.30024e-10	
         15.3859	           2.296	           2.296	    -7.37205e-10	
         15.4346	         2.29406	         2.29406	    -7.33978e-10	
         15.4833	         2.29153	         2.29153	    -7.16419e-10	
          15.532	         2.28872	         2.28872	    -6.82872e-10	
         15.5807	         2.28599	         2.28599	    -6.33937e-10	
         15.6294	         2.28371	         2.28371	    -5.72044e-10	
         15.6781	         2.28218	         2.28218	    -5.01057e-10	
         15.7268	         2.28165	         2.28165	    -4.26152e-10	
         15.7754	         2.28225	         2.28225	    -3.53598e-10	
         15.8241	         2.28401	         2.28401	    -2.89878e-10	
         15.8728	         2.28681	         2.28681	     -2.4031e-10	
         15.9215	          2.2904	          2.2904	    -2.07717e-10	
         15.9702	         2.29439	         2.29439	    -1.91873e-10	
         16.0189	         2.29836	         2.29836	    -1.89714e-10	
         16.0676	          2.3019	          2.3019	    -1.96172e-10	
         16.1163	         2.30469	         2.30469	    -2.05293e-10	
          16.165	          2.3066	          2.3066	    -2.11363e-10	
         16.2136	         2.30765	         2.30765	    -2.09851e-10	
         16.2623	         2.30802	         2.30802	    -1.97977e-10	
          16.311	         2.30794	         2.30794	    -1.74841e-10	
         16.3597	         2.30769	         2.30769	    -1.41119e-10	
         16.4084	         2.30744	         2.30744	     -9.8531e-11	
         16.4571	         2.30734	         2.30734	    -4.95559e-11	
         16.5058	         2.30738	         2.30738	     2.72316e-12	
         16.5545	         2.30753	         2.30753	     5.50471e-11	
         16.6032	         2.30768	         2.30768	     1.04799e-10	
         16.6519	         2.30774	         2.30774	      1.5089e-10	
         16.7005	         2.30765	         2.30765	      1.9399e-10	
         16.7492	          2.3074	          2.3074	     2.35822e-10	
         16.7979	         2.30703	         2.30703	     2.77984e-10	
         16.8466	          2.3066	          2.3066	     3.20946e-10	
         16.8953	         2.30617	         2.30617	     3.63773e-10	
          16.944	         2.30578	         2.30578	      4.0443e-10	
         16.9927	         2.30544	         2.30544	      4.4027e-10	
         17.0414	         2.30507	         2.30507	     4.68392e-10	
         17.0901	         2.30456	         2.30456	     4.85855e-10	
         17.1388	         2.30376	         2.30376	     4.89941e-10	
         17.1874	         2.30254	         2.30254	     4.78573e-10	
         17.2361	         2.30078	         2.30078	      4.5104e-10	
         17.2848	          2.2984	          2.2984	     4.08749e-10	
         17.3335	         2.29543	         2.29543	      3.5579e-10	
         17.3822	         2.29196	         2.29196	     2.98885e-10	
         17.4309	         2.28819	         2.28819	     2.46417e-10	
         17.4796	         2.28443	         2.28443	     2.06679e-10	
         17.5283	         2.28102	         2.28102	     1.85605e-10	
          17.577	         2.27833	         2.27833	     1.84908e-10	
         17.6256	         2.27668	         2.27668	     2.01313e-10	
         17.6743	         2.27631	         2.27631	     2.27464e-10	
          17.723	         2.27733	         2.27733	     2.54214e-10	
         17.7717	         2.27975	         2.27975	     2.73392e-10	
         17.8204	         2.28343	         2.28343	     2.79998e-10	
         17.8691	         2.28815	         2.28815	      2.7304e-10	
         17.9178	         2.29362	         2.29362	      2.5484e-10	
         17.9665	         2.29954	         2.29954	     2.29346e-10	
         18.0152	         2.30561	         2.30561	      2.0035e-10	
         18.0639	         2.31155	         2.31155	     1.70223e-10	
         18.1125	         2.31712	         2.31712	     1.39485e-10	
         18.1612	         2.32208	         2.32208	      1.0711e-10	
         18.2099	          2.3262	          2.3262	     7.14251e-11	
         18.2586	         2.32927	         2.32927	     3.12315e-11	
         18.3073	         2.33106	         2.33106	    -1.33218e-11	
          18.356	         2.33142	         2.33142	    -6.06919e-11	
         18.4047	         2.33022	         2.33022	    -1.08733e-10	
         18.4534	         2.32748	         2.32748	    -1.55948e-10	
         18.5021	          2.3233	          2.3233	    -2.02546e-10	
         18.5507	         2.31798	         2.31798	    -2.50583e-10	
         18.5994	          2.3119	          2.3119	    -3.02614e-10	
         18.6481	         2.30554	         2.30554	     -3.5907e-10	
         18.6968	         2.29935	         2.29935	    -4.15571e-10	
         18.7455	         2.29368	         2.29368	    -4.62503e-10	
         18.7942	         2.28868	         2.28868	    -4.87737e-10	
         18.8429	         2.28435	         2.28435	    -4.80923e-10	
         18.8916	         2.28057	         2.28057	    -4.36787e-10	
         18.9403	         2.27716	         2.27716	    -3.56392e-10	
          18.989	         2.27399	         2.27399	    -2.46684e-10	
         19.0376	         2.27102	         2.27102	    -1.18746e-10	
         19.0863	         2.26833	         2.26833	     1.49534e-11	
          19.135	          2.2661	          2.2661	     1.43602e-10	
         19.1837	         2.26452	         2.26452	     2.60332e-10	
         19.2324	         2.26376	         2.26376	     3.62957e-10	
         19.2811	         2.26392	         2.26392	     4.53361e-10	
         19.3298	         2.26496	         2.26496	     5.36168e-10	
         19.3785	         2.26671	         2.26671	     6.17176e-10	
         19.4272	         2.26892	         2.26892	     7.01593e-10	
         19.4759	         2.27128	         2.27128	     7.92191e-10	
         19.5245	         2.27347	         2.27347	     8.88041e-10	
         19.5732	         2.27523	         2.27523	      9.8435e-10	
         19.6219	         2.27634	         2.27634	      1.0733e-09	
         19.6706	         2.27669	         2.27669	     1.14549e-09	
         19.7193	         2.27623	         2.27623	     1.19156e-09	
          19.768	         2.27507	         2.27507	     1.20383e-09	
         19.8167	         2.27337	         2.27337	     1.17781e-09	
         19.8654	         2.27134	         2.27134	     1.11332e-09	
         19.9141	         2.26918	         2.26918	     1.01488e-09	
         19.9627	         2.26705	         2.26705	     8.91085e-10	
         20.0114	         2.26505	         2.26505	     7.53101e-10	
         20.0601	         2.26321	         2.26321	      6.1279e-10	
         20.1088	         2.26155	         2.26155	     4.80838e-10	
         20.1575	         2.26008	         2.26008	     3.65534e-10	
         20.2062	          2.2588	          2.2588	     2.72378e-10	
         20.2549	         2.25769	         2.25769	     2.04456e-10	
         20.3036	         2.25676	         2.25676	     1.63184e-10	
         20.3523	           2.256	           2.256	     1.49059e-10	
          20.401	         2.25537	         2.25537	     1.62113e-10	
         20.4496	          2.2548	          2.2548	     2.01869e-10	
         20.4983	         2.25423	         2.25423	     2.66753e-10	
          20.547	         2.25359	         2.25359	      3.5321e-10	
         20.5957	          2.2529	          2.2529	     4.54881e-10	
         20.6444	         2.25223	         2.25223	     5.62266e-10	
         20.6931	         2.25172	         2.25172	     6.63178e-10	
         20.7418	         2.25152	         2.25152	      7.4416e-10	
         20.7905	         2.25177	         2.25177	     7.92776e-10	
         20.8392	         2.25253	         2.25253	     8.00196e-10	
         20.8879	         2.25377	         2.25377	     7.63241e-10	
         20.9365	         2.25539	         2.25539	      6.8519e-10	
         20.9852	         2.25727	         2.25727	     5.75148e-10	
         21.0339	         2.25929	         2.25929	     4.46171e-10	
         21.0826	         2.26136	         2.26136	     3.12619e-10	
         21.1313	         2.26345	         2.26345	     1.87354e-10	
           21.18	         2.26555	         2.26555	     7.94582e-11	
         21.2287	         2.26765	         2.26765	    -6.89271e-12	
         21.2774	         2.26973	         2.26973	    -7.22382e-11	
         21.3261	         2.27172	         2.27172	    -1.20443e-10	
         21.3747	         2.27351	         2.27351	     -1.5648e-10	
         21.4234	         2.27493	         2.27493	    -1.84034e-10	
         21.4721	         2.27584	         2.27584	    -2.03882e-10	
         21.5208	         2.27611	         2.27611	    -2.13984e-10	
         21.5695	         2.27567	         2.27567	    -2.11074e-10	
         21.6182	          2.2746	          2.2746	     -1.9246e-10	
         21.6669	         2.27307	         2.27307	    -1.57068e-10	
         21.7156	         2.27135	         2.27135	    -1.05346e-10	
         21.7643	         2.26971	         2.26971	    -3.85665e-11	
          21.813	         2.26841	         2.26841	     4.16942e-11	
         21.8616	         2.26764	         2.26764	     1.33084e-10	
         21.9103	          2.2675	          2.2675	      2.3108e-10	
          21.959	         2.26799	         2.26799	     3.27649e-10	
         22.0077	         2.26905	         2.26905	     4.11195e-10	
         22.0564	         2.27055	         2.27055	     4.68737e-10	
         22.1051	         2.27235	         2.27235	     4.89798e-10	
         22.1538	         2.27427	         2.27427	     4.70274e-10	
         22.2025	          2.2761	          2.2761	     4.14223e-10	
         22.2512	         2.27762	         2.27762	     3.32696e-10	
         22.2999	         2.27862	         2.27862	     2.40519e-10	
         22.3485	         2.27893	         2.27893	     1.52377e-10	
         22.3972	         2.27842	         2.27842	     7.93747e-11	
         22.4459	         2.27705	         2.27705	     2.67324e-11	
         22.4946	         2.27487	         2.27487	    -6.92957e-12	
         22.5433	         2.27199	         2.27199	    -2.85043e-11	
          22.592	         2.26863	         2.26863	     -4.7784e-11	
         22.6407	         2.26504	         2.26504	    -7.40035e-11	
         22.6894	          2.2615	          2.2615	    -1.12768e-10	
         22.7381	         2.25828	         2.25828	    -1.64257e-10	
         22.7867	         2.25562	         2.25562	    -2.23111e-10	
         22.8354	         2.25366	         2.25366	    -2.79523e-10	
         22.8841	         2.25246	         2.25246	    -3.21192e-10	
         22.9328	         2.25197	         2.25197	    -3.35889e-10	
         22.9815	           2.252	           2.252	    -3.14536e-10	
         23.0302	         2.25227	         2.25227	    -2.54226e-10	
         23.0789	         2.25249	         2.25249	    -1.59778e-10	
         23.1276	         2.25237	         2.25237	    -4.29252e-11	
         23.1763	         2.25173	         2.25173	     8.01696e-11	
          23.225	         2.25044	         2.25044	     1.91802e-10	
         23.2736	         2.24851	         2.24851	     2.75038e-10	
         23.3223	         2.24607	         2.24607	     3.15389e-10	
          23.371	         2.24336	         2.24336	     3.02064e-10	
         23.4197	         2.24072	         2.24072	     2.29098e-10	
         23.4684	         2.23861	         2.23861	       9.641e-11	
         23.5171	          2.2375	          2.2375	    -8.94889e-11	
         23.5658	          2.2379	          2.2379	    -3.15473e-10	
         23.6145	         2.24019	         2.24019	    -5.62787e-10	
         23.6632	         2.24462	         2.24462	     -8.0924e-10	
         23.7119	          2.2512	          2.2512	    -1.03293e-09	
         23.7605	         2.25965	         2.25965	    -1.21716e-09	
         23.8092	         2.26942	         2.26942	    -1.35432e-09	
         23.8579	         2.27977	         2.27977	    -1.44629e-09	
         23.9066	         2.28995	         2.28995	    -1.50178e-09	
         23.9553	         2.29927	         2.29927	     -1.5325e-09	
          24.004	         2.30718	         2.30718	    -1.54967e-09	
         24.0527	         2.31327	         2.31327	    -1.56136e-09	
         24.1014	         2.31727	         2.31727	     -1.5711e-09	
         24.1501	         2.31906	         2.31906	     -1.5781e-09	
         24.1987	         2.31862	         2.31862	    -1.57853e-09	
         24.2474	         2.31608	         2.31608	    -1.56765e-09	
         24.2961	         2.31166	         2.31166	    -1.54185e-09	
         24.3448	          2.3057	          2.3057	    -1.49997e-09	
         24.3935	         2.29864	         2.29864	    -1.44365e-09	
         24.4422	         2.29096	         2.29096	    -1.37653e-09	
         24.4909	         2.28316	         2.28316	    -1.30275e-09	
         24.5396	         2.27566	         2.27566	    -1.22571e-09	
         24.5883	         2.26883	         2.26883	    -1.14763e-09	
          24.637	         2.26291	         2.26291	    -1.06962e-09	
         24.6856	         2.25803	         2.25803	    -9.91828e-10	
         24.7343	         2.25425	         2.25425	    -9.13075e-10	
          24.783	         2.25157	         2.25157	    -8.30676e-10	
         24.8317	         2.24998	         2.24998	    -7.41383e-10	
         24.8804	         2.24947	         2.24947	    -6.43196e-10	
         24.9291	          2.2501	          2.2501	    -5.36858e-10	
         24.9778	         2.25199	         2.25199	    -4.26027e-10	
         25.0265	         2.25525	         2.25525	    -3.16429e-10	
         25.0752	         2.25995	         2.25995	    -2.14842e-10	
         25.1239	         2.26599	         2.26599	    -1.28304e-10	
         25.1725	         2.27307	         2.27307	     -6.3328e-11	
         25.2212	         2.28072	         2.28072	    -2.47438e-11	
         25.2699	         2.28834	         2.28834	    -1.44529e-11	
         25.3186	         2.29532	         2.29532	    -3.07376e-11	
         25.3673	         2.30114	         2.30114	    -6.84697e-11	
          25.416	         2.30544	         2.30544	    -1.20157e-10	
         25.4647	         2.30808	         2.30808	    -1.77486e-10	
         25.5134	         2.30908	         2.30908	    -2.32793e-10	
         25.5621	         2.30867	         2.30867	    -2.80075e-10	
         25.6107	         2.30711	         2.30711	    -3.15414e-10	
         25.6594	         2.30471	         2.30471	    -3.37125e-10	
         25.7081	         2.30173	         2.30173	    -3.45891e-10	
         25.7568	         2.29835	         2.29835	    -3.44738e-10	
         25.8055	         2.29469	         2.29469	    -3.38242e-10	
         25.8542	         2.29079	         2.29079	    -3.30807e-10	
         25.9029	         2.28668	         2.28668	    -3.24792e-10	
         25.9516	         2.28241	         2.28241	    -3.19514e-10	
         26.0003	         2.27808	         2.27808	    -3.11615e-10	
          26.049	         2.27389	         2.27389	    -2.96302e-10	
         26.0976	         2.27011	         2.27011	    -2.68633e-10	
         26.1463	         2.26711	         2.26711	     -2.2448e-10	
          26.195	         2.26525	         2.26525	    -1.61354e-10	
         26.2437	          2.2648	          2.2648	    -7.94484e-11	
         26.2924	         2.26585	         2.26585	     1.73634e-11	
         26.3411	         2.26827	         2.26827	     1.21556e-10	
         26.3898	         2.27169	         2.27169	     2.23443e-10	
         26.4385	         2.27565	         2.27565	     3.13404e-10	
         26.4872	         2.27965	         2.27965	     3.83602e-10	
         26.5358	          2.2833	          2.2833	     4.28391e-10	
         26.5845	          2.2863	          2.2863	     4.43606e-10	
         26.6332	         2.28851	         2.28851	     4.25713e-10	
         26.6819	         2.28991	         2.28991	      3.7174e-10	
         26.7306	         2.29056	         2.29056	     2.80225e-10	
         26.7793	         2.29063	         2.29063	     1.52582e-10	
          26.828	         2.29031	         2.29031	    -5.99831e-12	
         26.8767	         2.28982	         2.28982	    -1.86574e-10	
         26.9254	         2.28939	         2.28939	     -3.7731e-10	
         26.9741	         2.28925	         2.28925	    -5.64921e-10	
         27.0227	         2.28957	         2.28957	    -7.36328e-10	
         27.0714	         2.29046	         2.29046	    -8.80358e-10	
         27.1201	         2.29194	         2.29194	    -9.89563e-10	
         27.1688	         2.29396	         2.29396	    -1.06202e-09	
         27.2175	         2.29642	         2.29642	    -1.10247e-09	
         27.2662	         2.29912	         2.29912	    -1.12186e-09	
         27.3149	         2.30188	         2.30188	    -1.13491e-09	
         27.3636	          2.3045	          2.3045	    -1.15634e-09	
         27.4123	         2.30681	         2.30681	    -1.19679e-09	
          27.461	         2.30872	         2.30872	    -1.25988e-09	
         27.5096	         2.31016	         2.31016	    -1.34145e-09	
         27.5583	         2.31112	         2.31112	    -1.43088e-09	
          27.607	         2.31163	         2.31163	    -1.51402e-09	
         27.6557	         2.31171	         2.31171	    -1.57652e-09	
         27.7044	         2.31139	         2.31139	    -1.60664e-09	
         27.7531	         2.31074	         2.31074	    -1.59708e-09	
         27.8018	         2.30985	         2.30985	    -1.54597e-09	
         27.8505	         2.30883	         2.30883	    -1.45671e-09	
         27.8992	         2.30781	         2.30781	    -1.33697e-09	
         27.9478	         2.30687	         2.30687	     -1.1968e-09	
         27.9965	         2.30608	         2.30608	    -1.04663e-09	
         28.0452	         2.30547	         2.30547	    -8.96002e-10	
         28.0939	         2.30502	         2.30502	    -7.53345e-10	
         28.1426	         2.30474	         2.30474	    -6.26188e-10	
         28.1913	         2.30469	         2.30469	    -5.21048e-10	
           28.24	         2.30496	         2.30496	    -4.42702e-10	
         28.2887	         2.30566	         2.30566	    -3.93475e-10	
         28.3374	          2.3069	          2.3069	    -3.72901e-10	
         28.3861	         2.30875	         2.30875	    -3.77749e-10	
         28.4347	         2.31116	         2.31116	    -4.01897e-10	
         28.4834	         2.31395	         2.31395	    -4.36111e-10	
         28.5321	         2.31684	         2.31684	    -4.68639e-10	
         28.5808	         2.31949	         2.31949	    -4.87431e-10	
         28.6295	         2.32154	         2.32154	    -4.83674e-10	
         28.6782	         2.32267	         2.32267	    -4.54965e-10	
         28.7269	         2.32266	         2.32266	    -4.06548e-10	
         28.7756	         2.32142	         2.32142	    -3.50057e-10	
         28.8243	         2.31903	         2.31903	     -3.0062e-10	
          28.873	         2.31568	         2.31568	    -2.73312e-10	
         28.9216	          2.3117	          2.3117	     -2.7982e-10	
         28.9703	         2.30741	         2.30741	    -3.25977e-10	
          29.019	         2.30315	         2.30315	    -4.10646e-10	
         29.0677	         2.29914	         2.29914	    -5.26366e-10	
         29.1164	         2.29551	         2.29551	     -6.6141e-10	
         29.1651	         2.29231	         2.29231	    -8.02181e-10	
         29.2138	         2.28952	         2.28952	    -9.35144e-10	
         29.2625	         2.28713	         2.28713	    -1.04837e-09	
         29.3112	         2.28511	         2.28511	    -1.13304e-09	
         29.3598	         2.28346	         2.28346	    -1.18483e-09	
         29.4085	         2.28218	         2.28218	     -1.2045e-09	
         29.4572	         2.28128	         2.28128	    -1.19735e-09	
         29.5059	          2.2807	          2.2807	    -1.17218e-09	
         29.5546	         2.28035	         2.28035	    -1.13999e-09	
         29.6033	         2.28013	         2.28013	    -1.11254e-09	
          29.652	          2.2799	          2.2799	     -1.1002e-09	
         29.7007	         2.27959	         2.27959	    -1.10948e-09	
         29.7494	         2.27921	         2.27921	     -1.1414e-09	
         29.7981	         2.27884	         2.27884	    -1.19173e-09	
         29.8467	         2.27865	         2.27865	    -1.25302e-09	
         29.8954	         2.27887	         2.27887	    -1.31738e-09	
         29.9441	         2.27975	         2.27975	    -1.37864e-09	
         29.9928	         2.28147	         2.28147	    -1.43313e-09	
         30.0415	         2.28412	         2.28412	    -1.47884e-09	
         30.0902	         2.28761	         2.28761	    -1.51361e-09	
         30.1389	         2.29173	         2.29173	    -1.53395e-09	
         30.1876	         2.29612	         2.29612	    -1.53521e-09	
         30.2363	         2.30042	         2.30042	    -1.51325e-09	
          30.285	         2.30427	         2.30427	    -1.46615e-09	
         30.3336	         2.30744	         2.30744	    -1.39486e-09	
         30.3823	         2.30984	         2.30984	    -1.30233e-09	
          30.431	         2.31154	         2.31154	    -1.19201e-09	
         30.4797	          2.3127	          2.3127	    -1.06649e-09	
         30.5284	         2.31359	         2.31359	    -9.27327e-10	
         30.5771	         2.31445	         2.31445	    -7.76056e-10	
         30.6258	         2.31544	         2.31544	    -6.15816e-10	
         30.6745	          2.3166	          2.3166	    -4.52234e-10	
         30.7232	         2.31785	         2.31785	     -2.9282e-10	
         30.7718	         2.31902	         2.31902	     -1.4521e-10	
         30.8205	         2.31982	         2.31982	     -1.5639e-11	
         30.8692	         2.31994	         2.31994	     9.16085e-11	
         30.9179	         2.31907	         2.31907	     1.73824e-10	
         30.9666	         2.31697	         2.31697	     2.29278e-10	
         31.0153	         2.31347	         2.31347	     2.56885e-10	
          31.064	         2.30859	         2.30859	     2.55908e-10	
         31.1127	         2.30255	         2.30255	     2.25261e-10	
         31.1614	         2.29573	         2.29573	     1.62392e-10	
         31.2101	         2.28868	         2.28868	     6.26126e-11	
         31.2587	         2.28199	         2.28199	    -7.99512e-11	
         31.3074	         2.27622	         2.27622	    -2.69482e-10	
         31.3561	         2.27183	         2.27183	    -5.04871e-10	
         31.4048	         2.26908	         2.26908	    -7.77432e-10	
         31.4535	         2.26803	         2.26803	     -1.0711e-09	
         31.5022	         2.26861	         2.26861	    -1.36495e-09	
         31.5509	         2.27062	         2.27062	    -1.63728e-09	
         31.5996	         2.27382	         2.27382	    -1.86985e-09	
         31.6483	         2.27798	         2.27798	    -2.05143e-09	
          31.697	         2.28287	         2.28287	    -2.17961e-09	
         31.7456	         2.28832	         2.28832	    -2.26041e-09	
         31.7943	         2.29415	         2.29415	    -2.30532e-09	
          31.843	         2.30022	         2.30022	    -2.32675e-09	
         31.8917	         2.30633	         2.30633	    -2.33357e-09	
         31.9404	         2.31224	         2.31224	    -2.32839e-09	
         31.9891	         2.31767	         2.31767	    -2.30776e-09	
         32.0378	         2.32226	         2.32226	    -2.26523e-09	
         32.0865	         2.32569	         2.32569	     -2.1957e-09	
         32.1352	         2.32768	         2.32768	    -2.09904e-09	
         32.1838	         2.32805	         2.32805	     -1.9814e-09	
         32.2325	         2.32679	         2.32679	    -1.85412e-09	
         32.2812	         2.32407	         2.32407	    -1.73092e-09	
         32.3299	         2.32019	         2.32019	    -1.62417e-09	
         32.3786	         2.31557	         2.31557	    -1.54158e-09	
         32.4273	         2.31069	         2.31069	    -1.48454e-09	
          32.476	         2.30601	         2.30601	     -1.4487e-09	
         32.5247	         2.30198	         2.30198	    -1.42567e-09	
         32.5734	         2.29894	         2.29894	    -1.40487e-09	
         32.6221	         2.29716	         2.29716	    -1.37503e-09	
         32.6707	         2.29677	         2.29677	    -1.32597e-09	
         32.7194	         2.29776	         2.29776	    -1.25069e-09	
         32.7681	         2.30002	         2.30002	    -1.14764e-09	
         32.8168	         2.30332	         2.30332	    -1.02259e-09	
         32.8655	         2.30737	         2.30737	    -8.88775e-10	
         32.9142	         2.31184	         2.31184	    -7.63851e-10	
         32.9629	         2.31632	         2.31632	    -6.64096e-10	
         33.0116	         2.32041	         2.32041	    -5.99573e-10	
         33.0603	         2.32374	         2.32374	     -5.7293e-10	
         33.1089	         2.32603	         2.32603	     -5.8136e-10	
         33.1576	          2.3271	          2.3271	     -6.1933e-10	
         33.2063	         2.32686	         2.32686	    -6.80591e-10	
          33.255	         2.32537	         2.32537	    -7.59043e-10	
         33.3037	         2.32277	         2.32277	    -8.48791e-10	
         33.3524	         2.31926	         2.31926	    -9.43792e-10	
         33.4011	         2.31514	         2.31514	    -1.03766e-09	
         33.4498	         2.31072	         2.31072	    -1.12387e-09	
         33.4985	         2.30633	         2.30633	    -1.19626e-09	
         33.5472	         2.30228	         2.30228	    -1.24955e-09	
         33.5958	         2.29886	         2.29886	    -1.27957e-09	
         33.6445	         2.29632	         2.29632	    -1.28322e-09	
         33.6932	         2.29475	         2.29475	    -1.25885e-09	
         33.7419	         2.29415	         2.29415	    -1.20698e-09	
         33.7906	         2.29432	         2.29432	     -1.1309e-09	
         33.8393	         2.29498	         2.29498	     -1.0367e-09	
          33.888	         2.29577	         2.29577	    -9.33182e-10	
         33.9367	         2.29636	         2.29636	    -8.31789e-10	
         33.9854	         2.29652	         2.29652	    -7.46152e-10	
         34.0341	         2.29613	         2.29613	    -6.90672e-10	
         34.0827	         2.29521	         2.29521	    -6.78256e-10	
         34.1314	         2.29383	         2.29383	    -7.17859e-10	
         34.1801	         2.29213	         2.29213	    -8.12322e-10	
         34.2288	         2.29021	         2.29021	    -9.56958e-10	
         34.2775	         2.28817	         2.28817	    -1.13973e-09	
         34.3262	         2.28611	         2.28611	    -1.34383e-09	
         34.3749	         2.28413	         2.28413	    -1.55181e-09	
         34.4236	         2.28244	         2.28244	    -1.74922e-09	
         34.4723	         2.28131	         2.28131	    -1.92608e-09	
         34.5209	         2.28106	         2.28106	    -2.07609e-09	
         34.5696	         2.28201	         2.28201	    -2.19436e-09	
         34.6183	         2.28437	         2.28437	    -2.27496e-09	
          34.667	          2.2882	          2.2882	     -2.3096e-09	
         34.7157	         2.29333	         2.29333	    -2.28878e-09	
         34.7644	         2.29938	         2.29938	    -2.20462e-09	
         34.8131	         2.30587	         2.30587	    -2.05409e-09	
         34.8618	         2.31229	         2.31229	     -1.8409e-09	
         34.9105	         2.31823	         2.31823	     -1.5761e-09	
         34.9592	         2.32337	         2.32337	    -1.27746e-09	
         35.0078	         2.32755	         2.32755	     -9.6772e-10	
         35.0565	          2.3307	          2.3307	    -6.71524e-10	
         35.1052	         2.33283	         2.33283	    -4.11188e-10	
         35.1539	         2.33394	         2.33394	    -2.02573e-10	
         35.2026	         2.33404	         2.33404	      -5.255e-11	
         35.2513	         2.33315	         2.33315	     4.09872e-11	
            35.3	         2.33132	         2.33132	     8.67701e-11	
         35.3487	         2.32868	         2.32868	     9.69216e-11	
         35.3974	         2.32546	         2.32546	     8.41607e-11	
         35.4461	           2.322	           2.322	     6.03508e-11	
         35.4947	         2.31867	         2.31867	     3.63434e-11	
         35.5434	         2.31579	         2.31579	     2.20486e-11	
         35.5921	         2.31362	         2.31362	      2.5397e-11	
         35.6408	         2.31227	         2.31227	     5.00742e-11	
         35.6895	         2.31174	         2.31174	     9.35114e-11	
         35.7382	         2.31192	         2.31192	     1.47057e-10	
         35.7869	         2.31259	         2.31259	      1.9873e-10	
         35.8356	         2.31348	         2.31348	     2.37431e-10	
         35.8843	         2.31426	         2.31426	     2.56699e-10	
         35.9329	          2.3146	          2.3146	     2.56466e-10	
         35.9816	          2.3142	          2.3142	     2.42149e-10	
         36.0303	         2.31283	         2.31283	     2.21637e-10	
          36.079	         2.31042	         2.31042	      2.0166e-10	
         36.1277	         2.30709	         2.30709	     1.85327e-10	
         36.1764	         2.30313	         2.30313	     1.71902e-10	
         36.2251	         2.29904	         2.29904	     1.58783e-10	
         36.2738	         2.29544	         2.29544	     1.44767e-10	
         36.3225	         2.29295	         2.29295	     1.33205e-10	
         36.3712	         2.29209	         2.29209	       1.333e-10	
         36.4198	         2.29315	         2.29315	     1.58301e-10	
         36.4685	         2.29612	         2.29612	     2.21299e-10	
         36.5172	         2.30069	         2.30069	     3.31156e-10	
         36.5659	         2.30633	         2.30633	     4.90517e-10	
         36.6146	         2.31237	         2.31237	     6.95545e-10	
         36.6633	         2.31814	         2.31814	     9.36553e-10	
          36.712	         2.32301	         2.32301	     1.19902e-09	
         36.7607	         2.32649	         2.32649	     1.46484e-09	
         36.8094	         2.32826	         2.32826	     1.71344e-09	
         36.8581	         2.32823	         2.32823	     1.92251e-09	
         36.9067	         2.32645	         2.32645	     2.06884e-09	
         36.9554	         2.32317	         2.32317	     2.12996e-09	
         37.0041	         2.31872	         2.31872	     2.08692e-09	
         37.0528	         2.31344	         2.31344	     1.92798e-09	
         37.1015	         2.30761	         2.30761	     1.65178e-09	
         37.1502	         2.30138	         2.30138	     1.26919e-09	
         37.1989	         2.29481	         2.29481	     8.03474e-10	
         37.2476	         2.28786	         2.28786	     2.88802e-10	
         37.2963	         2.28053	         2.28053	    -2.33383e-10	
         37.3449	         2.27292	         2.27292	    -7.20236e-10	
         37.3936	         2.26525	         2.26525	    -1.13424e-09	
         37.4423	         2.25783	         2.25783	    -1.44922e-09	
          37.491	         2.25106	         2.25106	     -1.6543e-09	
         37.5397	         2.24525	         2.24525	    -1.75498e-09	
         37.5884	         2.24068	         2.24068	    -1.77044e-09	
         37.6371	          2.2375	          2.2375	    -1.72775e-09	
         37.6858	         2.23581	         2.23581	    -1.65476e-09	
         37.7345	         2.23563	         2.23563	    -1.57391e-09	
         37.7832	         2.23697	         2.23697	    -1.49836e-09	
         37.8318	         2.23977	         2.23977	    -1.43102e-09	
         37.8805	         2.24389	         2.24389	    -1.36595e-09	
         37.9292	         2.24906	         2.24906	    -1.29137e-09	
         37.9779	         2.25494	         2.25494	    -1.19343e-09	
         38.0266	         2.26112	         2.26112	    -1.05971e-09	
         38.0753	         2.26717	         2.26717	    -8.82477e-10	
          38.124	         2.27272	         2.27272	    -6.61357e-10	
         38.1727	         2.27748	         2.27748	    -4.04842e-10	
         38.2214	         2.28124	         2.28124	    -1.30003e-10	
         38.2701	         2.28394	         2.28394	     1.39864e-10	
         38.3187	         2.28567	         2.28567	     3.78858e-10	
         38.3674	         2.28666	         2.28666	     5.62053e-10	
         38.4161	         2.28728	         2.28728	     6.68303e-10	
         38.4648	         2.28798	         2.28798	     6.82467e-10	
         38.5135	         2.28916	         2.28916	     5.97763e-10	
         38.5622	         2.29111	         2.29111	     4.18099e-10	
         38.6109	         2.29393	         2.29393	      1.5913e-10	
         38.6596	         2.29748	         2.29748	    -1.53575e-10	
         38.7083	         2.30147	         2.30147	    -4.89222e-10	
         38.7569	         2.30556	         2.30556	    -8.17815e-10	
         38.8056	         2.30937	         2.30937	    -1.11544e-09	
         38.8543	         2.31262	         2.31262	    -1.36704e-09	
          38.903	          2.3151	          2.3151	     -1.5659e-09	
         38.9517	         2.31667	         2.31667	    -1.71102e-09	
         39.0004	         2.31732	         2.31732	    -1.80442e-09	
         39.0491	         2.31713	         2.31713	    -1.84989e-09	
         39.0978	         2.31627	         2.31627	     -1.8532e-09	
         39.1465	         2.31498	         2.31498	    -1.82275e-09	
         39.1952	         2.31347	         2.31347	    -1.76984e-09	
         39.2438	         2.31191	         2.31191	    -1.70815e-09	
         39.2925	         2.31041	         2.31041	      -1.652e-09	
         39.3412	         2.30902	         2.30902	     -1.6138e-09	
         39.3899	         2.30775	         2.30775	    -1.60139e-09	
         39.4386	         2.30664	         2.30664	    -1.61625e-09	
         39.4873	         2.30579	         2.30579	    -1.65284e-09	
          39.536	         2.30529	         2.30529	    -1.69908e-09	
         39.5847	         2.30527	         2.30527	    -1.73794e-09	
         39.6334	         2.30583	         2.30583	    -1.75036e-09	
         39.6821	         2.30705	         2.30705	    -1.71985e-09	
         39.7307	         2.30898	         2.30898	    -1.63763e-09	
         39.7794	         2.31163	         2.31163	    -1.50593e-09	
         39.8281	         2.31496	         2.31496	    -1.33706e-09	
         39.8768	         2.31888	         2.31888	    -1.14827e-09	
         39.9255	         2.32321	         2.32321	    -9.55552e-10	
         39.9742	         2.32773	         2.32773	    -7.70092e-10	
         40.0229	         2.33219	         2.33219	    -5.98149e-10	
         40.0716	         2.33631	         2.33631	    -4.42952e-10	
         40.1203	         2.33985	         2.33985	    -3.06957e-10	
         40.1689	         2.34258	         2.34258	    -1.93308e-10	
         40.2176	         2.34439	         2.34439	    -1.06013e-10	
         40.2663	         2.34521	         2.34521	     -4.9114e-11	
          40.315	         2.34505	         2.34505	    -2.57359e-11	
         40.3637	         2.34401	         2.34401	    -3.78018e-11	
         40.4124	         2.34225	         2.34225	    -8.64326e-11	
         40.4611	         2.33996	         2.33996	    -1.72146e-10	
         40.5098	         2.33736	         2.33736	    -2.94079e-10	
         40.5585	         2.33465	         2.33465	    -4.48231e-10	
         40.6072	         2.33198	         2.33198	    -6.26152e-10	
         40.6558	         2.32944	         2.32944	    -8.15438e-10	
         40.7045	         2.32704	         2.32704	    -1.00257e-09	
         40.7532	          2.3248	          2.3248	    -1.17675e-09	
         40.8019	         2.32277	         2.32277	    -1.33274e-09	
         40.8506	         2.32103	         2.32103	    -1.47092e-09	
         40.8993	         2.31969	         2.31969	    -1.59451e-09	
          40.948	         2.31891	         2.31891	    -1.70495e-09	
         40.9967	         2.31881	         2.31881	    -1.79802e-09	
         41.0454	         2.31951	         2.31951	    -1.86333e-09	
          41.094	         2.32104	         2.32104	    -1.88795e-09	
         41.1427	         2.32345	         2.32345	    -1.86241e-09	
         41.1914	         2.32671	         2.32671	    -1.78592e-09	
