        0.085971	      0.00945591	      0.00945591	        3.29e-10	
        0.171942	       0.0338973	       0.0338973	     6.51825e-10	
        0.257913	        0.072757	        0.072757	      6.8671e-10	
        0.343884	        0.125128	        0.125128	     4.25861e-10	
        0.429855	         0.18832	         0.18832	    -2.70025e-10	
        0.515826	        0.258475	        0.258475	    -1.83368e-09	
        0.601797	        0.331696	        0.331696	    -4.85924e-09	
        0.687768	        0.404843	        0.404843	    -9.76818e-09	
        0.773739	        0.475735	        0.475735	    -1.65242e-08	
         0.85971	        0.542836	        0.542836	    -2.45738e-08	
        0.945681	        0.604793	        0.604793	    -3.30248e-08	
         1.03165	        0.660234	        0.660234	    -4.09472e-08	
         1.11762	        0.708082	        0.708082	    -4.76165e-08	
         1.20359	        0.748295	        0.748295	    -5.26499e-08	
         1.28957	        0.782596	        0.782597	      -5.602e-08	
         1.37554	        0.814582	        0.814582	    -5.80245e-08	
         1.46151	        0.848827	        0.848827	     -5.9229e-08	
         1.54748	        0.889236	        0.889236	    -6.04358e-08	
         1.63345	        0.937501	        0.937501	     -6.2555e-08	
         1.71942	        0.992577	        0.992577	    -6.63807e-08	
         1.80539	         1.05126	         1.05126	    -7.23546e-08	
         1.89136	         1.10921	         1.10921	    -8.04706e-08	
         1.97733	         1.16186	         1.16186	    -9.03128e-08	
          2.0633	         1.20509	         1.20509	    -1.01183e-07	
         2.14928	         1.23591	         1.23591	    -1.12272e-07	
         2.23525	         1.25314	         1.25314	    -1.22871e-07	
         2.32122	         1.25798	         1.25798	    -1.32584e-07	
         2.40719	         1.25387	         1.25387	    -1.41394e-07	
         2.49316	         1.24567	         1.24567	    -1.49477e-07	
         2.57913	         1.23824	         1.23824	    -1.56889e-07	
          2.6651	          1.2351	          1.2351	    -1.63327e-07	
         2.75107	         1.23788	         1.23788	     -1.6824e-07	
         2.83704	         1.24644	         1.24644	     -1.7122e-07	
         2.92302	         1.25937	         1.25937	    -1.72273e-07	
         3.00899	         1.27441	         1.27441	    -1.72127e-07	
         3.09496	         1.28896	         1.28896	    -1.72223e-07	
         3.18093	         1.30084	         1.30084	    -1.74506e-07	
          3.2669	         1.30927	         1.30927	    -1.80879e-07	
         3.35287	         1.31564	         1.31564	    -1.91913e-07	
         3.43884	         1.32331	         1.32331	    -2.06175e-07	
         3.52481	         1.33653	         1.33653	    -2.20858e-07	
         3.61078	         1.35866	         1.35866	    -2.32702e-07	
         3.69675	         1.39081	         1.39081	    -2.39094e-07	
         3.78273	         1.43155	         1.43155	    -2.38934e-07	
          3.8687	         1.47767	         1.47767	    -2.32966e-07	
         3.95467	         1.52509	         1.52509	    -2.22897e-07	
         4.04064	         1.56982	         1.56982	    -2.10237e-07	
         4.12661	         1.60869	         1.60869	     -1.9595e-07	
         4.21258	         1.63996	         1.63996	    -1.80611e-07	
         4.29855	         1.66344	         1.66344	    -1.65239e-07	
         4.38452	         1.68058	         1.68058	    -1.51419e-07	
         4.47049	         1.69415	         1.69415	    -1.40874e-07	
         4.55646	         1.70747	         1.70747	    -1.35289e-07	
         4.64244	         1.72349	         1.72349	    -1.36434e-07	
         4.72841	         1.74422	         1.74422	    -1.44894e-07	
         4.81438	         1.77042	         1.77042	    -1.59005e-07	
         4.90035	         1.80157	         1.80157	    -1.75258e-07	
         4.98632	         1.83601	         1.83601	    -1.89508e-07	
         5.07229	         1.87131	         1.87131	    -1.99186e-07	
         5.15826	         1.90503	         1.90503	    -2.03944e-07	
         5.24423	         1.93545	         1.93545	    -2.03736e-07	
          5.3302	         1.96186	         1.96186	     -1.9854e-07	
         5.41618	         1.98455	         1.98455	    -1.88694e-07	
         5.50215	         2.00467	         2.00467	    -1.75478e-07	
         5.58812	         2.02376	         2.02376	    -1.61602e-07	
         5.67409	         2.04312	         2.04312	    -1.50487e-07	
         5.76006	         2.06327	         2.06327	    -1.45238e-07	
         5.84603	         2.08406	         2.08407	    -1.47407e-07	
           5.932	         2.10508	         2.10508	    -1.56262e-07	
         6.01797	         2.12614	         2.12614	    -1.70029e-07	
         6.10394	          2.1474	          2.1474	    -1.85624e-07	
         6.18991	         2.16879	         2.16879	    -1.99746e-07	
         6.27589	         2.18962	         2.18962	    -2.10269e-07	
         6.36186	         2.20859	         2.20859	    -2.15904e-07	
         6.44783	         2.22429	         2.22429	    -2.16074e-07	
          6.5338	         2.23594	         2.23594	     -2.1013e-07	
         6.61977	         2.24358	         2.24358	    -1.97945e-07	
         6.70574	         2.24765	         2.24765	    -1.82078e-07	
         6.79171	         2.24864	         2.24864	    -1.68016e-07	
         6.87768	         2.24721	         2.24721	    -1.61462e-07	
         6.96365	         2.24455	         2.24455	    -1.65362e-07	
         7.04962	         2.24187	         2.24187	    -1.76939e-07	
          7.1356	         2.23981	         2.23981	    -1.89466e-07	
         7.22157	         2.23833	         2.23833	    -1.95496e-07	
         7.30754	         2.23749	         2.23749	    -1.90434e-07	
         7.39351	         2.23802	         2.23802	    -1.75588e-07	
         7.47948	         2.24103	         2.24103	    -1.58132e-07	
         7.56545	         2.24672	         2.24672	    -1.44092e-07	
         7.65142	         2.25383	         2.25383	    -1.36188e-07	
         7.73739	         2.26039	         2.26039	     -1.3291e-07	
         7.82336	         2.26493	         2.26493	     -1.3083e-07	
         7.90934	         2.26728	         2.26728	    -1.27606e-07	
         7.99531	         2.26862	         2.26862	     -1.2148e-07	
         8.08128	         2.27051	         2.27051	    -1.12179e-07	
         8.16725	         2.27392	         2.27392	    -1.04083e-07	
         8.25322	         2.27868	         2.27868	    -1.02527e-07	
         8.33919	         2.28377	         2.28377	     -1.1033e-07	
         8.42516	          2.2883	          2.2883	    -1.26462e-07	
         8.51113	          2.2923	          2.2923	    -1.45712e-07	
          8.5971	         2.29655	         2.29655	    -1.61771e-07	
         8.68307	          2.3018	          2.3018	    -1.70431e-07	
         8.76905	         2.30844	         2.30845	    -1.71916e-07	
         8.85502	         2.31673	         2.31673	    -1.70025e-07	
         8.94099	          2.3267	          2.3267	    -1.69894e-07	
         9.02696	         2.33782	         2.33782	    -1.74387e-07	
         9.11293	          2.3489	          2.3489	    -1.82028e-07	
          9.1989	         2.35869	         2.35869	    -1.88345e-07	
         9.28487	         2.36664	         2.36664	    -1.88574e-07	
         9.37084	         2.37318	         2.37318	    -1.79848e-07	
         9.45681	         2.37911	         2.37911	     -1.6243e-07	
         9.54279	         2.38501	         2.38501	    -1.40357e-07	
         9.62876	         2.39104	         2.39104	    -1.18584e-07	
         9.71473	         2.39706	         2.39706	    -1.01064e-07	
          9.8007	         2.40301	         2.40301	      -9.126e-08	
         9.88667	         2.40919	         2.40919	    -9.23975e-08	
         9.97264	         2.41603	         2.41603	     -1.0583e-07	
         10.0586	         2.42355	         2.42355	    -1.25764e-07	
         10.1446	         2.43138	         2.43138	    -1.43003e-07	
         10.2306	         2.43941	         2.43941	    -1.50629e-07	
         10.3165	         2.44795	         2.44795	    -1.44719e-07	
         10.4025	         2.45729	         2.45729	    -1.25571e-07	
         10.4885	         2.46726	         2.46726	    -1.00006e-07	
         10.5744	         2.47696	         2.47696	     -8.0433e-08	
         10.6604	         2.48517	         2.48517	    -7.73433e-08	
         10.7464	         2.49069	         2.49069	    -9.17507e-08	
         10.8324	         2.49259	         2.49259	    -1.17544e-07	
         10.9183	         2.48999	         2.48999	    -1.41343e-07	
         11.0043	         2.48298	         2.48298	     -1.5558e-07	
         11.0903	         2.47304	         2.47304	     -1.6108e-07	
         11.1762	         2.46277	         2.46277	    -1.64272e-07	
         11.2622	         2.45535	         2.45535	    -1.74905e-07	
         11.3482	         2.45368	         2.45368	    -2.00673e-07	
         11.4341	         2.45872	         2.45872	    -2.39114e-07	
         11.5201	          2.4682	          2.4682	    -2.80419e-07	
         11.6061	         2.47838	         2.47838	    -3.15286e-07	
         11.6921	         2.48635	         2.48635	    -3.37112e-07	
          11.778	         2.49111	         2.49111	    -3.40626e-07	
          11.864	         2.49276	         2.49276	     -3.2154e-07	
           11.95	         2.49134	         2.49134	    -2.87641e-07	
         12.0359	         2.48674	         2.48674	    -2.52339e-07	
         12.1219	         2.47899	         2.47899	    -2.24792e-07	
         12.2079	         2.46889	         2.46889	    -2.06842e-07	
         12.2939	         2.45837	         2.45837	     -1.9243e-07	
         12.3798	         2.44982	         2.44982	    -1.79298e-07	
         12.4658	          2.4454	          2.4454	    -1.70115e-07	
         12.5518	         2.44604	         2.44604	     -1.6554e-07	
         12.6377	         2.45084	         2.45084	    -1.71862e-07	
         12.7237	         2.45799	         2.45799	    -1.92012e-07	
         12.8097	         2.46528	         2.46528	    -2.19298e-07	
         12.8957	         2.47058	         2.47058	    -2.44478e-07	
         12.9816	         2.47291	         2.47291	    -2.61816e-07	
         13.0676	          2.4726	          2.4726	    -2.67683e-07	
         13.1536	         2.47097	         2.47097	    -2.61099e-07	
         13.2395	         2.46956	         2.46956	     -2.4383e-07	
         13.3255	         2.46963	         2.46963	    -2.18631e-07	
         13.4115	         2.47192	         2.47192	    -1.89375e-07	
         13.4975	         2.47671	         2.47671	    -1.56799e-07	
         13.5834	         2.48352	         2.48352	      -1.246e-07	
         13.6694	          2.4913	          2.4913	    -9.38334e-08	
         13.7554	         2.49922	         2.49922	    -6.89103e-08	
         13.8413	           2.507	           2.507	    -5.66245e-08	
         13.9273	         2.51525	         2.51525	    -5.62439e-08	
         14.0133	          2.5244	          2.5244	    -5.42009e-08	
         14.0992	         2.53357	         2.53357	    -4.71777e-08	
         14.1852	         2.54155	         2.54155	    -3.68463e-08	
         14.2712	         2.54733	         2.54733	    -3.21523e-08	
         14.3572	         2.55047	         2.55047	    -3.73403e-08	
         14.4431	         2.55118	         2.55118	    -5.38078e-08	
         14.5291	         2.55018	         2.55018	    -7.85182e-08	
         14.6151	         2.54868	         2.54868	    -1.00714e-07	
          14.701	          2.5477	          2.5477	    -1.07873e-07	
          14.787	          2.5475	          2.5475	    -9.78602e-08	
          14.873	         2.54723	         2.54723	    -8.12696e-08	
          14.959	         2.54618	         2.54618	    -6.55397e-08	
         15.0449	         2.54452	         2.54452	    -5.17699e-08	
         15.1309	         2.54303	         2.54303	    -4.09031e-08	
         15.2169	         2.54242	         2.54242	    -3.64621e-08	
         15.3028	         2.54338	         2.54338	    -4.35436e-08	
         15.3888	         2.54685	         2.54685	    -6.20546e-08	
         15.4748	         2.55375	         2.55375	    -8.53197e-08	
         15.5608	         2.56408	         2.56408	    -1.06777e-07	
         15.6467	         2.57701	         2.57701	    -1.19204e-07	
         15.7327	         2.59122	         2.59122	     -1.1979e-07	
         15.8187	         2.60477	         2.60477	    -1.10815e-07	
         15.9046	         2.61544	         2.61544	    -9.71885e-08	
         15.9906	         2.62151	         2.62151	    -8.73106e-08	
         16.0766	         2.62204	         2.62204	    -8.96119e-08	
         16.1626	         2.61701	         2.61701	    -1.06731e-07	
         16.2485	         2.60785	         2.60785	    -1.33849e-07	
         16.3345	         2.59692	         2.59692	    -1.60102e-07	
         16.4205	         2.58711	         2.58711	    -1.75552e-07	
         16.5064	         2.58115	         2.58115	    -1.70623e-07	
         16.5924	         2.58027	         2.58027	    -1.47861e-07	
         16.6784	         2.58377	         2.58377	    -1.20698e-07	
         16.7644	          2.5896	          2.5896	    -9.90119e-08	
         16.8503	         2.59556	         2.59556	     -8.0622e-08	
         16.9363	         2.60028	         2.60028	    -5.61905e-08	
         17.0223	         2.60334	         2.60334	    -2.38884e-08	
         17.1082	         2.60522	         2.60522	     7.55858e-09	
         17.1942	          2.6066	          2.6066	     3.45176e-08	
         17.2802	         2.60779	         2.60779	     5.40826e-08	
         17.3661	         2.60916	         2.60916	     6.16034e-08	
         17.4521	         2.61076	         2.61076	     5.57437e-08	
         17.5381	         2.61258	         2.61258	      4.1229e-08	
         17.6241	         2.61477	         2.61477	     2.39569e-08	
           17.71	         2.61754	         2.61754	     8.10397e-09	
          17.796	         2.62068	         2.62068	     -6.4516e-09	
          17.882	         2.62378	         2.62378	    -2.03899e-08	
         17.9679	         2.62669	         2.62669	    -3.37635e-08	
         18.0539	         2.62926	         2.62926	    -4.80966e-08	
         18.1399	         2.63079	         2.63079	     -6.5014e-08	
         18.2259	         2.63012	         2.63012	    -8.21054e-08	
         18.3118	         2.62677	         2.62677	    -9.71843e-08	
         18.3978	         2.62149	         2.62149	    -1.06865e-07	
         18.4838	          2.6158	          2.6158	    -1.18402e-07	
         18.5697	         2.61165	         2.61165	    -1.42327e-07	
         18.6557	         2.61044	         2.61044	    -1.78506e-07	
         18.7417	         2.61216	         2.61216	    -2.12474e-07	
         18.8277	         2.61634	         2.61634	    -2.37309e-07	
         18.9136	           2.622	           2.622	    -2.44254e-07	
         18.9996	         2.62797	         2.62797	    -2.44795e-07	
         19.0856	         2.63309	         2.63309	    -2.42016e-07	
         19.1715	          2.6373	          2.6373	    -2.40509e-07	
         19.2575	         2.64108	         2.64108	    -2.50329e-07	
         19.3435	         2.64482	         2.64482	    -2.74018e-07	
         19.4295	         2.64877	         2.64877	    -3.06694e-07	
         19.5154	         2.65293	         2.65293	    -3.41278e-07	
         19.6014	         2.65709	         2.65709	    -3.76432e-07	
         19.6874	         2.66102	         2.66102	    -4.16142e-07	
         19.7733	         2.66445	         2.66445	    -4.67319e-07	
         19.8593	         2.66668	         2.66668	    -5.27104e-07	
         19.9453	         2.66682	         2.66682	    -5.88714e-07	
         20.0313	         2.66401	         2.66401	    -6.49395e-07	
         20.1172	         2.65795	         2.65795	    -7.08338e-07	
         20.2032	         2.64959	         2.64959	    -7.62076e-07	
         20.2892	         2.64115	         2.64115	    -8.02352e-07	
         20.3751	         2.63511	         2.63511	    -8.22349e-07	
         20.4611	         2.63318	         2.63318	    -8.20081e-07	
         20.5471	          2.6358	          2.6358	    -7.93651e-07	
          20.633	         2.64175	         2.64175	    -7.45694e-07	
          20.719	         2.64904	         2.64904	    -6.90863e-07	
          20.805	         2.65576	         2.65576	    -6.37891e-07	
          20.891	          2.6607	          2.6607	    -5.91332e-07	
         20.9769	         2.66341	         2.66341	    -5.50272e-07	
         21.0629	         2.66363	         2.66363	    -5.15139e-07	
         21.1489	         2.66175	         2.66175	    -4.92015e-07	
         21.2348	         2.65914	         2.65914	    -4.85803e-07	
         21.3208	         2.65712	         2.65712	     -5.0028e-07	
         21.4068	         2.65641	         2.65641	    -5.35763e-07	
         21.4928	         2.65762	         2.65762	    -5.74517e-07	
         21.5787	         2.66131	         2.66131	    -6.11852e-07	
         21.6647	         2.66723	         2.66723	    -6.50345e-07	
         21.7507	         2.67465	         2.67465	    -6.76734e-07	
         21.8366	         2.68308	         2.68308	     -6.8452e-07	
         21.9226	         2.69201	         2.69201	     -6.7876e-07	
         22.0086	         2.70048	         2.70048	    -6.65699e-07	
         22.0946	          2.7072	          2.7072	    -6.44521e-07	
         22.1805	         2.71162	         2.71162	    -6.08809e-07	
         22.2665	         2.71448	         2.71449	    -5.55845e-07	
         22.3525	         2.71684	         2.71684	    -4.96219e-07	
         22.4384	         2.71911	         2.71911	    -4.53767e-07	
         22.5244	         2.72045	         2.72045	    -4.42485e-07	
         22.6104	         2.71976	         2.71976	    -4.58501e-07	
         22.6964	           2.717	           2.717	    -4.87434e-07	
         22.7823	         2.71342	         2.71342	    -5.16954e-07	
         22.8683	         2.71075	         2.71075	     -5.4119e-07	
         22.9543	          2.7099	          2.7099	    -5.62022e-07	
         23.0402	         2.71128	         2.71128	    -5.87532e-07	
         23.1262	         2.71439	         2.71439	    -6.13158e-07	
         23.2122	         2.71784	         2.71784	    -6.24308e-07	
         23.2982	         2.71989	         2.71989	    -6.00887e-07	
         23.3841	         2.71917	         2.71917	    -5.48144e-07	
         23.4701	         2.71499	         2.71499	    -4.83912e-07	
         23.5561	          2.7081	          2.7081	     -4.2754e-07	
          23.642	         2.70075	         2.70075	    -3.92719e-07	
          23.728	         2.69575	         2.69575	    -3.84719e-07	
          23.814	         2.69467	         2.69467	    -3.97028e-07	
         23.8999	         2.69638	         2.69638	    -4.24017e-07	
         23.9859	          2.6984	          2.6984	    -4.61427e-07	
         24.0719	         2.69902	         2.69902	    -5.08027e-07	
         24.1579	         2.69809	         2.69809	    -5.61697e-07	
         24.2438	         2.69695	         2.69695	    -6.19241e-07	
         24.3298	         2.69709	         2.69709	    -6.77646e-07	
         24.4158	         2.69865	         2.69865	    -7.34869e-07	
         24.5017	         2.69994	         2.69994	    -7.85583e-07	
         24.5877	         2.69867	         2.69867	    -8.21911e-07	
         24.6737	         2.69385	         2.69385	    -8.28954e-07	
         24.7597	         2.68697	         2.68697	    -7.93042e-07	
         24.8456	         2.68126	         2.68126	    -7.14125e-07	
         24.9316	         2.67977	         2.67977	    -6.01921e-07	
         25.0176	         2.68401	         2.68402	    -4.77082e-07	
         25.1035	         2.69303	         2.69303	      -3.775e-07	
         25.1895	         2.70413	         2.70413	    -3.21876e-07	
         25.2755	         2.71461	         2.71461	    -3.07275e-07	
         25.3615	         2.72276	         2.72276	    -3.20605e-07	
         25.4474	         2.72823	         2.72823	    -3.48486e-07	
         25.5334	         2.73179	         2.73179	    -3.77049e-07	
         25.6194	         2.73444	         2.73444	    -3.95316e-07	
         25.7053	         2.73633	         2.73633	     -4.0355e-07	
         25.7913	         2.73712	         2.73712	    -3.99074e-07	
         25.8773	         2.73662	         2.73662	    -3.81345e-07	
         25.9633	         2.73474	         2.73474	    -3.55664e-07	
         26.0492	         2.73163	         2.73163	    -3.27145e-07	
         26.1352	          2.7279	          2.7279	    -2.91208e-07	
         26.2212	         2.72401	         2.72401	    -2.49544e-07	
         26.3071	         2.72022	         2.72022	    -2.13583e-07	
         26.3931	         2.71645	         2.71645	    -1.85937e-07	
         26.4791	         2.71224	         2.71224	    -1.64466e-07	
         26.5651	         2.70749	         2.70749	    -1.41302e-07	
          26.651	         2.70247	         2.70247	    -1.04544e-07	
          26.737	          2.6976	          2.6976	    -5.16692e-08	
          26.823	         2.69349	         2.69349	     6.43855e-09	
         26.9089	         2.69085	         2.69085	     4.75428e-08	
         26.9949	         2.69022	         2.69021	     5.24532e-08	
         27.0809	         2.69171	         2.69171	     2.01874e-08	
         27.1668	         2.69521	         2.69521	    -3.82775e-08	
         27.2528	         2.69987	         2.69987	    -1.07562e-07	
         27.3388	         2.70439	         2.70439	    -1.79494e-07	
         27.4248	         2.70797	         2.70797	    -2.37812e-07	
         27.5107	         2.71052	         2.71052	    -2.67243e-07	
         27.5967	         2.71208	         2.71208	    -2.63663e-07	
         27.6827	         2.71233	         2.71233	    -2.41298e-07	
         27.7686	         2.71067	         2.71067	    -2.17581e-07	
         27.8546	         2.70683	         2.70683	    -1.89979e-07	
         27.9406	         2.70164	         2.70164	    -1.48949e-07	
         28.0266	         2.69696	         2.69696	    -9.43519e-08	
         28.1125	         2.69474	         2.69474	    -3.07864e-08	
         28.1985	         2.69614	         2.69614	     1.48012e-08	
         28.2845	         2.70105	         2.70105	     2.49437e-08	
         28.3704	         2.70803	         2.70803	     5.62698e-09	
         28.4564	         2.71457	         2.71457	    -3.61347e-08	
         28.5424	         2.71872	         2.71872	     -9.7379e-08	
         28.6284	         2.72031	         2.72031	    -1.64952e-07	
         28.7143	         2.72037	         2.72037	    -2.16797e-07	
         28.8003	         2.72009	         2.72009	    -2.37344e-07	
         28.8863	         2.72005	         2.72005	    -2.39478e-07	
         28.9722	          2.7196	          2.7196	     -2.4753e-07	
         29.0582	         2.71771	         2.71771	    -2.66056e-07	
         29.1442	         2.71394	         2.71394	    -2.84724e-07	
         29.2302	         2.70911	         2.70911	    -2.94939e-07	
         29.3161	         2.70478	         2.70479	    -2.90918e-07	
         29.4021	         2.70252	         2.70252	     -2.7373e-07	
         29.4881	          2.7027	          2.7027	    -2.47775e-07	
          29.574	         2.70415	         2.70415	    -2.26931e-07	
           29.66	         2.70561	         2.70561	     -2.0767e-07	
          29.746	         2.70681	         2.70681	    -1.79576e-07	
         29.8319	          2.7084	          2.7084	    -1.38773e-07	
         29.9179	         2.71121	         2.71121	    -9.38704e-08	
         30.0039	         2.71541	         2.71541	    -4.77467e-08	
         30.0899	         2.72049	         2.72049	    -1.06067e-08	
         30.1758	         2.72594	         2.72594	     6.11322e-10	
         30.2618	         2.73119	         2.73119	    -2.42628e-08	
         30.3478	         2.73534	         2.73534	    -7.95083e-08	
         30.4337	         2.73763	         2.73763	    -1.44971e-07	
         30.5197	         2.73802	         2.73802	     -2.0586e-07	
         30.6057	         2.73701	         2.73701	    -2.53225e-07	
         30.6917	         2.73528	         2.73528	    -2.79906e-07	
         30.7776	         2.73372	         2.73372	    -2.87339e-07	
         30.8636	         2.73264	         2.73264	    -2.78382e-07	
         30.9496	         2.73195	         2.73195	    -2.59493e-07	
         31.0355	         2.73134	         2.73134	    -2.31176e-07	
         31.1215	         2.73036	         2.73036	     -2.0261e-07	
         31.2075	         2.72878	         2.72878	    -1.87405e-07	
         31.2935	         2.72711	         2.72711	    -1.98177e-07	
         31.3794	          2.7262	          2.7262	    -2.35065e-07	
         31.4654	         2.72702	         2.72702	    -2.81053e-07	
         31.5514	         2.73015	         2.73015	    -3.20865e-07	
         31.6373	         2.73523	         2.73523	    -3.43133e-07	
         31.7233	         2.74104	         2.74104	     -3.2932e-07	
         31.8093	         2.74634	         2.74634	     -3.0009e-07	
         31.8953	         2.75089	         2.75089	     -2.7429e-07	
         31.9812	         2.75461	         2.75461	    -2.54234e-07	
         32.0672	         2.75712	         2.75713	    -2.36599e-07	
         32.1532	         2.75791	         2.75792	    -2.08595e-07	
         32.2391	         2.75641	         2.75641	    -1.62507e-07	
         32.3251	         2.75225	         2.75225	    -1.08126e-07	
         32.4111	         2.74576	         2.74576	    -6.21532e-08	
         32.4971	         2.73795	         2.73795	    -3.55426e-08	
          32.583	         2.73051	         2.73051	    -3.11365e-08	
          32.669	         2.72539	         2.72539	    -3.88256e-08	
          32.755	         2.72323	         2.72323	    -4.94746e-08	
         32.8409	         2.72334	         2.72334	    -6.13986e-08	
         32.9269	          2.7257	          2.7257	    -6.50416e-08	
         33.0129	         2.73105	         2.73105	    -5.75214e-08	
         33.0988	         2.73869	         2.73869	    -3.81307e-08	
         33.1848	          2.7461	          2.7461	    -2.02799e-08	
         33.2708	         2.75115	         2.75115	    -2.08936e-08	
         33.3568	           2.753	           2.753	    -3.76664e-08	
         33.4427	         2.75214	         2.75214	    -6.47287e-08	
         33.5287	         2.74969	         2.74969	    -9.03455e-08	
         33.6147	         2.74672	         2.74672	    -1.07627e-07	
         33.7006	         2.74426	         2.74426	    -1.16161e-07	
         33.7866	         2.74313	         2.74313	    -1.27236e-07	
         33.8726	         2.74356	         2.74356	    -1.44227e-07	
         33.9586	         2.74483	         2.74483	    -1.43895e-07	
         34.0445	         2.74558	         2.74558	    -1.27189e-07	
         34.1305	         2.74441	         2.74441	    -1.06915e-07	
         34.2165	         2.74071	         2.74071	    -9.00943e-08	
         34.3024	         2.73522	         2.73522	     -9.0122e-08	
         34.3884	         2.72937	         2.72937	    -1.08612e-07	
         34.4744	         2.72408	         2.72408	      -1.355e-07	
         34.5604	         2.71986	         2.71986	    -1.64622e-07	
         34.6463	         2.71779	         2.71779	    -1.85513e-07	
         34.7323	         2.71931	         2.71931	    -1.87348e-07	
         34.8183	         2.72472	         2.72472	    -1.69072e-07	
         34.9042	         2.73277	         2.73277	    -1.45937e-07	
         34.9902	         2.74105	         2.74105	    -1.27019e-07	
         35.0762	         2.74735	         2.74735	    -1.11012e-07	
         35.1622	          2.7505	          2.7505	    -9.88294e-08	
         35.2481	         2.75049	         2.75049	    -9.73789e-08	
         35.3341	         2.74844	         2.74844	    -1.28601e-07	
         35.4201	         2.74569	         2.74569	    -1.98149e-07	
          35.506	         2.74364	         2.74364	    -3.08857e-07	
          35.592	         2.74255	         2.74255	    -4.26322e-07	
          35.678	         2.74195	         2.74195	    -5.44269e-07	
          35.764	         2.74141	         2.74141	    -6.51784e-07	
         35.8499	         2.74043	         2.74043	    -7.36726e-07	
         35.9359	         2.73888	         2.73889	    -7.81826e-07	
         36.0219	         2.73719	         2.73719	    -7.60742e-07	
         36.1078	         2.73595	         2.73595	    -6.60792e-07	
         36.1938	         2.73549	          2.7355	    -5.07308e-07	
         36.2798	         2.73561	         2.73561	    -3.40848e-07	
         36.3657	         2.73583	         2.73583	    -1.88852e-07	
         36.4517	         2.73537	         2.73537	    -5.92552e-08	
         36.5377	         2.73309	         2.73309	     3.76665e-08	
         36.6237	         2.72857	         2.72857	     8.50818e-08	
         36.7096	         2.72267	         2.72267	     7.23924e-08	
         36.7956	         2.71704	         2.71704	    -1.24724e-08	
         36.8816	         2.71353	         2.71353	    -1.61261e-07	
         36.9675	         2.71332	         2.71332	    -3.41479e-07	
         37.0535	          2.7159	          2.7159	    -5.10741e-07	
         37.1395	         2.72005	         2.72005	    -6.30818e-07	
         37.2255	         2.72485	         2.72485	    -6.80631e-07	
         37.3114	         2.73001	         2.73001	    -6.66032e-07	
         37.3974	         2.73533	         2.73533	    -6.01095e-07	
         37.4834	         2.73997	         2.73997	    -5.08157e-07	
         37.5693	         2.74312	         2.74312	    -4.11246e-07	
         37.6553	         2.74483	         2.74483	    -3.25712e-07	
         37.7413	         2.74586	         2.74586	    -2.58881e-07	
         37.8273	         2.74733	         2.74733	    -2.08653e-07	
         37.9132	         2.74981	         2.74981	    -1.81151e-07	
         37.9992	         2.75264	         2.75264	    -1.89622e-07	
         38.0852	         2.75514	         2.75514	    -2.24955e-07	
         38.1711	         2.75725	         2.75725	    -2.54002e-07	
         38.2571	          2.7597	          2.7597	    -2.54817e-07	
         38.3431	         2.76345	         2.76345	    -2.40333e-07	
         38.4291	         2.76885	         2.76885	    -2.21512e-07	
          38.515	         2.77505	         2.77505	    -1.96446e-07	
          38.601	         2.78066	         2.78066	    -1.59401e-07	
          38.687	         2.78459	         2.78459	     -1.0248e-07	
         38.7729	         2.78632	         2.78632	    -3.15655e-08	
         38.8589	         2.78619	         2.78619	     2.83626e-08	
         38.9449	         2.78519	         2.78519	     5.17788e-08	
         39.0309	         2.78416	         2.78416	     3.70739e-08	
         39.1168	         2.78325	         2.78325	     2.14222e-09	
         39.2028	         2.78154	         2.78154	    -4.09156e-08	
         39.2888	         2.77879	         2.77879	    -8.38633e-08	
         39.3747	         2.77618	         2.77618	    -1.25871e-07	
         39.4607	         2.77512	         2.77512	    -1.69415e-07	
         39.5467	          2.7755	          2.7755	    -2.11287e-07	
         39.6326	         2.77637	         2.77637	    -2.53553e-07	
         39.7186	         2.77674	         2.77674	    -2.94886e-07	
         39.8046	         2.77615	         2.77615	    -3.23244e-07	
         39.8906	         2.77488	         2.77488	    -3.13017e-07	
         39.9765	         2.77346	         2.77346	    -2.45159e-07	
         40.0625	         2.77221	         2.77221	    -1.25979e-07	
         40.1485	         2.77083	         2.77083	     1.40782e-08	
         40.2344	          2.7686	          2.7686	     1.36651e-07	
         40.3204	         2.76504	         2.76504	     2.20376e-07	
         40.4064	         2.76005	         2.76005	      2.6574e-07	
         40.4924	         2.75436	         2.75436	     2.70557e-07	
         40.5783	         2.74994	         2.74994	     2.17511e-07	
         40.6643	         2.74874	         2.74874	     1.02773e-07	
         40.7503	          2.7514	          2.7514	    -5.02974e-08	
         40.8362	         2.75677	         2.75677	    -1.94113e-07	
         40.9222	         2.76266	         2.76266	    -3.08437e-07	
         41.0082	         2.76724	         2.76724	    -3.79779e-07	
         41.0942	         2.76927	         2.76927	    -4.05461e-07	
         41.1801	         2.76867	         2.76868	    -3.90392e-07	
         41.2661	         2.76649	         2.76649	    -3.39899e-07	
         41.3521	         2.76401	         2.76401	    -2.58592e-07	
          41.438	         2.76191	         2.76191	     -1.4482e-07	
          41.524	         2.76008	         2.76008	     1.17412e-09	
           41.61	         2.75856	         2.75856	     1.56368e-07	
          41.696	         2.75826	         2.75826	     2.85418e-07	
         41.7819	          2.7602	          2.7602	     3.82183e-07	
         41.8679	          2.7645	          2.7645	     4.49201e-07	
         41.9539	         2.77065	         2.77065	     4.70216e-07	
         42.0398	         2.77794	         2.77794	     4.41297e-07	
         42.1258	         2.78539	         2.78539	     3.84568e-07	
         42.2118	         2.79245	         2.79245	       3.267e-07	
         42.2977	          2.7985	          2.7985	     2.74121e-07	
         42.3837	         2.80283	         2.80283	     2.15431e-07	
         42.4697	          2.8045	          2.8045	     1.40839e-07	
         42.5557	         2.80264	         2.80264	     4.75648e-08	
         42.6416	         2.79669	         2.79669	    -3.54975e-08	
         42.7276	         2.78692	         2.78692	    -6.20777e-08	
         42.8136	         2.77488	         2.77488	    -1.25197e-08	
         42.8995	         2.76295	         2.76295	     9.04076e-08	
         42.9855	         2.75368	         2.75368	     2.06086e-07	
         43.0715	         2.74895	         2.74895	     3.10428e-07	
         43.1575	         2.74934	         2.74934	     3.91929e-07	
         43.2434	         2.75396	         2.75396	     4.38988e-07	
         43.3294	         2.76088	         2.76088	     4.47654e-07	
         43.4154	         2.76799	         2.76799	     4.21901e-07	
         43.5013	         2.77378	         2.77378	     3.64362e-07	
         43.5873	          2.7776	          2.7776	     2.82503e-07	
         43.6733	         2.77966	         2.77966	     1.91744e-07	
         43.7593	         2.78034	         2.78034	     1.15007e-07	
         43.8452	         2.77966	         2.77966	     7.68724e-08	
         43.9312	          2.7775	         2.77749	     7.95454e-08	
         44.0172	         2.77374	         2.77374	     1.27775e-07	
         44.1031	         2.76809	         2.76809	      2.1831e-07	
         44.1891	          2.7607	          2.7607	     3.28451e-07	
         44.2751	         2.75282	         2.75282	     4.16563e-07	
         44.3611	          2.7467	          2.7467	     4.40603e-07	
          44.447	         2.74445	         2.74445	     3.84855e-07	
          44.533	         2.74678	         2.74678	     2.75626e-07	
          44.619	         2.75336	         2.75336	     1.51009e-07	
         44.7049	         2.76336	         2.76336	     5.08233e-08	
         44.7909	         2.77511	         2.77511	      4.6794e-09	
         44.8769	         2.78604	         2.78604	     6.28659e-09	
         44.9629	         2.79349	         2.79349	     2.87438e-08	
         45.0488	         2.79597	         2.79597	     5.15043e-08	
         45.1348	         2.79358	         2.79358	       7.052e-08	
         45.2208	         2.78763	         2.78763	     9.80389e-08	
         45.3067	         2.78034	         2.78034	     1.45928e-07	
         45.3927	         2.77413	         2.77413	     2.08365e-07	
         45.4787	         2.77061	         2.77061	     2.71936e-07	
         45.5646	         2.77018	         2.77018	     3.22307e-07	
         45.6506	         2.77211	         2.77211	     3.52361e-07	
         45.7366	         2.77511	         2.77511	     3.73111e-07	
         45.8226	         2.77795	         2.77795	     3.97039e-07	
         45.9085	         2.77989	         2.77989	      4.4571e-07	
         45.9945	         2.78093	         2.78092	      5.0235e-07	
         46.0805	         2.78156	         2.78156	     5.36272e-07	
         46.1664	         2.78207	         2.78207	     5.26721e-07	
         46.2524	         2.78184	         2.78184	     4.66936e-07	
         46.3384	         2.78018	         2.78018	     3.72935e-07	
         46.4244	         2.77691	         2.77691	     2.72534e-07	
         46.5103	         2.77255	         2.77255	     1.88338e-07	
         46.5963	         2.76798	         2.76798	     1.30437e-07	
         46.6823	         2.76408	         2.76408	     1.02781e-07	
         46.7682	         2.76138	         2.76138	     9.94435e-08	
         46.8542	          2.7599	          2.7599	     9.92793e-08	
         46.9402	         2.75934	         2.75934	      7.6162e-08	
         47.0262	         2.75908	         2.75908	     2.21968e-08	
         47.1121	         2.75875	         2.75875	    -4.66704e-08	
         47.1981	         2.75833	         2.75833	    -1.11458e-07	
         47.2841	         2.75762	         2.75762	    -1.54307e-07	
           47.37	         2.75645	         2.75645	    -1.68127e-07	
          47.456	         2.75497	         2.75497	    -1.54013e-07	
          47.542	         2.75309	         2.75309	    -1.45836e-07	
          47.628	         2.75034	         2.75034	    -1.64385e-07	
         47.7139	         2.74664	         2.74664	     -2.1578e-07	
         47.7999	         2.74244	         2.74244	     -2.9629e-07	
         47.8859	         2.73845	         2.73845	    -3.86429e-07	
         47.9718	         2.73571	         2.73571	    -4.54341e-07	
         48.0578	         2.73514	         2.73514	    -4.69768e-07	
         48.1438	         2.73695	         2.73695	    -4.32263e-07	
         48.2298	         2.74066	         2.74066	    -3.73872e-07	
         48.3157	         2.74568	         2.74568	    -3.11692e-07	
         48.4017	         2.75167	         2.75167	    -2.60799e-07	
         48.4877	         2.75831	         2.75831	     -2.1738e-07	
         48.5736	         2.76504	         2.76504	    -1.70539e-07	
         48.6596	         2.77139	         2.77139	    -1.27016e-07	
         48.7456	         2.77709	         2.77709	    -9.68951e-08	
         48.8315	         2.78184	         2.78184	    -9.05673e-08	
         48.9175	         2.78566	         2.78566	    -1.04695e-07	
         49.0035	         2.78884	         2.78884	    -1.42798e-07	
         49.0895	          2.7918	          2.7918	    -2.11001e-07	
         49.1754	         2.79465	         2.79466	    -2.79343e-07	
         49.2614	         2.79709	         2.79709	    -3.03821e-07	
         49.3474	         2.79851	         2.79851	    -2.77949e-07	
         49.4333	         2.79886	         2.79886	    -2.31111e-07	
         49.5193	         2.79853	         2.79853	    -2.02373e-07	
         49.6053	         2.79785	         2.79785	    -2.13638e-07	
         49.6913	         2.79703	         2.79703	    -2.75982e-07	
         49.7772	         2.79597	         2.79597	    -3.64916e-07	
         49.8632	         2.79415	         2.79415	    -4.26177e-07	
         49.9492	         2.79125	         2.79125	    -4.21451e-07	
         50.0351	         2.78768	         2.78768	    -3.51935e-07	
         50.1211	         2.78423	         2.78423	    -2.50535e-07	
         50.2071	         2.78185	         2.78185	      -1.335e-07	
         50.2931	         2.78138	         2.78138	    -2.70887e-08	
          50.379	         2.78316	         2.78316	     3.52076e-08	
          50.465	         2.78687	         2.78687	     4.17434e-08	
          50.551	         2.79132	         2.79132	     5.24863e-09	
         50.6369	         2.79546	         2.79546	      -5.244e-08	
         50.7229	         2.79839	         2.79839	    -1.09075e-07	
         50.8089	         2.79946	         2.79946	    -1.52822e-07	
         50.8949	         2.79885	         2.79885	    -1.71202e-07	
         50.9808	         2.79738	         2.79738	    -1.67296e-07	
         51.0668	         2.79519	         2.79519	    -1.54424e-07	
         51.1528	         2.79187	         2.79187	       -1.37e-07	
         51.2387	          2.7869	          2.7869	     -1.3021e-07	
         51.3247	         2.78028	         2.78028	    -1.50926e-07	
         51.4107	         2.77264	         2.77264	    -1.88202e-07	
         51.4967	         2.76457	         2.76457	    -2.34828e-07	
         51.5826	         2.75719	         2.75719	    -2.89497e-07	
         51.6686	         2.75237	         2.75237	    -3.46694e-07	
         51.7546	         2.75131	         2.75132	    -3.77379e-07	
         51.8405	         2.75378	         2.75378	    -3.81982e-07	
         51.9265	         2.75891	         2.75891	     -3.8644e-07	
         52.0125	         2.76527	         2.76528	    -3.94333e-07	
         52.0984	          2.7717	         2.77171	    -4.04633e-07	
         52.1844	         2.77766	         2.77766	    -4.14016e-07	
         52.2704	         2.78308	         2.78308	    -4.21582e-07	
         52.3564	         2.78795	         2.78795	    -4.19297e-07	
         52.4423	         2.79123	         2.79123	     -3.9282e-07	
         52.5283	         2.79126	         2.79126	    -3.44532e-07	
         52.6143	          2.7877	          2.7877	    -2.90267e-07	
         52.7002	         2.78177	         2.78177	    -2.40217e-07	
         52.7862	         2.77554	         2.77554	    -1.90241e-07	
         52.8722	         2.77047	         2.77047	    -1.56098e-07	
         52.9582	         2.76717	         2.76717	    -1.65688e-07	
         53.0441	         2.76583	         2.76583	    -1.97337e-07	
         53.1301	         2.76621	         2.76621	     -2.1535e-07	
         53.2161	          2.7681	          2.7681	    -2.15068e-07	
          53.302	         2.77178	         2.77178	    -1.82157e-07	
          53.388	         2.77772	         2.77772	    -1.19878e-07	
          53.474	         2.78593	         2.78593	    -5.83413e-08	
           53.56	         2.79515	         2.79515	    -1.56177e-08	
         53.6459	         2.80323	         2.80323	      1.0624e-08	
         53.7319	         2.80881	         2.80881	     2.24192e-08	
         53.8179	         2.81154	         2.81154	     1.59877e-08	
         53.9038	         2.81112	         2.81112	    -1.03815e-08	
         53.9898	         2.80721	         2.80721	    -5.59135e-08	
         54.0758	         2.80051	         2.80051	    -1.21095e-07	
         54.1618	         2.79234	         2.79234	    -1.96517e-07	
         54.2477	         2.78445	         2.78445	    -2.63391e-07	
         54.3337	         2.77881	         2.77881	    -2.95054e-07	
         54.4197	         2.77689	         2.77689	    -2.90964e-07	
         54.5056	         2.77902	         2.77902	    -2.88215e-07	
         54.5916	         2.78429	         2.78429	    -3.06514e-07	
         54.6776	         2.79123	         2.79123	    -3.54152e-07	
         54.7636	         2.79829	         2.79829	    -4.26191e-07	
         54.8495	         2.80449	         2.80449	      -5.132e-07	
         54.9355	         2.80871	         2.80871	    -6.04156e-07	
         55.0215	         2.80979	         2.80979	    -6.91654e-07	
         55.1074	         2.80724	         2.80724	     -7.6253e-07	
         55.1934	         2.80188	         2.80188	    -8.02229e-07	
         55.2794	         2.79555	         2.79555	    -8.01077e-07	
         55.3653	         2.78953	         2.78953	    -7.37685e-07	
         55.4513	         2.78519	         2.78519	    -5.90453e-07	
         55.5373	         2.78299	         2.78299	     -3.9674e-07	
         55.6233	         2.78204	         2.78204	    -2.29027e-07	
         55.7092	         2.78101	         2.78101	    -1.33532e-07	
         55.7952	         2.77862	         2.77862	    -1.27785e-07	
         55.8812	         2.77465	         2.77465	    -2.08275e-07	
         55.9671	         2.77051	         2.77051	    -3.42601e-07	
         56.0531	         2.76784	         2.76784	    -4.83729e-07	
         56.1391	         2.76773	         2.76773	    -6.08632e-07	
         56.2251	         2.77031	         2.77031	    -7.10352e-07	
          56.311	         2.77472	         2.77472	    -7.99219e-07	
          56.397	         2.77974	         2.77975	    -8.75343e-07	
          56.483	         2.78399	         2.78399	    -9.17235e-07	
         56.5689	         2.78614	         2.78614	    -9.23374e-07	
         56.6549	         2.78623	         2.78623	    -8.87634e-07	
         56.7409	         2.78507	         2.78507	    -8.05792e-07	
         56.8269	         2.78301	         2.78301	    -7.05213e-07	
         56.9128	         2.77967	         2.77967	    -6.18268e-07	
         56.9988	         2.77525	         2.77525	    -5.49604e-07	
         57.0848	         2.77079	         2.77079	    -4.90255e-07	
         57.1707	         2.76745	         2.76745	    -4.39483e-07	
         57.2567	         2.76621	         2.76621	    -4.29968e-07	
         57.3427	         2.76749	         2.76749	    -4.68259e-07	
         57.4287	         2.77073	         2.77073	     -5.2743e-07	
         57.5146	         2.77466	         2.77466	    -5.66951e-07	
         57.6006	         2.77773	         2.77774	    -5.60423e-07	
         57.6866	         2.77933	         2.77933	    -5.13982e-07	
         57.7725	         2.77985	         2.77985	    -4.50426e-07	
         57.8585	         2.78012	         2.78012	     -3.9706e-07	
         57.9445	         2.78089	         2.78089	    -3.75405e-07	
         58.0304	         2.78258	         2.78258	    -3.96655e-07	
         58.1164	         2.78467	         2.78467	    -4.44128e-07	
         58.2024	         2.78655	         2.78655	     -4.8811e-07	
         58.2884	         2.78796	         2.78796	    -5.04206e-07	
         58.3743	           2.789	           2.789	    -5.09114e-07	
         58.4603	         2.78955	         2.78955	    -5.19081e-07	
         58.5463	         2.78891	         2.78891	     -5.2813e-07	
         58.6322	         2.78628	         2.78629	    -5.28694e-07	
         58.7182	         2.78165	         2.78165	     -5.1647e-07	
         58.8042	         2.77593	         2.77593	    -5.04135e-07	
         58.8902	         2.77041	         2.77041	    -5.23001e-07	
         58.9761	         2.76567	         2.76567	    -5.86591e-07	
         59.0621	         2.76164	         2.76164	    -6.45002e-07	
         59.1481	         2.75865	         2.75865	    -6.47782e-07	
          59.234	         2.75735	         2.75735	    -5.71506e-07	
           59.32	         2.75716	         2.75716	    -4.44265e-07	
          59.406	         2.75698	         2.75699	    -3.23059e-07	
          59.492	         2.75591	         2.75591	    -2.37459e-07	
         59.5779	         2.75364	         2.75364	     -1.8614e-07	
         59.6639	          2.7504	          2.7504	    -1.56286e-07	
         59.7499	         2.74693	         2.74693	    -1.37526e-07	
         59.8358	         2.74456	         2.74456	    -1.14432e-07	
         59.9218	         2.74451	         2.74451	    -6.44182e-08	
         60.0078	         2.74692	         2.74692	    -1.29617e-08	
         60.0938	         2.75195	         2.75195	     1.83185e-08	
         60.1797	         2.75949	         2.75949	     6.49721e-09	
         60.2657	         2.76774	         2.76774	    -5.18746e-08	
         60.3517	         2.77467	         2.77467	    -1.34843e-07	
         60.4376	         2.77917	         2.77917	    -2.16362e-07	
         60.5236	         2.78138	         2.78138	    -2.83102e-07	
         60.6096	         2.78238	         2.78238	    -3.34436e-07	
         60.6956	         2.78348	         2.78348	    -3.69653e-07	
         60.7815	         2.78521	         2.78521	    -3.86286e-07	
         60.8675	         2.78676	         2.78676	    -4.08918e-07	
         60.9535	         2.78701	         2.78701	    -4.61916e-07	
         61.0394	         2.78601	         2.78601	    -5.34825e-07	
         61.1254	           2.785	           2.785	    -5.72285e-07	
         61.2114	         2.78509	         2.78509	    -5.37107e-07	
         61.2973	         2.78562	         2.78562	    -4.71054e-07	
         61.3833	         2.78484	         2.78484	    -3.82399e-07	
         61.4693	         2.78145	         2.78145	    -2.81398e-07	
         61.5553	         2.77595	         2.77595	     -1.6632e-07	
         61.6412	         2.77036	         2.77036	    -5.66457e-08	
         61.7272	         2.76704	         2.76704	     3.57307e-08	
         61.8132	         2.76732	         2.76732	     1.16859e-07	
         61.8991	         2.77123	         2.77123	     1.93339e-07	
         61.9851	         2.77756	         2.77756	     2.63234e-07	
         62.0711	         2.78459	         2.78459	     3.21153e-07	
         62.1571	         2.79026	         2.79026	     3.52829e-07	
          62.243	         2.79277	         2.79277	     3.46934e-07	
          62.329	         2.79171	         2.79171	     3.02092e-07	
          62.415	         2.78786	         2.78786	     2.09076e-07	
         62.5009	         2.78267	         2.78267	     6.20457e-08	
         62.5869	         2.77806	         2.77806	    -1.19493e-07	
         62.6729	         2.77553	         2.77553	    -2.95569e-07	
         62.7589	          2.7756	          2.7756	    -4.21579e-07	
         62.8448	         2.77807	         2.77807	     -4.6169e-07	
         62.9308	         2.78238	         2.78238	    -4.16626e-07	
         63.0168	         2.78755	         2.78755	    -3.08231e-07	
         63.1027	         2.79274	         2.79274	     -1.7006e-07	
         63.1887	         2.79761	         2.79761	    -4.47839e-08	
         63.2747	          2.8019	          2.8019	     4.01074e-08	
         63.3607	         2.80506	         2.80506	     6.64132e-08	
         63.4466	         2.80667	         2.80667	     5.82476e-08	
         63.5326	          2.8067	          2.8067	     1.77678e-08	
         63.6186	         2.80568	         2.80568	     -6.7865e-08	
         63.7045	         2.80419	         2.80419	    -1.78847e-07	
         63.7905	         2.80267	         2.80267	    -2.89588e-07	
         63.8765	         2.80149	         2.80149	    -3.85431e-07	
         63.9625	         2.80075	         2.80075	     -4.5549e-07	
         64.0484	         2.80022	         2.80022	    -4.91958e-07	
         64.1344	         2.80024	         2.80024	    -4.87136e-07	
         64.2204	         2.80185	         2.80185	    -4.39053e-07	
         64.3063	         2.80573	         2.80573	    -3.64569e-07	
         64.3923	         2.81071	         2.81071	    -3.01691e-07	
         64.4783	         2.81438	         2.81438	    -2.74385e-07	
         64.5642	         2.81529	         2.81529	    -2.73833e-07	
         64.6502	         2.81354	         2.81354	     -2.7483e-07	
         64.7362	         2.80989	         2.80989	    -2.70126e-07	
         64.8222	         2.80574	         2.80574	    -2.61748e-07	
         64.9081	         2.80277	         2.80277	    -2.26687e-07	
         64.9941	         2.80199	         2.80199	    -1.57951e-07	
         65.0801	         2.80304	         2.80304	    -9.12923e-08	
          65.166	         2.80457	         2.80457	    -5.84485e-08	
          65.252	          2.8055	          2.8055	    -5.99947e-08	
          65.338	         2.80535	         2.80535	    -5.77405e-08	
          65.424	         2.80479	         2.80479	     1.06204e-08	
         65.5099	         2.80459	         2.80459	     1.62754e-07	
         65.5959	         2.80531	         2.80531	     3.30703e-07	
         65.6819	         2.80669	         2.80669	     4.25878e-07	
         65.7678	         2.80782	         2.80782	     3.97955e-07	
         65.8538	         2.80808	         2.80808	     2.45339e-07	
         65.9398	          2.8075	          2.8075	     6.39981e-09	
         66.0258	         2.80678	         2.80678	    -2.31596e-07	
         66.1117	         2.80609	         2.80609	    -3.98375e-07	
         66.1977	         2.80496	         2.80496	    -4.80831e-07	
         66.2837	         2.80324	         2.80324	    -5.03736e-07	
         66.3696	         2.80109	         2.80109	    -5.09712e-07	
         66.4556	         2.79877	         2.79877	    -5.17612e-07	
         66.5416	         2.79646	         2.79646	    -5.10198e-07	
         66.6276	         2.79442	         2.79442	    -4.72605e-07	
         66.7135	         2.79289	         2.79289	    -4.06281e-07	
         66.7995	         2.79183	         2.79183	    -3.34093e-07	
         66.8855	         2.79141	         2.79141	    -2.98366e-07	
         66.9714	         2.79188	         2.79188	    -3.23037e-07	
         67.0574	         2.79375	         2.79375	    -4.00249e-07	
         67.1434	         2.79828	         2.79828	    -5.26456e-07	
         67.2294	          2.8061	          2.8061	     -6.8283e-07	
         67.3153	         2.81635	         2.81635	    -8.14888e-07	
         67.4013	         2.82707	         2.82707	    -9.08809e-07	
         67.4873	         2.83589	         2.83589	    -9.90575e-07	
         67.5732	         2.84101	         2.84101	    -1.05474e-06	
         67.6592	         2.84181	         2.84181	    -1.06654e-06	
         67.7452	         2.83878	         2.83878	    -1.00087e-06	
         67.8311	         2.83319	          2.8332	    -8.74384e-07	
         67.9171	         2.82699	         2.82699	    -7.06657e-07	
         68.0031	         2.82169	         2.82169	    -5.51718e-07	
         68.0891	         2.81741	         2.81741	    -4.56711e-07	
          68.175	         2.81392	         2.81392	    -4.38614e-07	
          68.261	         2.81133	         2.81133	    -4.70588e-07	
          68.347	         2.81014	         2.81014	    -5.14996e-07	
         68.4329	         2.81057	         2.81057	    -5.17631e-07	
         68.5189	         2.81183	         2.81183	    -4.77427e-07	
         68.6049	         2.81258	         2.81258	    -4.54485e-07	
         68.6909	         2.81106	         2.81106	    -4.67706e-07	
         68.7768	         2.80638	         2.80638	    -5.15727e-07	
         68.8628	         2.79923	         2.79923	    -5.60049e-07	
         68.9488	          2.7914	          2.7914	    -5.87476e-07	
         69.0347	         2.78522	         2.78522	    -5.95228e-07	
         69.1207	         2.78236	         2.78236	    -5.89784e-07	
         69.2067	          2.7825	          2.7825	    -5.90244e-07	
         69.2927	         2.78451	         2.78451	    -6.12791e-07	
         69.3786	         2.78752	         2.78752	    -6.61568e-07	
         69.4646	         2.79175	         2.79175	     -7.2369e-07	
         69.5506	         2.79805	         2.79805	    -7.48065e-07	
         69.6365	         2.80688	         2.80688	    -6.95042e-07	
         69.7225	         2.81721	         2.81721	    -5.99399e-07	
         69.8085	         2.82669	         2.82669	    -4.87878e-07	
         69.8945	         2.83319	         2.83319	    -3.85527e-07	
         69.9804	         2.83543	         2.83543	    -3.22486e-07	
         70.0664	         2.83358	         2.83358	    -2.92805e-07	
         70.1524	         2.82889	         2.82889	    -2.96114e-07	
         70.2383	         2.82265	         2.82265	    -3.14151e-07	
         70.3243	         2.81617	         2.81617	    -3.07878e-07	
         70.4103	         2.81077	         2.81077	    -2.68907e-07	
         70.4962	         2.80748	         2.80748	    -2.14177e-07	
         70.5822	         2.80675	         2.80675	    -1.71993e-07	
         70.6682	         2.80819	         2.80819	    -1.60677e-07	
         70.7542	         2.81112	         2.81112	    -1.81097e-07	
         70.8401	         2.81452	         2.81452	    -2.34539e-07	
         70.9261	          2.8175	          2.8175	      -2.972e-07	
         71.0121	         2.81957	         2.81957	    -3.45577e-07	
          71.098	         2.82045	         2.82045	    -3.81176e-07	
          71.184	          2.8202	         2.82021	     -4.0233e-07	
           71.27	         2.81957	         2.81957	    -4.05809e-07	
          71.356	         2.81965	         2.81965	    -3.81874e-07	
         71.4419	         2.82179	         2.82179	    -3.23068e-07	
         71.5279	         2.82674	         2.82674	    -2.55032e-07	
         71.6139	         2.83361	         2.83361	    -1.85143e-07	
         71.6998	         2.84051	         2.84051	     -1.0896e-07	
         71.7858	         2.84494	         2.84494	    -3.26586e-08	
         71.8718	         2.84473	         2.84473	     1.97478e-08	
         71.9578	         2.83948	         2.83948	     3.99737e-08	
         72.0437	         2.83104	         2.83104	     2.05271e-08	
         72.1297	         2.82209	         2.82209	    -7.14238e-08	
         72.2157	         2.81445	         2.81445	    -2.19528e-07	
         72.3016	         2.80894	         2.80894	    -3.76084e-07	
         72.3876	         2.80565	         2.80565	    -5.20373e-07	
         72.4736	         2.80425	         2.80425	    -6.42085e-07	
         72.5596	         2.80477	         2.80477	    -7.45153e-07	
         72.6455	          2.8076	          2.8076	    -8.30993e-07	
         72.7315	         2.81299	         2.81299	    -8.82677e-07	
         72.8175	         2.82059	         2.82059	    -8.76704e-07	
         72.9034	          2.8291	          2.8291	    -7.97719e-07	
         72.9894	         2.83663	         2.83663	    -6.48999e-07	
         73.0754	         2.84185	         2.84185	    -4.53385e-07	
         73.1614	         2.84417	         2.84417	    -2.74014e-07	
         73.2473	         2.84359	         2.84359	    -1.58479e-07	
         73.3333	         2.84051	         2.84051	    -1.24859e-07	
         73.4193	         2.83555	         2.83555	     -1.7246e-07	
         73.5052	         2.82932	         2.82932	    -2.67438e-07	
         73.5912	         2.82242	         2.82242	    -3.81012e-07	
         73.6772	          2.8157	          2.8157	    -4.92089e-07	
         73.7631	         2.81045	         2.81045	    -5.76481e-07	
         73.8491	         2.80807	         2.80807	    -6.11177e-07	
         73.9351	         2.80895	         2.80895	    -5.79409e-07	
         74.0211	         2.81224	         2.81224	    -4.75416e-07	
          74.107	         2.81673	         2.81673	     -3.1323e-07	
          74.193	         2.82106	         2.82106	    -1.43871e-07	
          74.279	         2.82393	         2.82393	    -1.59046e-08	
         74.3649	         2.82497	         2.82497	     8.19625e-08	
         74.4509	          2.8252	          2.8252	     1.72032e-07	
         74.5369	         2.82587	         2.82587	     2.85594e-07	
         74.6229	          2.8277	          2.8277	     4.18934e-07	
         74.7088	         2.82982	         2.82982	     5.49242e-07	
         74.7948	         2.83041	         2.83041	     6.38972e-07	
         74.8808	         2.82869	         2.82869	     6.49431e-07	
         74.9667	         2.82548	         2.82548	     5.61858e-07	
         75.0527	         2.82192	         2.82192	     4.27352e-07	
         75.1387	         2.81941	         2.81941	     3.05168e-07	
         75.2247	         2.81916	         2.81916	      2.0284e-07	
         75.3106	         2.82116	         2.82116	      1.4759e-07	
         75.3966	         2.82417	         2.82417	     1.14165e-07	
         75.4826	         2.82699	         2.82699	     8.49161e-08	
         75.5685	         2.82951	         2.82951	     5.73853e-08	
         75.6545	          2.8318	          2.8318	     4.11649e-08	
         75.7405	         2.83365	         2.83365	     3.70949e-08	
         75.8265	         2.83459	         2.83459	     3.38066e-08	
         75.9124	         2.83429	         2.83429	     1.56371e-08	
         75.9984	         2.83255	         2.83255	    -2.89821e-08	
         76.0844	          2.8293	          2.8293	     -7.9929e-08	
         76.1703	         2.82522	         2.82522	    -9.31166e-08	
         76.2563	         2.82173	         2.82173	    -5.85885e-08	
         76.3423	         2.82019	         2.82019	     1.04974e-08	
         76.4283	         2.82119	         2.82119	     1.16621e-07	
         76.5142	         2.82388	         2.82388	     2.43188e-07	
         76.6002	         2.82663	         2.82663	     3.54766e-07	
         76.6862	         2.82867	         2.82867	     4.24667e-07	
         76.7721	          2.8303	          2.8303	      4.6494e-07	
         76.8581	         2.83168	         2.83168	     4.96907e-07	
         76.9441	         2.83259	         2.83259	     5.42646e-07	
           77.03	         2.83245	         2.83245	     5.74533e-07	
          77.116	         2.83056	         2.83056	     5.51083e-07	
          77.202	         2.82681	         2.82681	     4.62529e-07	
          77.288	         2.82206	         2.82206	     3.37364e-07	
         77.3739	         2.81767	         2.81766	     2.45154e-07	
         77.4599	         2.81409	         2.81409	     2.52666e-07	
         77.5459	         2.81132	         2.81132	     3.70973e-07	
         77.6318	         2.80928	         2.80928	     5.35342e-07	
         77.7178	         2.80818	         2.80818	     6.45233e-07	
         77.8038	          2.8082	          2.8082	     6.34391e-07	
         77.8898	         2.80884	         2.80884	     5.20266e-07	
         77.9757	          2.8091	         2.80909	     3.85561e-07	
         78.0617	          2.8085	          2.8085	     2.74724e-07	
         78.1477	          2.8073	          2.8073	     1.84397e-07	
