        0.107468	      0.00814854	      0.00811095	     3.75913e-05	
        0.214937	       0.0260353	       0.0259298	     0.000105448	
        0.322405	       0.0546034	       0.0544208	      0.00018267	
        0.429874	       0.0959037	       0.0956384	     0.000265378	
        0.537342	        0.148619	        0.148269	     0.000350158	
        0.644811	         0.21022	        0.209784	     0.000436139	
        0.752279	        0.280235	        0.279694	     0.000540973	
        0.859748	        0.359771	        0.359074	     0.000696943	
        0.967216	        0.448324	        0.447413	     0.000910859	
         1.07468	        0.541966	        0.540838	      0.00112817	
         1.18215	        0.634264	        0.633024	      0.00123955	
         1.28962	        0.718681	        0.717556	       0.0011247	
         1.39709	        0.790811	        0.790104	      0.00070651	
         1.50456	        0.849471	        0.849477	    -6.54173e-06	
         1.61203	        0.896511	        0.897419	    -0.000907837	
          1.7195	        0.935662	         0.93748	     -0.00181796	
         1.82696	        0.971026	        0.973568	      -0.0025416	
         1.93443	         1.00575	         1.00868	     -0.00293202	
          2.0419	         1.04107	         1.04402	     -0.00295877	
         2.14937	         1.07607	         1.07878	     -0.00271674	
         2.25684	         1.10845	         1.11079	     -0.00233944	
         2.36431	         1.13594	         1.13784	     -0.00190717	
         2.47177	         1.15745	         1.15891	     -0.00146212	
         2.57924	         1.17387	         1.17492	     -0.00104624	
         2.68671	         1.18718	         1.18796	    -0.000782864	
         2.79418	          1.1989	          1.1997	    -0.000801177	
         2.90165	         1.20961	         1.21069	     -0.00108087	
         3.00912	         1.21918	         1.22063	     -0.00145688	
         3.11658	          1.2274	         1.22918	     -0.00177533	
         3.22405	         1.23466	         1.23666	     -0.00200674	
         3.33152	          1.2422	         1.24442	     -0.00221335	
         3.43899	         1.25183	         1.25432	        -0.00249	
         3.54646	         1.26529	         1.26818	     -0.00289023	
         3.65393	         1.28415	         1.28748	     -0.00333242	
          3.7614	         1.30953	          1.3132	     -0.00366772	
         3.86886	         1.34219	         1.34597	      -0.0037746	
         3.97633	         1.38135	         1.38509	     -0.00373899	
          4.0838	         1.42444	          1.4282	     -0.00375704	
         4.19127	          1.4676	         1.47148	     -0.00388379	
         4.29874	         1.50643	          1.5105	      -0.0040775	
         4.40621	         1.53784	         1.54213	     -0.00429038	
         4.51367	         1.56164	         1.56611	     -0.00447003	
         4.62114	         1.58033	         1.58487	     -0.00453637	
         4.72861	         1.59756	         1.60209	     -0.00452894	
         4.83608	         1.61327	         1.61804	     -0.00477508	
         4.94355	         1.62422	         1.62973	     -0.00551571	
         5.05102	         1.62962	         1.63616	     -0.00654872	
         5.15849	         1.63348	         1.64099	     -0.00751206	
         5.26595	         1.64206	          1.6502	     -0.00814373	
         5.37342	         1.65948	         1.66759	     -0.00810893	
         5.48089	         1.68652	         1.69366	     -0.00713906	
         5.58836	         1.71809	          1.7238	     -0.00571008	
         5.69583	         1.74858	         1.75281	     -0.00422963	
          5.8033	         1.77375	         1.77689	     -0.00313678	
         5.91076	         1.79085	         1.79346	     -0.00260794	
         6.01823	         1.80018	         1.80266	      -0.0024849	
          6.1257	         1.80487	         1.80732	     -0.00245358	
         6.23317	         1.80864	         1.81103	     -0.00238864	
         6.34064	         1.81335	          1.8159	     -0.00254841	
         6.44811	         1.81853	         1.82192	     -0.00338271	
         6.55557	         1.82432	         1.82919	     -0.00487481	
         6.66304	         1.83171	         1.83815	       -0.006439	
         6.77051	         1.84001	         1.84747	     -0.00746754	
         6.87798	         1.84815	         1.85575	     -0.00760432	
         6.98545	         1.85548	         1.86243	     -0.00695056	
         7.09292	          1.8612	         1.86701	     -0.00581078	
         7.20039	         1.86521	          1.8697	     -0.00448087	
         7.30785	         1.86681	         1.87011	     -0.00330141	
         7.41532	         1.86458	         1.86729	     -0.00271143	
         7.52279	         1.85874	         1.86156	     -0.00281698	
         7.63026	         1.85273	         1.85587	     -0.00313924	
         7.73773	         1.84943	          1.8528	     -0.00336366	
          7.8452	         1.84697	          1.8508	     -0.00382468	
         7.95266	         1.84365	         1.84781	     -0.00416206	
         8.06013	         1.83966	         1.84375	     -0.00409542	
          8.1676	         1.83456	         1.83834	      -0.0037704	
         8.27507	         1.82985	         1.83385	      -0.0040009	
         8.38254	         1.82597	         1.83023	     -0.00426793	
         8.49001	         1.82109	         1.82551	     -0.00442469	
         8.59748	         1.81531	         1.81968	     -0.00436854	
         8.70494	         1.80826	         1.81219	     -0.00393368	
         8.81241	         1.80026	         1.80363	     -0.00337513	
         8.91988	         1.79568	         1.79912	     -0.00344137	
         9.02735	         1.80155	         1.80601	      -0.0044563	
         9.13482	         1.81737	         1.82289	     -0.00551998	
         9.24229	         1.83357	         1.83968	     -0.00610641	
         9.34975	         1.84256	         1.84892	       -0.006359	
         9.45722	         1.84385	         1.85028	      -0.0064283	
         9.56469	         1.84344	         1.84968	     -0.00624374	
         9.67216	         1.84777	         1.85348	     -0.00571229	
         9.77963	         1.85784	         1.86296	     -0.00512266	
          9.8871	         1.86762	          1.8725	     -0.00487864	
         9.99457	         1.86871	          1.8737	     -0.00498941	
          10.102	         1.85613	         1.86131	     -0.00517783	
         10.2095	         1.83215	         1.83731	     -0.00515127	
          10.317	         1.80687	         1.81176	     -0.00489716	
         10.4244	         1.79201	         1.79659	     -0.00458298	
         10.5319	          1.7931	         1.79754	     -0.00444212	
         10.6394	         1.80864	         1.81316	     -0.00452564	
         10.7468	         1.83525	         1.84007	     -0.00482679	
         10.8543	         1.86687	         1.87232	     -0.00545534	
         10.9618	         1.89566	         1.90209	     -0.00642498	
         11.0692	         1.91652	         1.92406	     -0.00753287	
         11.1767	         1.92876	         1.93718	     -0.00842451	
         11.2842	         1.93455	         1.94354	     -0.00899486	
         11.3917	         1.93607	         1.94548	     -0.00941285	
         11.4991	         1.93577	         1.94511	     -0.00934148	
         11.6066	         1.93537	         1.94401	     -0.00864504	
         11.7141	         1.93731	         1.94484	     -0.00753603	
         11.8215	         1.94414	          1.9503	     -0.00616606	
          11.929	         1.95485	         1.95946	     -0.00460609	
         12.0365	         1.96679	         1.96986	     -0.00306521	
         12.1439	         1.97745	         1.97969	     -0.00224323	
         12.2514	         1.98342	          1.9857	     -0.00228793	
         12.3589	         1.98091	           1.984	     -0.00309312	
         12.4663	         1.96909	         1.97404	     -0.00494663	
         12.5738	         1.95181	         1.95941	     -0.00760072	
         12.6813	         1.93689	         1.94706	      -0.0101699	
         12.7887	         1.93062	           1.942	        -0.01138	
         12.8962	         1.93237	         1.94333	      -0.0109665	
         13.0037	         1.93717	         1.94714	     -0.00997465	
         13.1111	         1.94196	         1.95143	     -0.00946953	
         13.2186	          1.9471	         1.95642	     -0.00932243	
         13.3261	         1.95186	         1.96126	     -0.00939708	
         13.4336	         1.95371	          1.9637	     -0.00998864	
          13.541	          1.9496	         1.96084	       -0.011231	
         13.6485	         1.93963	         1.95224	      -0.0126078	
          13.756	         1.92819	         1.94154	      -0.0133442	
         13.8634	         1.92284	          1.9356	      -0.0127519	
         13.9709	         1.92946	         1.94062	      -0.0111629	
         14.0784	         1.94551	         1.95496	     -0.00945695	
         14.1858	         1.96204	         1.96966	     -0.00761999	
         14.2933	         1.97016	         1.97579	     -0.00562786	
         14.4008	         1.96796	         1.97197	     -0.00400511	
         14.5082	         1.96194	         1.96531	     -0.00337084	
         14.6157	         1.96225	         1.96632	     -0.00407126	
         14.7232	         1.97335	         1.97841	     -0.00505916	
         14.8306	          1.9903	         1.99562	     -0.00532096	
         14.9381	         2.00555	         2.01011	     -0.00455878	
         15.0456	         2.01491	         2.01823	     -0.00331955	
         15.1531	         2.01772	         2.01975	     -0.00202747	
         15.2605	         2.01403	         2.01467	    -0.000644852	
          15.368	         2.00454	         2.00387	     0.000668823	
         15.4755	         1.99228	          1.9909	      0.00138597	
         15.5829	         1.98327	         1.98208	      0.00118617	
         15.6904	         1.98273	         1.98316	    -0.000433519	
         15.7979	          1.9902	         1.99264	     -0.00244451	
         15.9053	         2.00015	         2.00431	     -0.00415698	
         16.0128	         2.00857	          2.0141	     -0.00552634	
         16.1203	         2.01377	         2.02006	     -0.00629474	
         16.2277	         2.01478	         2.02051	     -0.00573055	
         16.3352	         2.01092	         2.01448	     -0.00356116	
         16.4427	         2.00207	          2.0027	    -0.000633902	
         16.5501	         1.99001	         1.98832	      0.00168709	
         16.6576	         1.97697	         1.97462	      0.00234393	
         16.7651	          1.9635	         1.96247	      0.00102126	
         16.8725	         1.94978	          1.9509	     -0.00111607	
           16.98	         1.93844	         1.94055	     -0.00211154	
         17.0875	         1.93557	         1.93705	     -0.00147693	
          17.195	         1.94368	         1.94413	     -0.00044857	
         17.3024	         1.95804	         1.95745	     0.000584633	
         17.4099	         1.97219	         1.97088	      0.00131857	
         17.5174	         1.98256	         1.98124	      0.00132427	
         17.6248	          1.9898	         1.98917	     0.000626929	
         17.7323	         1.99655	          1.9973	    -0.000755245	
         17.8398	          2.0047	         2.00732	     -0.00261939	
         17.9472	         2.01371	         2.01809	     -0.00438034	
         18.0547	         2.02112	         2.02712	     -0.00600005	
         18.1622	         2.02588	         2.03346	     -0.00757883	
         18.2696	         2.02788	         2.03671	     -0.00882878	
         18.3771	         2.02775	         2.03708	     -0.00933113	
         18.4846	         2.02659	         2.03573	     -0.00913564	
          18.592	         2.02506	         2.03355	     -0.00849007	
         18.6995	          2.0229	         2.03054	     -0.00764115	
          18.807	         2.02027	         2.02716	     -0.00689092	
         18.9144	         2.01813	         2.02414	     -0.00601031	
         19.0219	         2.01781	         2.02303	     -0.00522146	
         19.1294	         2.02176	         2.02706	     -0.00530548	
         19.2369	         2.03042	         2.03629	     -0.00587132	
         19.3443	         2.03988	         2.04673	     -0.00685574	
         19.4518	         2.04266	         2.05044	     -0.00778114	
         19.5593	         2.03609	         2.04342	     -0.00733416	
         19.6667	         2.02525	         2.02973	      -0.0044836	
         19.7742	         2.01954	         2.01911	     0.000431391	
         19.8817	         2.02413	         2.01962	      0.00450926	
         19.9891	         2.03682	          2.0303	      0.00651545	
         20.0966	         2.05153	         2.04464	      0.00688897	
         20.2041	         2.06287	         2.05704	        0.005824	
         20.3115	         2.06866	         2.06492	      0.00373738	
          20.419	         2.06853	         2.06761	     0.000919108	
         20.5265	         2.06377	         2.06674	     -0.00296652	
         20.6339	         2.05664	         2.06442	     -0.00778302	
         20.7414	         2.04924	          2.0623	      -0.0130639	
         20.8489	         2.04296	         2.06035	      -0.0173909	
         20.9563	         2.03904	         2.05759	      -0.0185477	
         21.0638	         2.03817	         2.05429	      -0.0161246	
         21.1713	         2.04052	         2.05206	      -0.0115404	
         21.2788	         2.04563	          2.0518	     -0.00616553	
         21.3862	         2.05299	         2.05455	     -0.00156454	
         21.4937	         2.06233	         2.06085	      0.00148557	
         21.6012	         2.07071	         2.06775	      0.00295303	
         21.7086	         2.07333	         2.07039	      0.00294181	
         21.8161	          2.0684	         2.06679	      0.00161389	
