        0.085971	      0.00945591	      0.00945169	     4.21372e-06	
        0.171942	       0.0338973	       0.0338816	     1.56866e-05	
        0.257913	        0.072757	       0.0727264	     3.06486e-05	
        0.343884	        0.125128	        0.125085	     4.36592e-05	
        0.429855	         0.18832	         0.18827	     4.92404e-05	
        0.515826	        0.258475	        0.258433	     4.29088e-05	
        0.601797	        0.331696	        0.331673	     2.29516e-05	
        0.687768	        0.404843	         0.40485	    -7.07058e-06	
        0.773739	        0.475735	        0.475772	    -3.74421e-05	
         0.85971	        0.542836	        0.542891	    -5.50059e-05	
        0.945681	        0.604793	        0.604841	    -4.84989e-05	
         1.03165	        0.660234	        0.660247	    -1.34259e-05	
         1.11762	        0.708082	        0.708036	     4.58415e-05	
         1.20359	        0.748295	        0.748177	     0.000117121	
         1.28957	        0.782596	        0.782413	     0.000183857	
         1.37554	        0.814582	        0.814353	     0.000229549	
         1.46151	        0.848827	        0.848585	      0.00024211	
         1.54748	        0.889236	        0.889018	     0.000217215	
         1.63345	        0.937501	        0.937341	     0.000159494	
         1.71942	        0.992577	        0.992495	     8.14368e-05	
         1.80539	         1.05126	         1.05126	     8.11024e-07	
         1.89136	         1.10921	         1.10927	    -6.27391e-05	
         1.97733	         1.16186	         1.16195	     -9.1452e-05	
          2.0633	         1.20509	         1.20516	    -7.29853e-05	
         2.14928	         1.23591	         1.23591	    -2.48322e-06	
         2.23525	         1.25314	         1.25303	     0.000115416	
         2.32122	         1.25798	         1.25771	     0.000264268	
         2.40719	         1.25387	         1.25345	     0.000415866	
         2.49316	         1.24567	         1.24514	     0.000535576	
         2.57913	         1.23824	         1.23764	     0.000593126	
          2.6651	          1.2351	         1.23452	     0.000576177	
         2.75107	         1.23788	         1.23738	      0.00049892	
         2.83704	         1.24644	         1.24605	     0.000396287	
         2.92302	         1.25937	         1.25906	      0.00030725	
         3.00899	         1.27441	         1.27415	     0.000253563	
         3.09496	         1.28896	         1.28873	     0.000230191	
         3.18093	         1.30084	         1.30062	     0.000219985	
          3.2669	         1.30927	         1.30907	      0.00020302	
         3.35287	         1.31564	         1.31548	     0.000161823	
         3.43884	         1.32331	         1.32322	     8.96212e-05	
         3.52481	         1.33653	         1.33653	    -2.52611e-06	
         3.61078	         1.35866	         1.35875	    -8.69786e-05	
         3.69675	         1.39081	         1.39094	    -0.000132446	
         3.78273	         1.43155	         1.43167	    -0.000119262	
          3.8687	         1.47767	         1.47771	    -4.25445e-05	
         3.95467	         1.52509	           1.525	     8.84789e-05	
         4.04064	         1.56982	         1.56956	     0.000254732	
         4.12661	         1.60869	         1.60826	     0.000436443	
         4.21258	         1.63996	         1.63935	     0.000612598	
         4.29855	         1.66344	         1.66268	     0.000755059	
         4.38452	         1.68058	         1.67975	     0.000831152	
         4.47049	         1.69415	         1.69333	     0.000819959	
         4.55646	         1.70747	         1.70672	     0.000743471	
         4.64244	         1.72349	         1.72283	     0.000658156	
         4.72841	         1.74422	         1.74362	     0.000603023	
         4.81438	         1.77042	         1.76985	     0.000577839	
         4.90035	         1.80157	         1.80101	     0.000555647	
         4.98632	         1.83601	          1.8355	     0.000510686	
         5.07229	         1.87131	         1.87089	     0.000422992	
         5.15826	         1.90503	         1.90475	     0.000283711	
         5.24423	         1.93545	         1.93535	     0.000102371	
          5.3302	         1.96186	         1.96197	    -0.000101437	
         5.41618	         1.98455	         1.98486	    -0.000311293	
         5.50215	         2.00467	         2.00518	    -0.000512743	
         5.58812	         2.02376	         2.02445	    -0.000687525	
         5.67409	         2.04312	         2.04394	    -0.000814279	
         5.76006	         2.06327	         2.06416	    -0.000885799	
         5.84603	         2.08406	         2.08498	    -0.000910358	
           5.932	         2.10508	         2.10599	    -0.000908996	
         6.01797	         2.12614	         2.12704	    -0.000898826	
         6.10394	          2.1474	         2.14827	    -0.000870048	
         6.18991	         2.16879	         2.16958	    -0.000798108	
         6.27589	         2.18962	         2.19029	     -0.00066793	
         6.36186	         2.20859	         2.20904	    -0.000452262	
         6.44783	         2.22429	         2.22443	    -0.000142738	
          6.5338	         2.23594	         2.23573	     0.000210237	
         6.61977	         2.24358	         2.24306	     0.000522724	
         6.70574	         2.24765	         2.24693	     0.000724539	
         6.79171	         2.24864	         2.24785	     0.000789287	
         6.87768	         2.24721	         2.24648	     0.000731967	
         6.96365	         2.24455	         2.24394	     0.000613523	
         7.04962	         2.24187	         2.24135	     0.000517922	
          7.1356	         2.23981	         2.23932	     0.000482044	
         7.22157	         2.23833	         2.23785	     0.000485227	
         7.30754	         2.23749	           2.237	     0.000485776	
         7.39351	         2.23802	         2.23756	     0.000468961	
         7.47948	         2.24103	         2.24061	     0.000423628	
         7.56545	         2.24672	         2.24638	     0.000338074	
         7.65142	         2.25383	         2.25363	     0.000200469	
         7.73739	         2.26039	         2.26036	     2.96677e-05	
         7.82336	         2.26493	         2.26503	    -0.000109116	
         7.90934	         2.26728	         2.26742	    -0.000138437	
         7.99531	         2.26862	         2.26866	    -4.07269e-05	
         8.08128	         2.27051	         2.27038	     0.000128874	
         8.16725	         2.27392	         2.27359	     0.000325688	
         8.25322	         2.27868	         2.27817	     0.000518278	
         8.33919	         2.28377	         2.28311	     0.000661903	
         8.42516	          2.2883	          2.2876	     0.000705517	
         8.51113	          2.2923	         2.29167	      0.00063132	
          8.5971	         2.29655	         2.29608	     0.000463787	
         8.68307	          2.3018	          2.3015	     0.000294777	
         8.76905	         2.30844	         2.30819	     0.000254167	
         8.85502	         2.31673	          2.3163	     0.000431876	
         8.94099	          2.3267	         2.32588	       0.0008237	
         9.02696	         2.33782	         2.33648	      0.00134124	
         9.11293	          2.3489	         2.34705	      0.00185083	
          9.1989	         2.35869	         2.35646	      0.00222736	
         9.28487	         2.36664	         2.36419	      0.00245467	
         9.37084	         2.37318	         2.37062	      0.00256726	
         9.45681	         2.37911	         2.37653	      0.00258321	
         9.54279	         2.38501	         2.38253	      0.00247929	
         9.62876	         2.39104	         2.38882	      0.00221937	
         9.71473	         2.39706	         2.39526	      0.00179255	
          9.8007	         2.40301	         2.40178	      0.00122828	
         9.88667	         2.40919	          2.4086	     0.000587831	
         9.97264	         2.41603	         2.41608	    -5.26943e-05	
         10.0586	         2.42355	         2.42419	    -0.000642625	
         10.1446	         2.43138	         2.43255	     -0.00116858	
         10.2306	         2.43941	         2.44103	     -0.00161311	
         10.3165	         2.44795	         2.44987	     -0.00192206	
         10.4025	         2.45729	         2.45931	     -0.00202072	
         10.4885	         2.46726	         2.46912	     -0.00186182	
         10.5744	         2.47696	          2.4784	     -0.00143702	
         10.6604	         2.48517	         2.48593	    -0.000765458	
         10.7464	         2.49069	         2.49064	     4.70241e-05	
         10.8324	         2.49259	          2.4918	     0.000787185	
         10.9183	         2.48999	         2.48878	      0.00121116	
         11.0043	         2.48298	         2.48176	      0.00121783	
         11.0903	         2.47304	         2.47217	     0.000867851	
         11.1762	         2.46277	         2.46242	     0.000351041	
         11.2622	         2.45535	         2.45542	    -7.12952e-05	
         11.3482	         2.45368	          2.4539	    -0.000225246	
         11.4341	         2.45872	         2.45884	    -0.000115147	
         11.5201	          2.4682	         2.46803	     0.000169292	
         11.6061	         2.47838	         2.47789	     0.000490465	
         11.6921	         2.48635	         2.48561	     0.000748534	
          11.778	         2.49111	          2.4902	     0.000910096	
          11.864	         2.49276	          2.4918	     0.000962714	
           11.95	         2.49134	         2.49041	     0.000928101	
         12.0359	         2.48674	         2.48588	     0.000852147	
         12.1219	         2.47899	         2.47822	     0.000770299	
         12.2079	         2.46889	         2.46815	     0.000734927	
         12.2939	         2.45837	         2.45757	     0.000807661	
         12.3798	         2.44982	         2.44878	      0.00103548	
         12.4658	          2.4454	         2.44402	      0.00137578	
         12.5518	         2.44604	         2.44442	      0.00161879	
         12.6377	         2.45084	          2.4492	      0.00163953	
         12.7237	         2.45799	         2.45652	      0.00147232	
         12.8097	         2.46528	         2.46413	      0.00114759	
         12.8957	         2.47058	         2.46986	     0.000720223	
         12.9816	         2.47291	         2.47261	     0.000299932	
         13.0676	          2.4726	         2.47262	    -2.68772e-05	
         13.1536	         2.47097	         2.47121	    -0.000245043	
         13.2395	         2.46956	         2.46995	    -0.000393098	
         13.3255	         2.46963	         2.47016	    -0.000528591	
         13.4115	         2.47192	         2.47261	    -0.000689553	
         13.4975	         2.47671	         2.47752	    -0.000806723	
         13.5834	         2.48352	         2.48436	    -0.000843426	
         13.6694	          2.4913	         2.49213	     -0.00082841	
         13.7554	         2.49922	         2.49994	    -0.000719567	
         13.8413	           2.507	         2.50747	    -0.000467936	
         13.9273	         2.51525	         2.51533	    -8.46156e-05	
         14.0133	          2.5244	         2.52394	     0.000455869	
         14.0992	         2.53357	         2.53248	      0.00109127	
         14.1852	         2.54155	         2.53994	      0.00161382	
         14.2712	         2.54733	         2.54555	      0.00177787	
         14.3572	         2.55047	         2.54894	      0.00153889	
         14.4431	         2.55118	         2.55018	     0.000999925	
         14.5291	         2.55018	         2.54989	     0.000291365	
         14.6151	         2.54868	         2.54913	     -0.00045208	
          14.701	          2.5477	         2.54871	     -0.00101297	
          14.787	          2.5475	         2.54876	      -0.0012619	
          14.873	         2.54723	         2.54845	     -0.00122157	
          14.959	         2.54618	         2.54716	    -0.000979167	
         15.0449	         2.54452	         2.54516	    -0.000639816	
         15.1309	         2.54303	         2.54331	     -0.00027479	
         15.2169	         2.54242	         2.54237	     5.71409e-05	
         15.3028	         2.54338	         2.54304	     0.000337005	
         15.3888	         2.54685	         2.54626	     0.000590049	
         15.4748	         2.55375	         2.55288	     0.000876582	
         15.5608	         2.56408	         2.56285	      0.00123384	
         15.6467	         2.57701	         2.57539	      0.00162071	
         15.7327	         2.59122	         2.58927	      0.00194799	
         15.8187	         2.60477	         2.60261	      0.00215903	
         15.9046	         2.61544	         2.61317	      0.00226982	
         15.9906	         2.62151	         2.61918	      0.00232535	
         16.0766	         2.62204	         2.61968	      0.00236036	
         16.1626	         2.61701	         2.61465	      0.00235851	
         16.2485	         2.60785	         2.60556	      0.00228286	
         16.3345	         2.59692	         2.59486	      0.00206054	
         16.4205	         2.58711	         2.58546	      0.00165716	
         16.5064	         2.58115	         2.58007	      0.00107942	
         16.5924	         2.58027	         2.57971	     0.000557253	
         16.6784	         2.58377	         2.58354	     0.000225425	
         16.7644	          2.5896	         2.58943	     0.000174225	
         16.8503	         2.59556	          2.5952	     0.000354909	
         16.9363	         2.60028	         2.59973	     0.000546688	
         17.0223	         2.60334	         2.60281	     0.000530606	
         17.1082	         2.60522	         2.60499	     0.000225287	
         17.1942	          2.6066	         2.60689	    -0.000295651	
         17.2802	         2.60779	         2.60865	     -0.00086434	
         17.3661	         2.60916	         2.61039	     -0.00122718	
         17.4521	         2.61076	         2.61206	     -0.00129724	
         17.5381	         2.61258	         2.61365	     -0.00106388	
         17.6241	         2.61477	         2.61538	    -0.000616577	
           17.71	         2.61754	         2.61768	    -0.000142654	
          17.796	         2.62068	          2.6204	     0.000280682	
          17.882	         2.62378	         2.62303	     0.000746906	
         17.9679	         2.62669	         2.62536	      0.00133091	
         18.0539	         2.62926	         2.62723	      0.00203171	
         18.1399	         2.63079	          2.6281	      0.00268758	
         18.2259	         2.63012	         2.62709	      0.00302862	
         18.3118	         2.62677	         2.62381	      0.00296467	
         18.3978	         2.62149	         2.61878	      0.00270714	
         18.4838	          2.6158	         2.61345	      0.00235361	
         18.5697	         2.61165	         2.60975	       0.0018949	
         18.6557	         2.61044	         2.60899	      0.00144509	
         18.7417	         2.61216	         2.61115	      0.00101522	
         18.8277	         2.61634	         2.61577	     0.000571089	
         18.9136	           2.622	         2.62184	     0.000158606	
         18.9996	         2.62797	         2.62818	    -0.000208689	
         19.0856	         2.63309	         2.63368	    -0.000584904	
         19.1715	          2.6373	         2.63826	    -0.000960981	
         19.2575	         2.64108	         2.64237	     -0.00128607	
         19.3435	         2.64482	         2.64636	     -0.00153705	
         19.4295	         2.64877	         2.65044	     -0.00166872	
         19.5154	         2.65293	          2.6545	     -0.00156883	
         19.6014	         2.65709	          2.6584	     -0.00130305	
         19.6874	         2.66102	         2.66206	     -0.00104037	
         19.7733	         2.66445	         2.66526	    -0.000818384	
         19.8593	         2.66668	         2.66731	      -0.0006276	
         19.9453	         2.66682	          2.6672	    -0.000378292	
         20.0313	         2.66401	         2.66399	     2.10785e-05	
         20.1172	         2.65795	          2.6574	      0.00055592	
         20.2032	         2.64959	         2.64849	      0.00109823	
         20.2892	         2.64115	          2.6396	      0.00155032	
         20.3751	         2.63511	         2.63322	      0.00189185	
         20.4611	         2.63318	         2.63116	      0.00201766	
         20.5471	          2.6358	         2.63379	      0.00200929	
          20.633	         2.64175	         2.63977	      0.00198102	
          20.719	         2.64904	         2.64704	      0.00200701	
          20.805	         2.65576	         2.65369	      0.00206995	
          20.891	          2.6607	         2.65853	      0.00216768	
         20.9769	         2.66341	         2.66112	      0.00228948	
         21.0629	         2.66363	         2.66119	      0.00243706	
         21.1489	         2.66175	         2.65922	       0.0025276	
         21.2348	         2.65914	         2.65672	      0.00241956	
         21.3208	         2.65712	         2.65497	      0.00215432	
         21.4068	         2.65641	         2.65475	      0.00166061	
         21.4928	         2.65762	         2.65654	      0.00108081	
         21.5787	         2.66131	         2.66067	     0.000638643	
         21.6647	         2.66723	         2.66685	     0.000379651	
         21.7507	         2.67465	         2.67447	     0.000188725	
         21.8366	         2.68308	         2.68309	    -1.00295e-05	
         21.9226	         2.69201	         2.69217	    -0.000163899	
         22.0086	         2.70048	         2.70069	    -0.000209786	
         22.0946	          2.7072	         2.70735	    -0.000148522	
         22.1805	         2.71162	         2.71146	     0.000169107	
         22.2665	         2.71448	         2.71377	     0.000709931	
         22.3525	         2.71684	         2.71561	       0.0012377	
         22.4384	         2.71911	         2.71747	      0.00164594	
         22.5244	         2.72045	         2.71847	      0.00198234	
         22.6104	         2.71976	          2.7175	      0.00226045	
         22.6964	           2.717	         2.71462	      0.00237381	
         22.7823	         2.71342	         2.71112	      0.00229603	
         22.8683	         2.71075	          2.7086	      0.00214471	
         22.9543	          2.7099	         2.70791	      0.00199501	
         23.0402	         2.71128	         2.70927	      0.00201452	
         23.1262	         2.71439	         2.71237	      0.00202384	
         23.2122	         2.71784	         2.71588	      0.00195985	
         23.2982	         2.71989	         2.71799	      0.00190728	
         23.3841	         2.71917	         2.71733	      0.00184262	
         23.4701	         2.71499	         2.71329	      0.00169923	
         23.5561	          2.7081	         2.70658	      0.00152222	
          23.642	         2.70075	         2.69943	      0.00131901	
          23.728	         2.69575	          2.6947	      0.00104858	
          23.814	         2.69467	           2.694	     0.000676524	
         23.8999	         2.69638	         2.69611	     0.000268986	
         23.9859	          2.6984	         2.69836	     4.42184e-05	
         24.0719	         2.69902	         2.69878	     0.000232243	
         24.1579	         2.69809	         2.69726	     0.000828519	
         24.2438	         2.69695	         2.69545	      0.00150471	
         24.3298	         2.69709	           2.695	      0.00209055	
         24.4158	         2.69865	         2.69595	      0.00270349	
         24.5017	         2.69994	         2.69655	       0.0033919	
         24.5877	         2.69867	          2.6946	      0.00407069	
         24.6737	         2.69385	         2.68928	      0.00457617	
         24.7597	         2.68697	         2.68228	      0.00468735	
         24.8456	         2.68126	         2.67698	      0.00427966	
         24.9316	         2.67977	         2.67624	      0.00353096	
         25.0176	         2.68401	         2.68119	      0.00282198	
         25.1035	         2.69303	         2.69051	      0.00251872	
         25.1895	         2.70413	         2.70144	      0.00269295	
         25.2755	         2.71461	         2.71154	      0.00307088	
         25.3615	         2.72276	         2.71951	      0.00324515	
         25.4474	         2.72823	         2.72509	      0.00314211	
         25.5334	         2.73179	         2.72886	      0.00293447	
         25.6194	         2.73444	         2.73158	      0.00286034	
         25.7053	         2.73633	         2.73333	      0.00299507	
         25.7913	         2.73712	         2.73391	      0.00321715	
         25.8773	         2.73662	         2.73327	      0.00335374	
         25.9633	         2.73474	         2.73137	      0.00336574	
         26.0492	         2.73163	         2.72836	      0.00326689	
         26.1352	          2.7279	         2.72459	      0.00330771	
         26.2212	         2.72401	         2.72025	       0.0037601	
         26.3071	         2.72022	         2.71566	      0.00455849	
         26.3931	         2.71645	         2.71101	      0.00543506	
         26.4791	         2.71224	         2.70623	      0.00600471	
         26.5651	         2.70749	         2.70144	      0.00604558	
          26.651	         2.70247	         2.69679	      0.00567676	
          26.737	          2.6976	         2.69247	      0.00512509	
          26.823	         2.69349	         2.68906	      0.00443029	
         26.9089	         2.69085	         2.68728	      0.00357094	
         26.9949	         2.69022	         2.68752	      0.00269303	
         27.0809	         2.69171	         2.68962	      0.00208405	
         27.1668	         2.69521	          2.6933	      0.00191632	
         27.2528	         2.69987	         2.69777	      0.00210077	
         27.3388	         2.70439	         2.70191	      0.00248271	
         27.4248	         2.70797	         2.70513	      0.00284528	
         27.5107	         2.71052	         2.70748	      0.00303748	
         27.5967	         2.71208	           2.709	      0.00308807	
         27.6827	         2.71233	         2.70922	      0.00311042	
         27.7686	         2.71067	         2.70741	      0.00326143	
         27.8546	         2.70683	         2.70321	      0.00362158	
         27.9406	         2.70164	         2.69751	      0.00412146	
         28.0266	         2.69696	         2.69257	      0.00439364	
         28.1125	         2.69474	         2.69065	      0.00408853	
         28.1985	         2.69614	         2.69284	      0.00330722	
         28.2845	         2.70105	         2.69871	      0.00233309	
         28.3704	         2.70803	         2.70647	      0.00156867	
         28.4564	         2.71457	         2.71333	      0.00123551	
         28.5424	         2.71872	         2.71736	      0.00136168	
         28.6284	         2.72031	         2.71851	      0.00179662	
         28.7143	         2.72037	         2.71812	      0.00225094	
         28.8003	         2.72009	         2.71748	      0.00261366	
         28.8863	         2.72005	         2.71706	      0.00299112	
         28.9722	          2.7196	         2.71616	      0.00344249	
         29.0582	         2.71771	         2.71388	      0.00383789	
         29.1442	         2.71394	         2.70987	      0.00407787	
         29.2302	         2.70911	         2.70497	      0.00413881	
         29.3161	         2.70478	         2.70073	      0.00405683	
         29.4021	         2.70252	         2.69854	      0.00397898	
         29.4881	          2.7027	         2.69856	      0.00413753	
          29.574	         2.70415	         2.69957	      0.00458312	
           29.66	         2.70561	         2.70054	      0.00506395	
          29.746	         2.70681	         2.70146	      0.00534973	
         29.8319	          2.7084	         2.70304	      0.00535798	
         29.9179	         2.71121	         2.70611	      0.00509808	
         30.0039	         2.71541	          2.7108	      0.00460557	
         30.0899	         2.72049	         2.71621	      0.00427681	
         30.1758	         2.72594	         2.72148	      0.00445715	
         30.2618	         2.73119	         2.72616	      0.00503013	
         30.3478	         2.73534	         2.72968	      0.00566494	
         30.4337	         2.73763	         2.73146	      0.00617001	
         30.5197	         2.73802	         2.73164	      0.00638357	
         30.6057	         2.73701	         2.73069	      0.00631991	
         30.6917	         2.73528	         2.72917	      0.00611286	
         30.7776	         2.73372	         2.72801	      0.00571478	
         30.8636	         2.73264	         2.72756	      0.00507806	
         30.9496	         2.73195	         2.72775	      0.00419947	
         31.0355	         2.73134	         2.72805	      0.00329491	
         31.1215	         2.73036	         2.72778	      0.00257732	
         31.2075	         2.72878	         2.72663	      0.00214992	
         31.2935	         2.72711	          2.7252	      0.00191104	
         31.3794	          2.7262	          2.7245	      0.00170188	
         31.4654	         2.72702	         2.72558	      0.00143941	
         31.5514	         2.73015	         2.72892	      0.00122701	
         31.6373	         2.73523	         2.73412	      0.00111271	
         31.7233	         2.74104	         2.74004	      0.00100309	
         31.8093	         2.74634	          2.7453	      0.00103754	
         31.8953	         2.75089	         2.74945	      0.00144677	
         31.9812	         2.75461	         2.75252	      0.00209307	
         32.0672	         2.75712	         2.75435	      0.00277248	
         32.1532	         2.75791	         2.75468	      0.00323507	
         32.2391	         2.75641	          2.7531	      0.00331087	
         32.3251	         2.75225	         2.74915	      0.00309524	
         32.4111	         2.74576	         2.74296	      0.00279416	
         32.4971	         2.73795	         2.73548	      0.00247801	
          32.583	         2.73051	         2.72837	      0.00213499	
          32.669	         2.72539	         2.72353	      0.00186329	
          32.755	         2.72323	         2.72157	      0.00166218	
         32.8409	         2.72334	         2.72172	      0.00162109	
         32.9269	          2.7257	         2.72398	      0.00172096	
         33.0129	         2.73105	         2.72911	      0.00194318	
         33.0988	         2.73869	         2.73641	      0.00227889	
         33.1848	          2.7461	         2.74339	       0.0027087	
         33.2708	         2.75115	         2.74792	      0.00323076	
         33.3568	           2.753	         2.74928	      0.00371855	
         33.4427	         2.75214	         2.74794	      0.00420082	
         33.5287	         2.74969	         2.74505	      0.00463561	
         33.6147	         2.74672	         2.74188	      0.00483804	
         33.7006	         2.74426	         2.73954	       0.0047108	
         33.7866	         2.74313	         2.73873	      0.00439366	
         33.8726	         2.74356	         2.73951	      0.00404671	
         33.9586	         2.74483	         2.74122	      0.00361443	
         34.0445	         2.74558	         2.74246	      0.00311627	
         34.1305	         2.74441	         2.74175	       0.0026579	
         34.2165	         2.74071	         2.73853	      0.00218377	
         34.3024	         2.73522	         2.73368	      0.00153612	
         34.3884	         2.72937	         2.72868	     0.000688977	
         34.4744	         2.72408	         2.72437	    -0.000282762	
         34.5604	         2.71986	         2.72115	     -0.00129457	
         34.6463	         2.71779	         2.71992	     -0.00213453	
         34.7323	         2.71931	         2.72182	     -0.00251438	
         34.8183	         2.72472	         2.72703	     -0.00231124	
         34.9042	         2.73277	         2.73433	     -0.00156655	
         34.9902	         2.74105	         2.74152	    -0.000463224	
         35.0762	         2.74735	         2.74666	     0.000695365	
         35.1622	          2.7505	         2.74893	      0.00156446	
         35.2481	         2.75049	         2.74866	      0.00182855	
         35.3341	         2.74844	         2.74701	       0.0014286	
         35.4201	         2.74569	         2.74522	     0.000473184	
          35.506	         2.74364	          2.7442	    -0.000561145	
          35.592	         2.74255	         2.74398	     -0.00143478	
          35.678	         2.74195	         2.74405	     -0.00210199	
          35.764	         2.74141	         2.74414	     -0.00272466	
         35.8499	         2.74043	         2.74394	     -0.00351074	
         35.9359	         2.73888	         2.74331	     -0.00443031	
         36.0219	         2.73719	         2.74249	     -0.00530459	
         36.1078	         2.73595	         2.74171	     -0.00575891	
         36.1938	         2.73549	         2.74094	     -0.00544725	
         36.2798	         2.73561	         2.74003	       -0.004422	
         36.3657	         2.73583	         2.73885	     -0.00301923	
         36.4517	         2.73537	         2.73701	     -0.00164203	
         36.5377	         2.73309	         2.73369	    -0.000603368	
         36.6237	         2.72857	         2.72857	     6.45452e-06	
         36.7096	         2.72267	         2.72248	     0.000187143	
         36.7956	         2.71704	         2.71678	     0.000259921	
         36.8816	         2.71353	           2.713	      0.00053037	
         36.9675	         2.71332	         2.71219	       0.0011259	
         37.0535	          2.7159	         2.71409	      0.00181239	
         37.1395	         2.72005	         2.71766	      0.00239505	
         37.2255	         2.72485	         2.72218	      0.00267165	
         37.3114	         2.73001	         2.72746	      0.00255474	
         37.3974	         2.73533	         2.73309	      0.00224681	
         37.4834	         2.73997	         2.73786	      0.00210105	
         37.5693	         2.74312	         2.74078	      0.00233356	
         37.6553	         2.74483	         2.74191	      0.00292568	
         37.7413	         2.74586	         2.74227	      0.00358636	
         37.8273	         2.74733	         2.74336	      0.00396871	
         37.9132	         2.74981	         2.74604	      0.00376639	
         37.9992	         2.75264	         2.74973	      0.00290199	
         38.0852	         2.75514	          2.7534	      0.00173188	
         38.1711	         2.75725	         2.75657	     0.000675501	
         38.2571	          2.7597	         2.75982	    -0.000126999	
         38.3431	         2.76345	         2.76418	    -0.000725871	
         38.4291	         2.76885	         2.77011	     -0.00126376	
          38.515	         2.77505	          2.7768	     -0.00175391	
          38.601	         2.78066	         2.78263	     -0.00196888	
          38.687	         2.78459	         2.78622	     -0.00163379	
         38.7729	         2.78632	         2.78704	    -0.000723149	
         38.8589	         2.78619	         2.78571	     0.000487903	
         38.9449	         2.78519	         2.78351	      0.00167381	
         39.0309	         2.78416	         2.78163	       0.0025286	
         39.1168	         2.78325	         2.78059	       0.0026612	
         39.2028	         2.78154	         2.77945	      0.00208284	
         39.2888	         2.77879	         2.77771	      0.00107739	
         39.3747	         2.77618	          2.7761	     8.47703e-05	
         39.4607	         2.77512	         2.77586	    -0.000735473	
         39.5467	          2.7755	         2.77702	     -0.00151601	
         39.6326	         2.77637	          2.7787	     -0.00233146	
         39.7186	         2.77674	         2.77988	      -0.0031449	
         39.8046	         2.77615	         2.78012	     -0.00396512	
         39.8906	         2.77488	         2.77963	     -0.00475129	
         39.9765	         2.77346	         2.77873	     -0.00526994	
         40.0625	         2.77221	         2.77758	     -0.00537806	
         40.1485	         2.77083	         2.77593	     -0.00509757	
         40.2344	          2.7686	         2.77319	     -0.00458355	
         40.3204	         2.76504	           2.769	     -0.00395865	
         40.4064	         2.76005	          2.7635	     -0.00344783	
         40.4924	         2.75436	         2.75752	     -0.00316448	
         40.5783	         2.74994	          2.7528	     -0.00286321	
         40.6643	         2.74874	         2.75105	     -0.00230584	
         40.7503	          2.7514	         2.75279	     -0.00139513	
         40.8362	         2.75677	         2.75726	    -0.000492861	
         40.9222	         2.76266	         2.76246	     0.000196933	
         41.0082	         2.76724	         2.76672	     0.000520554	
         41.0942	         2.76927	         2.76869	     0.000587174	
         41.1801	         2.76867	         2.76791	       0.0007614	
         41.2661	         2.76649	         2.76511	      0.00137575	
         41.3521	         2.76401	         2.76166	       0.0023551	
          41.438	         2.76191	         2.75891	      0.00300213	
          41.524	         2.76008	         2.75724	      0.00283503	
           41.61	         2.75856	         2.75673	      0.00183767	
          41.696	         2.75826	         2.75805	     0.000205516	
         41.7819	          2.7602	          2.7618	      -0.0015923	
         41.8679	          2.7645	         2.76761	     -0.00310946	
         41.9539	         2.77065	          2.7747	     -0.00404502	
         42.0398	         2.77794	          2.7823	     -0.00435349	
         42.1258	         2.78539	         2.78962	     -0.00422887	
         42.2118	         2.79245	         2.79627	     -0.00381964	
         42.2977	          2.7985	         2.80163	     -0.00312965	
         42.3837	         2.80283	         2.80492	     -0.00208646	
         42.4697	          2.8045	         2.80534	    -0.000834726	
         42.5557	         2.80264	         2.80219	     0.000450316	
         42.6416	         2.79669	         2.79504	      0.00164655	
         42.7276	         2.78692	         2.78445	      0.00246866	
         42.8136	         2.77488	         2.77208	      0.00280588	
         42.8995	         2.76295	         2.76011	      0.00284677	
         42.9855	         2.75368	         2.75072	      0.00296011	
         43.0715	         2.74895	         2.74543	      0.00351586	
         43.1575	         2.74934	         2.74494	      0.00440422	
         43.2434	         2.75396	         2.74869	      0.00527687	
         43.3294	         2.76088	         2.75497	      0.00591369	
         43.4154	         2.76799	         2.76175	      0.00624541	
         43.5013	         2.77378	         2.76746	      0.00632344	
         43.5873	          2.7776	         2.77141	      0.00619124	
         43.6733	         2.77966	         2.77375	      0.00590556	
         43.7593	         2.78034	         2.77477	       0.0055693	
         43.8452	         2.77966	         2.77439	      0.00526864	
         43.9312	          2.7775	         2.77244	      0.00505486	
         44.0172	         2.77374	         2.76876	      0.00497681	
         44.1031	         2.76809	          2.7631	       0.0049907	
         44.1891	          2.7607	         2.75575	      0.00495543	
         44.2751	         2.75282	          2.7481	      0.00471877	
         44.3611	          2.7467	         2.74252	      0.00417355	
          44.447	         2.74445	           2.741	      0.00344708	
          44.533	         2.74678	         2.74426	      0.00252279	
          44.619	         2.75336	         2.75197	      0.00139187	
         44.7049	         2.76336	          2.7634	    -3.84739e-05	
         44.7909	         2.77511	         2.77674	     -0.00163806	
         44.8769	         2.78604	         2.78899	     -0.00294257	
         44.9629	         2.79349	         2.79725	     -0.00376604	
         45.0488	         2.79597	             2.8	     -0.00403305	
         45.1348	         2.79358	         2.79743	     -0.00385497	
         45.2208	         2.78763	         2.79114	     -0.00350702	
         45.3067	         2.78034	          2.7835	     -0.00315117	
         45.3927	         2.77413	         2.77686	     -0.00273194	
         45.4787	         2.77061	         2.77268	      -0.0020641	
         45.5646	         2.77018	         2.77116	     -0.00097781	
         45.6506	         2.77211	         2.77151	     0.000598429	
         45.7366	         2.77511	          2.7725	      0.00260606	
         45.8226	         2.77795	         2.77342	      0.00452835	
         45.9085	         2.77989	          2.7743	      0.00558608	
         45.9945	         2.78093	         2.77553	       0.0053956	
         46.0805	         2.78156	         2.77736	       0.0041954	
         46.1664	         2.78207	         2.77939	      0.00268248	
         46.2524	         2.78184	         2.78023	      0.00161397	
         46.3384	         2.78018	         2.77878	      0.00140005	
         46.4244	         2.77691	         2.77497	      0.00194447	
         46.5103	         2.77255	         2.76962	      0.00292625	
         46.5963	         2.76798	         2.76403	      0.00394954	
         46.6823	         2.76408	         2.75939	      0.00468571	
         46.7682	         2.76138	         2.75611	      0.00526876	
         46.8542	          2.7599	         2.75399	      0.00590168	
         46.9402	         2.75934	         2.75273	      0.00660886	
         47.0262	         2.75908	         2.75204	      0.00703576	
         47.1121	         2.75875	         2.75178	      0.00697274	
         47.1981	         2.75833	         2.75201	      0.00632032	
         47.2841	         2.75762	         2.75271	      0.00491059	
           47.37	         2.75645	         2.75376	       0.0026869	
          47.456	         2.75497	         2.75508	    -0.000111379	
          47.542	         2.75309	         2.75627	     -0.00318075	
          47.628	         2.75034	         2.75645	     -0.00611341	
         47.7139	         2.74664	         2.75517	     -0.00852291	
         47.7999	         2.74244	         2.75261	      -0.0101714	
         47.8859	         2.73845	         2.74954	      -0.0110901	
         47.9718	         2.73571	         2.74702	      -0.0113142	
         48.0578	         2.73514	           2.746	      -0.0108539	
         48.1438	         2.73695	         2.74673	     -0.00977525	
         48.2298	         2.74066	         2.74876	     -0.00809563	
         48.3157	         2.74568	         2.75162	     -0.00594621	
         48.4017	         2.75167	         2.75521	     -0.00353601	
         48.4877	         2.75831	         2.75948	     -0.00116162	
         48.5736	         2.76504	         2.76425	     0.000791142	
         48.6596	         2.77139	         2.76937	      0.00202233	
         48.7456	         2.77709	         2.77472	      0.00236738	
         48.8315	         2.78184	         2.78001	      0.00182947	
         48.9175	         2.78566	         2.78489	     0.000770637	
         49.0035	         2.78884	         2.78946	    -0.000623302	
         49.0895	          2.7918	         2.79411	      -0.0023131	
         49.1754	         2.79465	         2.79871	     -0.00405934	
         49.2614	         2.79709	         2.80271	      -0.0056246	
         49.3474	         2.79851	         2.80541	     -0.00689519	
         49.4333	         2.79886	         2.80644	     -0.00758942	
         49.5193	         2.79853	         2.80583	     -0.00730509	
         49.6053	         2.79785	         2.80383	     -0.00597329	
         49.6913	         2.79703	         2.80086	      -0.0038272	
         49.7772	         2.79597	         2.79728	     -0.00131097	
         49.8632	         2.79415	         2.79324	     0.000911336	
         49.9492	         2.79125	         2.78904	      0.00221826	
         50.0351	         2.78768	         2.78517	      0.00251512	
         50.1211	         2.78423	         2.78206	       0.0021673	
         50.2071	         2.78185	         2.78031	      0.00153962	
         50.2931	         2.78138	         2.78043	     0.000947767	
          50.379	         2.78316	         2.78255	     0.000608764	
          50.465	         2.78687	         2.78642	     0.000450559	
          50.551	         2.79132	         2.79147	    -0.000143048	
         50.6369	         2.79546	         2.79673	     -0.00126608	
         50.7229	         2.79839	         2.80082	     -0.00243006	
         50.8089	         2.79946	         2.80254	     -0.00308364	
         50.8949	         2.79885	         2.80173	     -0.00288294	
         50.9808	         2.79738	         2.79919	     -0.00181074	
         51.0668	         2.79519	         2.79564	    -0.000455533	
         51.1528	         2.79187	         2.79137	     0.000503149	
         51.2387	          2.7869	         2.78599	     0.000905159	
         51.3247	         2.78028	         2.77915	      0.00113044	
         51.4107	         2.77264	         2.77111	      0.00152684	
         51.4967	         2.76457	          2.7625	      0.00206836	
         51.5826	         2.75719	         2.75496	      0.00223017	
         51.6686	         2.75237	         2.75082	      0.00155431	
         51.7546	         2.75131	         2.75094	     0.000371392	
         51.8405	         2.75378	         2.75463	    -0.000847991	
         51.9265	         2.75891	         2.76054	     -0.00163247	
         52.0125	         2.76527	         2.76744	     -0.00216753	
         52.0984	          2.7717	         2.77458	      -0.0028711	
         52.1844	         2.77766	         2.78162	     -0.00396528	
         52.2704	         2.78308	         2.78844	      -0.0053543	
         52.3564	         2.78795	         2.79462	     -0.00666931	
         52.4423	         2.79123	         2.79845	     -0.00721794	
         52.5283	         2.79126	         2.79811	      -0.0068473	
         52.6143	          2.7877	         2.79322	     -0.00551288	
         52.7002	         2.78177	         2.78488	     -0.00310845	
         52.7862	         2.77554	          2.7754	     0.000141715	
         52.8722	         2.77047	          2.7669	      0.00356887	
         52.9582	         2.76717	         2.76064	      0.00653307	
         53.0441	         2.76583	         2.75719	       0.0086403	
         53.1301	         2.76621	         2.75701	      0.00919625	
         53.2161	          2.7681	            2.76	      0.00810106	
          53.302	         2.77178	          2.7661	      0.00567958	
          53.388	         2.77772	         2.77508	      0.00263188	
          53.474	         2.78593	         2.78595	    -1.78534e-05	
           53.56	         2.79515	           2.797	     -0.00185096	
         53.6459	         2.80323	         2.80651	     -0.00328804	
         53.7319	         2.80881	         2.81345	     -0.00463552	
         53.8179	         2.81154	         2.81722	     -0.00568162	
         53.9038	         2.81112	         2.81728	     -0.00616043	
         53.9898	         2.80721	         2.81343	     -0.00622428	
         54.0758	         2.80051	         2.80635	     -0.00584096	
         54.1618	         2.79234	         2.79733	     -0.00499292	
         54.2477	         2.78445	         2.78813	     -0.00367948	
         54.3337	         2.77881	         2.78096	     -0.00214571	
         54.4197	         2.77689	         2.77769	    -0.000797347	
         54.5056	         2.77902	         2.77872	     0.000295632	
         54.5916	         2.78429	         2.78333	     0.000964725	
         54.6776	         2.79123	         2.79036	     0.000869897	
         54.7636	         2.79829	         2.79838	    -8.86374e-05	
         54.8495	         2.80449	         2.80604	     -0.00154469	
         54.9355	         2.80871	         2.81192	     -0.00321038	
         55.0215	         2.80979	         2.81452	     -0.00473441	
         55.1074	         2.80724	         2.81315	      -0.0059143	
         55.1934	         2.80188	         2.80843	     -0.00655104	
         55.2794	         2.79555	         2.80168	     -0.00613351	
         55.3653	         2.78953	          2.7941	     -0.00457557	
         55.4513	         2.78519	          2.7875	     -0.00230127	
         55.5373	         2.78299	         2.78307	    -8.23237e-05	
         55.6233	         2.78204	          2.7803	      0.00173597	
         55.7092	         2.78101	         2.77798	      0.00303674	
         55.7952	         2.77862	         2.77499	      0.00363189	
         55.8812	         2.77465	         2.77137	      0.00328364	
         55.9671	         2.77051	         2.76839	      0.00211359	
         56.0531	         2.76784	          2.7674	     0.000440123	
         56.1391	         2.76773	         2.76905	       -0.001316	
         56.2251	         2.77031	          2.7731	     -0.00279141	
          56.311	         2.77472	         2.77849	     -0.00377371	
          56.397	         2.77974	         2.78394	     -0.00419082	
          56.483	         2.78399	         2.78811	     -0.00411169	
         56.5689	         2.78614	         2.78994	     -0.00380111	
         56.6549	         2.78623	         2.78961	     -0.00337818	
         56.7409	         2.78507	         2.78792	     -0.00285018	
         56.8269	         2.78301	         2.78542	     -0.00241116	
         56.9128	         2.77967	         2.78199	     -0.00232021	
         56.9988	         2.77525	         2.77782	     -0.00256614	
         57.0848	         2.77079	         2.77373	      -0.0029425	
         57.1707	         2.76745	         2.77081	     -0.00336523	
         57.2567	         2.76621	         2.77001	     -0.00379335	
         57.3427	         2.76749	         2.77173	     -0.00424487	
         57.4287	         2.77073	         2.77524	     -0.00450413	
         57.5146	         2.77466	         2.77901	     -0.00434796	
         57.6006	         2.77773	         2.78154	     -0.00380762	
         57.6866	         2.77933	         2.78239	     -0.00306163	
         57.7725	         2.77985	          2.7821	     -0.00225272	
         57.8585	         2.78012	         2.78165	     -0.00153099	
         57.9445	         2.78089	         2.78182	    -0.000929545	
         58.0304	         2.78258	         2.78304	    -0.000463304	
         58.1164	         2.78467	         2.78509	    -0.000423402	
         58.2024	         2.78655	         2.78722	    -0.000665867	
         58.2884	         2.78796	         2.78882	     -0.00086052	
         58.3743	           2.789	         2.79002	     -0.00102099	
         58.4603	         2.78955	         2.79089	     -0.00134215	
         58.5463	         2.78891	         2.79081	     -0.00190331	
         58.6322	         2.78628	         2.78894	     -0.00265237	
         58.7182	         2.78165	         2.78524	     -0.00359661	
         58.8042	         2.77593	         2.78024	     -0.00430906	
         58.8902	         2.77041	         2.77476	     -0.00434597	
         58.9761	         2.76567	         2.76942	     -0.00374717	
         59.0621	         2.76164	         2.76433	     -0.00268355	
         59.1481	         2.75865	         2.76018	     -0.00152779	
          59.234	         2.75735	         2.75757	    -0.000211311	
           59.32	         2.75716	         2.75613	      0.00103301	
          59.406	         2.75698	         2.75523	      0.00175818	
          59.492	         2.75591	         2.75396	      0.00195235	
         59.5779	         2.75364	         2.75191	      0.00172812	
         59.6639	          2.7504	         2.74921	      0.00118906	
         59.7499	         2.74693	         2.74651	      0.00042216	
         59.8358	         2.74456	         2.74492	    -0.000350931	
         59.9218	         2.74451	         2.74544	    -0.000924966	
         60.0078	         2.74692	         2.74785	    -0.000921623	
         60.0938	         2.75195	         2.75233	    -0.000376657	
         60.1797	         2.75949	         2.75919	     0.000305037	
         60.2657	         2.76774	         2.76684	     0.000898502	
         60.3517	         2.77467	         2.77372	     0.000950545	
         60.4376	         2.77917	         2.77888	      0.00029102	
         60.5236	         2.78138	         2.78208	    -0.000697322	
         60.6096	         2.78238	         2.78394	     -0.00156016	
         60.6956	         2.78348	         2.78595	     -0.00247739	
         60.7815	         2.78521	         2.78889	     -0.00367891	
         60.8675	         2.78676	         2.79172	     -0.00495793	
         60.9535	         2.78701	         2.79353	     -0.00652387	
         61.0394	         2.78601	         2.79433	     -0.00832189	
         61.1254	           2.785	         2.79495	     -0.00994952	
         61.2114	         2.78509	         2.79609	      -0.0110019	
         61.2973	         2.78562	          2.7969	      -0.0112729	
         61.3833	         2.78484	         2.79579	      -0.0109583	
         61.4693	         2.78145	         2.79181	      -0.0103594	
         61.5553	         2.77595	         2.78551	       -0.009562	
         61.6412	         2.77036	         2.77905	      -0.0086978	
         61.7272	         2.76704	         2.77485	     -0.00780538	
         61.8132	         2.76732	         2.77413	     -0.00680342	
         61.8991	         2.77123	         2.77687	     -0.00563835	
         61.9851	         2.77756	         2.78225	     -0.00468873	
         62.0711	         2.78459	         2.78893	     -0.00434722	
         62.1571	         2.79026	         2.79497	     -0.00471596	
          62.243	         2.79277	          2.7982	     -0.00542611	
          62.329	         2.79171	         2.79777	     -0.00605291	
          62.415	         2.78786	         2.79422	     -0.00636517	
         62.5009	         2.78267	         2.78899	      -0.0063221	
         62.5869	         2.77806	          2.7839	     -0.00583876	
         62.6729	         2.77553	         2.78057	     -0.00504167	
         62.7589	          2.7756	         2.77978	      -0.0041817	
         62.8448	         2.77807	         2.78126	     -0.00318726	
         62.9308	         2.78238	         2.78418	     -0.00179484	
         63.0168	         2.78755	         2.78772	    -0.000168831	
         63.1027	         2.79274	         2.79148	      0.00126136	
         63.1887	         2.79761	         2.79557	       0.0020402	
         63.2747	          2.8019	         2.79993	      0.00197496	
         63.3607	         2.80506	         2.80407	     0.000986624	
         63.4466	         2.80667	         2.80743	    -0.000758417	
         63.5326	          2.8067	         2.80957	     -0.00287315	
         63.6186	         2.80568	         2.81037	     -0.00468685	
         63.7045	         2.80419	         2.80986	     -0.00566391	
         63.7905	         2.80267	          2.8083	     -0.00562817	
         63.8765	         2.80149	         2.80638	     -0.00489586	
         63.9625	         2.80075	         2.80478	     -0.00403394	
         64.0484	         2.80022	         2.80382	     -0.00360315	
         64.1344	         2.80024	         2.80391	     -0.00367081	
         64.2204	         2.80185	         2.80589	     -0.00403918	
         64.3063	         2.80573	         2.81019	     -0.00446055	
         64.3923	         2.81071	         2.81535	     -0.00464934	
         64.4783	         2.81438	         2.81906	     -0.00468713	
         64.5642	         2.81529	         2.81998	     -0.00468962	
         64.6502	         2.81354	         2.81835	     -0.00480913	
         64.7362	         2.80989	           2.815	     -0.00511229	
         64.8222	         2.80574	         2.81088	     -0.00514318	
         64.9081	         2.80277	         2.80741	     -0.00464356	
         64.9941	         2.80199	         2.80566	     -0.00367473	
         65.0801	         2.80304	         2.80545	     -0.00240591	
          65.166	         2.80457	         2.80561	     -0.00104462	
          65.252	          2.8055	         2.80498	      0.00052362	
          65.338	         2.80535	         2.80338	       0.0019697	
          65.424	         2.80479	         2.80159	      0.00320232	
         65.5099	         2.80459	         2.80059	      0.00400634	
         65.5959	         2.80531	          2.8012	      0.00411001	
         65.6819	         2.80669	         2.80307	      0.00362045	
         65.7678	         2.80782	         2.80497	      0.00285922	
         65.8538	         2.80808	         2.80589	      0.00218662	
         65.9398	          2.8075	         2.80569	      0.00181368	
         66.0258	         2.80678	         2.80471	      0.00206245	
         66.1117	         2.80609	         2.80309	      0.00299405	
         66.1977	         2.80496	          2.8005	      0.00445346	
         66.2837	         2.80324	         2.79713	      0.00611307	
         66.3696	         2.80109	         2.79404	      0.00704902	
         66.4556	         2.79877	         2.79204	      0.00673442	
         66.5416	         2.79646	         2.79128	      0.00518458	
         66.6276	         2.79442	         2.79176	       0.0026535	
         66.7135	         2.79289	         2.79314	     -0.00025744	
         66.7995	         2.79183	         2.79473	     -0.00290253	
         66.8855	         2.79141	         2.79607	     -0.00466281	
         66.9714	         2.79188	          2.7972	     -0.00532393	
         67.0574	         2.79375	         2.79874	     -0.00499472	
         67.1434	         2.79828	         2.80198	      -0.0036987	
         67.2294	          2.8061	         2.80782	     -0.00172194	
         67.3153	         2.81635	         2.81585	     0.000492414	
         67.4013	         2.82707	         2.82473	      0.00233951	
         67.4873	         2.83589	          2.8326	       0.0032884	
         67.5732	         2.84101	         2.83765	      0.00335928	
         67.6592	         2.84181	         2.83909	      0.00271161	
         67.7452	         2.83878	         2.83735	       0.0014271	
         67.8311	         2.83319	         2.83339	    -0.000194184	
         67.9171	         2.82699	         2.82856	     -0.00156886	
         68.0031	         2.82169	         2.82396	      -0.0022665	
         68.0891	         2.81741	         2.81992	     -0.00250998	
          68.175	         2.81392	         2.81639	     -0.00246694	
          68.261	         2.81133	          2.8135	     -0.00217218	
          68.347	         2.81014	         2.81186	     -0.00172191	
         68.4329	         2.81057	         2.81171	      -0.0011355	
         68.5189	         2.81183	         2.81222	    -0.000388556	
         68.6049	         2.81258	         2.81213	     0.000451307	
         68.6909	         2.81106	         2.80955	      0.00151395	
         68.7768	         2.80638	         2.80368	       0.0027006	
         68.8628	         2.79923	         2.79566	      0.00356834	
         68.9488	          2.7914	         2.78748	      0.00392406	
         69.0347	         2.78522	           2.781	      0.00421851	
         69.1207	         2.78236	         2.77755	      0.00481114	
         69.2067	          2.7825	         2.77697	      0.00553119	
         69.2927	         2.78451	         2.77854	      0.00596928	
         69.3786	         2.78752	         2.78175	      0.00576566	
         69.4646	         2.79175	         2.78674	      0.00501087	
         69.5506	         2.79805	         2.79414	      0.00391346	
         69.6365	         2.80688	          2.8038	      0.00307474	
         69.7225	         2.81721	         2.81398	      0.00322576	
         69.8085	         2.82669	         2.82238	      0.00431529	
         69.8945	         2.83319	         2.82717	      0.00601979	
         69.9804	         2.83543	         2.82785	      0.00757058	
         70.0664	         2.83358	         2.82544	       0.0081421	
         70.1524	         2.82889	         2.82135	      0.00754085	
         70.2383	         2.82265	         2.81646	      0.00619751	
         70.3243	         2.81617	         2.81132	      0.00484831	
         70.4103	         2.81077	         2.80671	      0.00406034	
         70.4962	         2.80748	         2.80357	      0.00390539	
         70.5822	         2.80675	         2.80281	      0.00393732	
         70.6682	         2.80819	          2.8044	      0.00378679	
         70.7542	         2.81112	         2.80787	      0.00325206	
         70.8401	         2.81452	          2.8125	      0.00201739	
         70.9261	          2.8175	         2.81735	     0.000152294	
         71.0121	         2.81957	         2.82145	     -0.00187747	
          71.098	         2.82045	         2.82413	     -0.00368124	
          71.184	          2.8202	         2.82525	     -0.00504641	
           71.27	         2.81957	         2.82556	     -0.00598865	
          71.356	         2.81965	         2.82609	     -0.00643915	
         71.4419	         2.82179	         2.82783	     -0.00603885	
         71.5279	         2.82674	         2.83136	     -0.00461656	
         71.6139	         2.83361	         2.83614	     -0.00252894	
         71.6998	         2.84051	         2.84079	    -0.000283585	
         71.7858	         2.84494	         2.84347	       0.0014658	
         71.8718	         2.84473	         2.84279	      0.00193779	
         71.9578	         2.83948	         2.83906	     0.000420313	
         72.0437	         2.83104	         2.83384	     -0.00279845	
         72.1297	         2.82209	         2.82847	     -0.00638414	
         72.2157	         2.81445	         2.82377	     -0.00931903	
         72.3016	         2.80894	         2.81994	      -0.0109971	
         72.3876	         2.80565	         2.81703	      -0.0113803	
         72.4736	         2.80425	          2.8152	      -0.0109561	
         72.5596	         2.80477	         2.81482	      -0.0100497	
         72.6455	          2.8076	         2.81639	     -0.00878876	
         72.7315	         2.81299	         2.82011	     -0.00711673	
         72.8175	         2.82059	         2.82559	     -0.00500057	
         72.9034	          2.8291	         2.83189	     -0.00278682	
         72.9894	         2.83663	         2.83756	    -0.000928742	
         73.0754	         2.84185	         2.84139	     0.000458581	
         73.1614	         2.84417	         2.84306	      0.00111037	
         73.2473	         2.84359	         2.84261	     0.000980686	
         73.3333	         2.84051	         2.84002	     0.000487268	
         73.4193	         2.83555	         2.83547	     7.92409e-05	
         73.5052	         2.82932	         2.82918	     0.000141564	
         73.5912	         2.82242	          2.8219	     0.000525282	
         73.6772	          2.8157	         2.81483	     0.000867204	
         73.7631	         2.81045	         2.80963	     0.000823682	
         73.8491	         2.80807	         2.80804	     2.24066e-05	
         73.9351	         2.80895	         2.81037	       -0.001423	
         74.0211	         2.81224	           2.815	     -0.00275305	
          74.107	         2.81673	         2.81992	     -0.00319012	
          74.193	         2.82106	         2.82368	     -0.00262484	
          74.279	         2.82393	         2.82582	     -0.00188838	
         74.3649	         2.82497	         2.82664	     -0.00167278	
         74.4509	          2.8252	         2.82691	     -0.00170801	
         74.5369	         2.82587	         2.82721	     -0.00133866	
         74.6229	          2.8277	         2.82751	     0.000191405	
         74.7088	         2.82982	         2.82702	      0.00279281	
         74.7948	         2.83041	         2.82481	       0.0056032	
         74.8808	         2.82869	         2.82086	      0.00783264	
         74.9667	         2.82548	         2.81616	      0.00932254	
         75.0527	         2.82192	         2.81201	      0.00990482	
         75.1387	         2.81941	         2.80992	       0.0094832	
         75.2247	         2.81916	         2.81016	       0.0090023	
         75.3106	         2.82116	         2.81202	      0.00913991	
         75.3966	         2.82417	         2.81443	      0.00973835	
         75.4826	         2.82699	         2.81673	       0.0102585	
         75.5685	         2.82951	         2.81943	        0.010076	
         75.6545	          2.8318	         2.82289	      0.00890981	
         75.7405	         2.83365	         2.82655	      0.00710401	
         75.8265	         2.83459	         2.82926	      0.00533164	
         75.9124	         2.83429	         2.83031	      0.00397886	
         75.9984	         2.83255	         2.82959	      0.00295415	
         76.0844	          2.8293	         2.82703	      0.00227689	
         76.1703	         2.82522	         2.82303	      0.00219228	
         76.2563	         2.82173	         2.81903	      0.00270304	
         76.3423	         2.82019	         2.81657	      0.00361486	
         76.4283	         2.82119	          2.8163	      0.00488459	
         76.5142	         2.82388	         2.81749	      0.00639061	
         76.6002	         2.82663	          2.8186	      0.00802758	
         76.6862	         2.82867	           2.819	      0.00967136	
         76.7721	          2.8303	          2.8192	       0.0111086	
         76.8581	         2.83168	         2.81966	       0.0120203	
         76.9441	         2.83259	          2.8204	       0.0121962	
           77.03	         2.83245	         2.82089	       0.0115642	
          77.116	         2.83056	         2.82037	        0.010191	
          77.202	         2.82681	         2.81841	       0.0083943	
          77.288	         2.82206	         2.81546	      0.00659498	
         77.3739	         2.81767	         2.81275	      0.00491478	
         77.4599	         2.81409	         2.81025	      0.00384211	
         77.5459	         2.81132	         2.80752	       0.0038065	
         77.6318	         2.80928	          2.8044	      0.00487996	
         77.7178	         2.80818	         2.80144	      0.00673289	
         77.8038	          2.8082	         2.79932	      0.00888238	
         77.8898	         2.80884	         2.79792	        0.010918	
         77.9757	          2.8091	         2.79656	       0.0125329	
         78.0617	          2.8085	         2.79491	        0.013591	
         78.1477	          2.8073	         2.79336	       0.0139398	
