        0.085971	      0.00945591	       0.0116632	     -0.00220731	
        0.171942	       0.0338973	       0.0415152	     -0.00761782	
        0.257913	        0.072757	       0.0880291	      -0.0152721	
        0.343884	        0.125128	        0.149569	      -0.0244407	
        0.429855	         0.18832	        0.222911	      -0.0345915	
        0.515826	        0.258475	        0.303883	      -0.0454073	
        0.601797	        0.331696	        0.388593	      -0.0568973	
        0.687768	        0.404843	        0.474558	       -0.069715	
        0.773739	        0.475735	        0.561243	      -0.0855081	
         0.85971	        0.542836	        0.649519	       -0.106684	
        0.945681	        0.604793	         0.74003	       -0.135238	
         1.03165	        0.660234	        0.831724	       -0.171491	
         1.11762	        0.708082	        0.921603	       -0.213522	
         1.20359	        0.748295	         1.00585	       -0.257556	
         1.28957	        0.782596	         1.08173	       -0.299131	
         1.37554	        0.814582	         1.14904	        -0.33446	
         1.46151	        0.848827	          1.2103	       -0.361474	
         1.54748	        0.889236	         1.26952	       -0.380281	
         1.63345	        0.937501	         1.33027	       -0.392765	
         1.71942	        0.992577	         1.39396	       -0.401385	
         1.80539	         1.05126	         1.45921	       -0.407958	
         1.89136	         1.10921	         1.52253	       -0.413328	
         1.97733	         1.16186	         1.57977	       -0.417915	
          2.0633	         1.20509	         1.62759	       -0.422496	
         2.14928	         1.23591	         1.66452	       -0.428615	
         2.23525	         1.25314	         1.69145	       -0.438308	
         2.32122	         1.25798	         1.71108	       -0.453104	
         2.40719	         1.25387	          1.7266	       -0.472729	
         2.49316	         1.24567	         1.74019	       -0.494518	
         2.57913	         1.23824	         1.75243	       -0.514192	
          2.6651	          1.2351	         1.76262	       -0.527526	
         2.75107	         1.23788	         1.76968	       -0.531799	
         2.83704	         1.24644	         1.77299	       -0.526549	
         2.92302	         1.25937	         1.77323	       -0.513864	
         3.00899	         1.27441	         1.77256	       -0.498157	
         3.09496	         1.28896	          1.7739	       -0.484935	
         3.18093	         1.30084	         1.77945	       -0.478613	
          3.2669	         1.30927	          1.7897	       -0.480426	
         3.35287	         1.31564	         1.80322	       -0.487584	
         3.43884	         1.32331	         1.81754	       -0.494224	
         3.52481	         1.33653	         1.83021	       -0.493674	
         3.61078	         1.35866	         1.83956	       -0.480898	
         3.69675	         1.39081	         1.84477	       -0.453957	
         3.78273	         1.43155	         1.84559	        -0.41404	
          3.8687	         1.47767	         1.84231	       -0.364638	
         3.95467	         1.52509	         1.83578	       -0.310689	
         4.04064	         1.56982	         1.82748	       -0.257662	
         4.12661	         1.60869	         1.81919	       -0.210496	
         4.21258	         1.63996	         1.81253	       -0.172573	
         4.29855	         1.66344	         1.80854	       -0.145096	
         4.38452	         1.68058	         1.80755	       -0.126976	
         4.47049	         1.69415	         1.80948	       -0.115329	
         4.55646	         1.70747	         1.81388	       -0.106409	
         4.64244	         1.72349	         1.81995	      -0.0964582	
         4.72841	         1.74422	          1.8265	      -0.0822813	
         4.81438	         1.77042	         1.83224	      -0.0618167	
         4.90035	         1.80157	         1.83611	      -0.0345426	
         4.98632	         1.83601	         1.83748	      -0.0014739	
         5.07229	         1.87131	         1.83597	       0.0353378	
         5.15826	         1.90503	         1.83125	       0.0737788	
         5.24423	         1.93545	         1.82324	        0.112209	
          5.3302	         1.96186	          1.8124	        0.149461	
         5.41618	         1.98455	          1.7998	        0.184755	
         5.50215	         2.00467	         1.78686	        0.217809	
         5.58812	         2.02376	         1.77488	        0.248879	
         5.67409	         2.04312	         1.76471	        0.278408	
         5.76006	         2.06327	         1.75665	        0.306624	
         5.84603	         2.08406	         1.75056	        0.333506	
           5.932	         2.10508	         1.74611	        0.358965	
         6.01797	         2.12614	         1.74292	        0.383223	
         6.10394	          2.1474	         1.74064	        0.406763	
         6.18991	         2.16879	         1.73898	        0.429809	
         6.27589	         2.18962	         1.73763	        0.451987	
         6.36186	         2.20859	         1.73625	        0.472336	
         6.44783	         2.22429	         1.73443	         0.48986	
          6.5338	         2.23594	         1.73175	        0.504189	
         6.61977	         2.24358	         1.72797	        0.515609	
         6.70574	         2.24765	         1.72319	        0.524459	
         6.79171	         2.24864	          1.7179	         0.53074	
         6.87768	         2.24721	         1.71266	        0.534553	
         6.96365	         2.24455	          1.7078	        0.536751	
         7.04962	         2.24187	         1.70326	        0.538607	
          7.1356	         2.23981	          1.6989	        0.540911	
         7.22157	         2.23833	         1.69472	        0.543614	
         7.30754	         2.23749	          1.6909	        0.546589	
         7.39351	         2.23802	         1.68758	        0.550441	
         7.47948	         2.24103	         1.68483	        0.556203	
         7.56545	         2.24672	         1.68264	        0.564082	
         7.65142	         2.25383	         1.68089	        0.572936	
         7.73739	         2.26039	         1.67936	        0.581029	
         7.82336	         2.26493	         1.67769	        0.587236	
         7.90934	         2.26728	         1.67559	        0.591687	
         7.99531	         2.26862	         1.67298	        0.595645	
         8.08128	         2.27051	         1.66985	        0.600651	
         8.16725	         2.27392	         1.66615	        0.607769	
         8.25322	         2.27868	         1.66176	        0.616925	
         8.33919	         2.28377	         1.65672	        0.627057	
         8.42516	          2.2883	         1.65128	        0.637021	
         8.51113	          2.2923	         1.64582	        0.646482	
          8.5971	         2.29655	          1.6406	        0.655949	
         8.68307	          2.3018	         1.63569	        0.666114	
         8.76905	         2.30844	         1.63092	         0.67752	
         8.85502	         2.31673	          1.6261	         0.69063	
         8.94099	          2.3267	         1.62113	        0.705569	
         9.02696	         2.33782	         1.61621	        0.721601	
         9.11293	          2.3489	         1.61173	        0.737172	
          9.1989	         2.35869	         1.60803	        0.750656	
         9.28487	         2.36664	         1.60517	        0.761468	
         9.37084	         2.37318	         1.60279	        0.770389	
         9.45681	         2.37911	         1.60042	        0.778688	
         9.54279	         2.38501	         1.59784	        0.787173	
         9.62876	         2.39104	         1.59515	        0.795884	
         9.71473	         2.39706	         1.59264	        0.804416	
          9.8007	         2.40301	         1.59046	        0.812556	
         9.88667	         2.40919	         1.58854	        0.820655	
         9.97264	         2.41603	         1.58663	        0.829401	
         10.0586	         2.42355	         1.58451	        0.839036	
         10.1446	         2.43138	         1.58216	        0.849217	
         10.2306	         2.43941	         1.57979	        0.859623	
         10.3165	         2.44795	         1.57761	        0.870338	
         10.4025	         2.45729	         1.57562	        0.881676	
         10.4885	         2.46726	          1.5736	        0.893653	
         10.5744	         2.47696	          1.5714	        0.905566	
         10.6604	         2.48517	         1.56898	         0.91619	
         10.7464	         2.49069	         1.56641	        0.924283	
         10.8324	         2.49259	         1.56376	         0.92883	
         10.9183	         2.48999	         1.56109	        0.928907	
         11.0043	         2.48298	         1.55842	        0.924556	
         11.0903	         2.47304	         1.55573	        0.917313	
         11.1762	         2.46277	         1.55284	         0.90993	
         11.2622	         2.45535	         1.54961	        0.905737	
         11.3482	         2.45368	         1.54609	        0.907583	
         11.4341	         2.45872	         1.54251	        0.916207	
         11.5201	          2.4682	          1.5391	          0.9291	
         11.6061	         2.47838	         1.53587	        0.942509	
         11.6921	         2.48635	         1.53269	        0.953664	
          11.778	         2.49111	         1.52946	        0.961644	
          11.864	         2.49276	         1.52624	        0.966525	
           11.95	         2.49134	         1.52311	         0.96823	
         12.0359	         2.48674	         1.52011	        0.966625	
         12.1219	         2.47899	         1.51719	        0.961795	
         12.2079	         2.46889	         1.51429	        0.954595	
         12.2939	         2.45837	         1.51138	        0.946999	
         12.3798	         2.44982	         1.50844	        0.941374	
         12.4658	          2.4454	         1.50554	        0.939862	
         12.5518	         2.44604	         1.50273	        0.943307	
         12.6377	         2.45084	         1.50009	        0.950744	
         12.7237	         2.45799	         1.49764	         0.96035	
         12.8097	         2.46528	         1.49534	        0.969939	
         12.8957	         2.47058	         1.49322	        0.977364	
         12.9816	         2.47291	         1.49139	        0.981519	
         13.0676	          2.4726	         1.48993	        0.982662	
         13.1536	         2.47097	         1.48878	        0.982183	
         13.2395	         2.46956	         1.48771	        0.981844	
         13.3255	         2.46963	         1.48661	        0.983016	
         13.4115	         2.47192	         1.48554	        0.986381	
         13.4975	         2.47671	         1.48461	          0.9921	
         13.5834	         2.48352	         1.48378	        0.999738	
         13.6694	          2.4913	         1.48287	         1.00843	
         13.7554	         2.49922	         1.48174	         1.01748	
         13.8413	           2.507	         1.48043	         1.02657	
         13.9273	         2.51525	         1.47912	         1.03613	
         14.0133	          2.5244	         1.47785	         1.04654	
         14.0992	         2.53357	         1.47647	         1.05709	
         14.1852	         2.54155	         1.47476	         1.06679	
         14.2712	         2.54733	         1.47266	         1.07467	
         14.3572	         2.55047	         1.47036	         1.08012	
         14.4431	         2.55118	         1.46807	         1.08311	
         14.5291	         2.55018	          1.4659	         1.08429	
         14.6151	         2.54868	         1.46373	         1.08495	
          14.701	          2.5477	         1.46149	         1.08621	
          14.787	          2.5475	         1.45924	         1.08826	
          14.873	         2.54723	         1.45708	         1.09015	
          14.959	         2.54618	         1.45508	          1.0911	
         15.0449	         2.54452	         1.45321	         1.09132	
         15.1309	         2.54303	         1.45149	         1.09154	
         15.2169	         2.54242	         1.44998	         1.09244	
         15.3028	         2.54338	         1.44863	         1.09475	
         15.3888	         2.54685	          1.4473	         1.09955	
         15.4748	         2.55375	         1.44584	         1.10791	
         15.5608	         2.56408	          1.4443	         1.11978	
         15.6467	         2.57701	         1.44287	         1.13414	
         15.7327	         2.59122	         1.44169	         1.14953	
         15.8187	         2.60477	         1.44067	          1.1641	
         15.9046	         2.61544	         1.43961	         1.17583	
         15.9906	         2.62151	         1.43837	         1.18314	
         16.0766	         2.62204	         1.43704	           1.185	
         16.1626	         2.61701	         1.43574	         1.18126	
         16.2485	         2.60785	         1.43456	         1.17328	
         16.3345	         2.59692	          1.4334	         1.16352	
         16.4205	         2.58711	         1.43212	           1.155	
         16.5064	         2.58115	         1.43062	         1.15053	
         16.5924	         2.58027	         1.42893	         1.15134	
         16.6784	         2.58377	         1.42712	         1.15665	
         16.7644	          2.5896	         1.42529	         1.16431	
         16.8503	         2.59556	         1.42344	         1.17212	
         16.9363	         2.60028	         1.42157	         1.17871	
         17.0223	         2.60334	         1.41966	         1.18368	
         17.1082	         2.60522	         1.41771	         1.18751	
         17.1942	          2.6066	         1.41578	         1.19082	
         17.2802	         2.60779	         1.41394	         1.19385	
         17.3661	         2.60916	         1.41225	         1.19691	
         17.4521	         2.61076	         1.41067	         1.20009	
         17.5381	         2.61258	         1.40907	         1.20351	
         17.6241	         2.61477	         1.40736	         1.20741	
           17.71	         2.61754	         1.40555	         1.21199	
          17.796	         2.62068	         1.40369	         1.21699	
          17.882	         2.62378	         1.40185	         1.22193	
         17.9679	         2.62669	         1.40003	         1.22666	
         18.0539	         2.62926	         1.39821	         1.23105	
         18.1399	         2.63079	         1.39638	         1.23441	
         18.2259	         2.63012	         1.39456	         1.23556	
         18.3118	         2.62677	         1.39276	         1.23401	
         18.3978	         2.62149	         1.39099	          1.2305	
         18.4838	          2.6158	         1.38928	         1.22652	
         18.5697	         2.61165	         1.38774	         1.22391	
         18.6557	         2.61044	         1.38639	         1.22405	
         18.7417	         2.61216	         1.38518	         1.22699	
         18.8277	         2.61634	         1.38396	         1.23238	
         18.9136	           2.622	         1.38267	         1.23932	
         18.9996	         2.62797	         1.38142	         1.24655	
         19.0856	         2.63309	         1.38033	         1.25277	
         19.1715	          2.6373	          1.3794	          1.2579	
         19.2575	         2.64108	         1.37852	         1.26257	
         19.3435	         2.64482	         1.37758	         1.26723	
         19.4295	         2.64877	         1.37659	         1.27218	
         19.5154	         2.65293	         1.37559	         1.27733	
         19.6014	         2.65709	          1.3747	         1.28239	
         19.6874	         2.66102	         1.37399	         1.28703	
         19.7733	         2.66445	         1.37348	         1.29097	
         19.8593	         2.66668	          1.3731	         1.29358	
         19.9453	         2.66682	         1.37277	         1.29405	
         20.0313	         2.66401	         1.37244	         1.29157	
         20.1172	         2.65795	         1.37219	         1.28576	
         20.2032	         2.64959	         1.37215	         1.27744	
         20.2892	         2.64115	         1.37233	         1.26882	
         20.3751	         2.63511	          1.3726	         1.26251	
         20.4611	         2.63318	         1.37276	         1.26042	
         20.5471	          2.6358	         1.37268	         1.26312	
          20.633	         2.64175	         1.37236	         1.26938	
          20.719	         2.64904	         1.37194	         1.27711	
          20.805	         2.65576	         1.37148	         1.28429	
          20.891	          2.6607	         1.37093	         1.28977	
         20.9769	         2.66341	         1.37014	         1.29327	
         21.0629	         2.66363	         1.36899	         1.29464	
         21.1489	         2.66175	         1.36753	         1.29421	
         21.2348	         2.65914	         1.36595	         1.29318	
         21.3208	         2.65712	         1.36439	         1.29273	
         21.4068	         2.65641	         1.36284	         1.29356	
         21.4928	         2.65762	         1.36122	          1.2964	
         21.5787	         2.66131	         1.35949	         1.30182	
         21.6647	         2.66723	         1.35768	         1.30955	
         21.7507	         2.67465	         1.35584	         1.31881	
         21.8366	         2.68308	         1.35398	          1.3291	
         21.9226	         2.69201	         1.35212	         1.33989	
         22.0086	         2.70048	         1.35033	         1.35015	
         22.0946	          2.7072	         1.34866	         1.35854	
         22.1805	         2.71162	         1.34704	         1.36459	
         22.2665	         2.71448	         1.34532	         1.36917	
         22.3525	         2.71684	         1.34344	          1.3734	
         22.4384	         2.71911	         1.34158	         1.37753	
         22.5244	         2.72045	         1.33999	         1.38045	
         22.6104	         2.71976	          1.3387	         1.38106	
         22.6964	           2.717	         1.33744	         1.37956	
         22.7823	         2.71342	         1.33598	         1.37744	
         22.8683	         2.71075	         1.33438	         1.37636	
         22.9543	          2.7099	         1.33296	         1.37694	
         23.0402	         2.71128	         1.33191	         1.37938	
         23.1262	         2.71439	          1.3311	         1.38329	
         23.2122	         2.71784	         1.33023	         1.38761	
         23.2982	         2.71989	         1.32919	          1.3907	
         23.3841	         2.71917	         1.32817	           1.391	
         23.4701	         2.71499	         1.32742	         1.38757	
         23.5561	          2.7081	         1.32695	         1.38115	
          23.642	         2.70075	         1.32653	         1.37422	
          23.728	         2.69575	         1.32599	         1.36976	
          23.814	         2.69467	          1.3254	         1.36927	
         23.8999	         2.69638	         1.32494	         1.37144	
         23.9859	          2.6984	         1.32464	         1.37376	
         24.0719	         2.69902	         1.32435	         1.37467	
         24.1579	         2.69809	          1.3239	         1.37419	
         24.2438	         2.69695	         1.32339	         1.37356	
         24.3298	         2.69709	         1.32298	         1.37411	
         24.4158	         2.69865	         1.32271	         1.37594	
         24.5017	         2.69994	         1.32246	         1.37748	
         24.5877	         2.69867	         1.32211	         1.37656	
         24.6737	         2.69385	         1.32167	         1.37218	
         24.7597	         2.68697	         1.32126	         1.36571	
         24.8456	         2.68126	         1.32093	         1.36033	
         24.9316	         2.67977	         1.32062	         1.35915	
         25.0176	         2.68401	         1.32024	         1.36378	
         25.1035	         2.69303	         1.31973	          1.3733	
         25.1895	         2.70413	         1.31908	         1.38505	
         25.2755	         2.71461	         1.31834	         1.39627	
         25.3615	         2.72276	         1.31753	         1.40522	
         25.4474	         2.72823	          1.3167	         1.41154	
         25.5334	         2.73179	          1.3158	         1.41599	
         25.6194	         2.73444	         1.31477	         1.41967	
         25.7053	         2.73633	         1.31358	         1.42275	
         25.7913	         2.73712	         1.31228	         1.42484	
         25.8773	         2.73662	         1.31098	         1.42565	
         25.9633	         2.73474	          1.3097	         1.42503	
         26.0492	         2.73163	          1.3084	         1.42323	
         26.1352	          2.7279	         1.30701	         1.42089	
         26.2212	         2.72401	         1.30558	         1.41843	
         26.3071	         2.72022	         1.30419	         1.41603	
         26.3931	         2.71645	         1.30285	          1.4136	
         26.4791	         2.71224	         1.30152	         1.41072	
         26.5651	         2.70749	         1.30017	         1.40732	
          26.651	         2.70247	         1.29883	         1.40364	
          26.737	          2.6976	         1.29755	         1.40005	
          26.823	         2.69349	         1.29633	         1.39716	
         26.9089	         2.69085	         1.29517	         1.39568	
         26.9949	         2.69022	         1.29405	         1.39616	
         27.0809	         2.69171	         1.29295	         1.39876	
         27.1668	         2.69521	         1.29186	         1.40336	
         27.2528	         2.69987	         1.29077	          1.4091	
         27.3388	         2.70439	         1.28973	         1.41465	
         27.4248	         2.70797	         1.28878	         1.41919	
         27.5107	         2.71052	         1.28786	         1.42266	
         27.5967	         2.71208	         1.28689	         1.42519	
         27.6827	         2.71233	         1.28585	         1.42648	
         27.7686	         2.71067	          1.2848	         1.42587	
         27.8546	         2.70683	         1.28384	         1.42299	
         27.9406	         2.70164	         1.28294	         1.41869	
         28.0266	         2.69696	         1.28203	         1.41493	
         28.1125	         2.69474	         1.28102	         1.41372	
         28.1985	         2.69614	         1.27998	         1.41617	
         28.2845	         2.70105	           1.279	         1.42205	
         28.3704	         2.70803	         1.27813	          1.4299	
         28.4564	         2.71457	         1.27731	         1.43726	
         28.5424	         2.71872	         1.27644	         1.44227	
         28.6284	         2.72031	         1.27553	         1.44477	
         28.7143	         2.72037	         1.27465	         1.44572	
         28.8003	         2.72009	         1.27386	         1.44623	
         28.8863	         2.72005	         1.27315	         1.44689	
         28.9722	          2.7196	         1.27247	         1.44714	
         29.0582	         2.71771	         1.27175	         1.44597	
         29.1442	         2.71394	         1.27099	         1.44295	
         29.2302	         2.70911	         1.27025	         1.43886	
         29.3161	         2.70478	         1.26957	         1.43521	
         29.4021	         2.70252	         1.26895	         1.43357	
         29.4881	          2.7027	         1.26832	         1.43438	
          29.574	         2.70415	         1.26762	         1.43653	
           29.66	         2.70561	         1.26687	         1.43874	
          29.746	         2.70681	         1.26615	         1.44067	
         29.8319	          2.7084	         1.26549	         1.44291	
         29.9179	         2.71121	         1.26483	         1.44638	
         30.0039	         2.71541	         1.26408	         1.45132	
         30.0899	         2.72049	         1.26326	         1.45723	
         30.1758	         2.72594	         1.26244	          1.4635	
         30.2618	         2.73119	          1.2617	         1.46949	
         30.3478	         2.73534	         1.26096	         1.47438	
         30.4337	         2.73763	         1.26015	         1.47748	
         30.5197	         2.73802	         1.25923	         1.47879	
         30.6057	         2.73701	         1.25828	         1.47872	
         30.6917	         2.73528	         1.25735	         1.47793	
         30.7776	         2.73372	         1.25643	         1.47729	
         30.8636	         2.73264	         1.25548	         1.47716	
         30.9496	         2.73195	         1.25449	         1.47746	
         31.0355	         2.73134	         1.25347	         1.47787	
         31.1215	         2.73036	         1.25241	         1.47795	
         31.2075	         2.72878	          1.2513	         1.47748	
         31.2935	         2.72711	         1.25019	         1.47692	
         31.3794	          2.7262	         1.24915	         1.47704	
         31.4654	         2.72702	         1.24817	         1.47885	
         31.5514	         2.73015	         1.24712	         1.48302	
         31.6373	         2.73523	         1.24595	         1.48928	
         31.7233	         2.74104	         1.24472	         1.49632	
         31.8093	         2.74634	         1.24358	         1.50276	
         31.8953	         2.75089	         1.24257	         1.50832	
         31.9812	         2.75461	         1.24157	         1.51305	
         32.0672	         2.75712	         1.24043	          1.5167	
         32.1532	         2.75791	         1.23917	         1.51874	
         32.2391	         2.75641	         1.23794	         1.51847	
         32.3251	         2.75225	         1.23683	         1.51542	
         32.4111	         2.74576	          1.2358	         1.50995	
         32.4971	         2.73795	         1.23477	         1.50319	
          32.583	         2.73051	         1.23366	         1.49685	
          32.669	         2.72539	         1.23255	         1.49285	
          32.755	         2.72323	          1.2315	         1.49173	
         32.8409	         2.72334	         1.23057	         1.49278	
         32.9269	          2.7257	         1.22972	         1.49598	
         33.0129	         2.73105	         1.22891	         1.50214	
         33.0988	         2.73869	         1.22811	         1.51058	
         33.1848	          2.7461	         1.22732	         1.51877	
         33.2708	         2.75115	         1.22655	          1.5246	
         33.3568	           2.753	         1.22583	         1.52717	
         33.4427	         2.75214	         1.22518	         1.52696	
         33.5287	         2.74969	         1.22457	         1.52511	
         33.6147	         2.74672	         1.22396	         1.52275	
         33.7006	         2.74426	          1.2233	         1.52096	
         33.7866	         2.74313	         1.22258	         1.52055	
         33.8726	         2.74356	         1.22187	         1.52169	
         33.9586	         2.74483	         1.22121	         1.52362	
         34.0445	         2.74558	         1.22058	           1.525	
         34.1305	         2.74441	         1.21992	          1.5245	
         34.2165	         2.74071	         1.21919	         1.52152	
         34.3024	         2.73522	         1.21841	         1.51681	
         34.3884	         2.72937	         1.21762	         1.51175	
         34.4744	         2.72408	         1.21685	         1.50724	
         34.5604	         2.71986	         1.21607	         1.50379	
         34.6463	         2.71779	         1.21527	         1.50251	
         34.7323	         2.71931	         1.21444	         1.50487	
         34.8183	         2.72472	         1.21356	         1.51116	
         34.9042	         2.73277	         1.21264	         1.52013	
         34.9902	         2.74105	          1.2117	         1.52935	
         35.0762	         2.74735	         1.21073	         1.53662	
         35.1622	          2.7505	         1.20974	         1.54076	
         35.2481	         2.75049	         1.20872	         1.54177	
         35.3341	         2.74844	         1.20768	         1.54076	
         35.4201	         2.74569	         1.20663	         1.53906	
          35.506	         2.74364	         1.20555	         1.53809	
          35.592	         2.74255	         1.20441	         1.53813	
          35.678	         2.74195	         1.20327	         1.53867	
          35.764	         2.74141	         1.20221	          1.5392	
         35.8499	         2.74043	         1.20125	         1.53918	
         35.9359	         2.73888	         1.20029	         1.53859	
         36.0219	         2.73719	         1.19927	         1.53792	
         36.1078	         2.73595	         1.19824	         1.53772	
         36.1938	         2.73549	         1.19734	         1.53815	
         36.2798	         2.73561	         1.19662	         1.53899	
         36.3657	         2.73583	         1.19595	         1.53988	
         36.4517	         2.73537	         1.19518	         1.54018	
         36.5377	         2.73309	         1.19434	         1.53874	
         36.6237	         2.72857	         1.19359	         1.53499	
         36.7096	         2.72267	         1.19299	         1.52968	
         36.7956	         2.71704	         1.19242	         1.52461	
         36.8816	         2.71353	         1.19173	          1.5218	
         36.9675	         2.71332	          1.1909	         1.52242	
         37.0535	          2.7159	         1.19007	         1.52583	
         37.1395	         2.72005	         1.18935	         1.53071	
         37.2255	         2.72485	         1.18864	         1.53621	
         37.3114	         2.73001	         1.18781	          1.5422	
         37.3974	         2.73533	         1.18688	         1.54845	
         37.4834	         2.73997	         1.18596	           1.554	
         37.5693	         2.74312	         1.18515	         1.55797	
         37.6553	         2.74483	         1.18437	         1.56046	
         37.7413	         2.74586	         1.18355	         1.56231	
         37.8273	         2.74733	         1.18272	         1.56462	
         37.9132	         2.74981	         1.18197	         1.56784	
         37.9992	         2.75264	         1.18135	         1.57129	
         38.0852	         2.75514	         1.18079	         1.57435	
         38.1711	         2.75725	         1.18024	           1.577	
         38.2571	          2.7597	         1.17975	         1.57994	
         38.3431	         2.76345	         1.17938	         1.58407	
         38.4291	         2.76885	         1.17911	         1.58974	
          38.515	         2.77505	         1.17887	         1.59618	
          38.601	         2.78066	         1.17862	         1.60203	
          38.687	         2.78459	         1.17843	         1.60616	
         38.7729	         2.78632	         1.17831	         1.60801	
         38.8589	         2.78619	         1.17822	         1.60797	
         38.9449	         2.78519	         1.17809	         1.60709	
         39.0309	         2.78416	         1.17793	         1.60624	
         39.1168	         2.78325	          1.1778	         1.60545	
         39.2028	         2.78154	         1.17776	         1.60378	
         39.2888	         2.77879	         1.17768	          1.6011	
         39.3747	         2.77618	         1.17746	         1.59872	
         39.4607	         2.77512	         1.17713	         1.59799	
         39.5467	          2.7755	         1.17683	         1.59867	
         39.6326	         2.77637	         1.17666	         1.59971	
         39.7186	         2.77674	         1.17646	         1.60028	
         39.8046	         2.77615	         1.17605	          1.6001	
         39.8906	         2.77488	         1.17545	         1.59943	
         39.9765	         2.77346	         1.17487	         1.59859	
         40.0625	         2.77221	         1.17445	         1.59776	
         40.1485	         2.77083	         1.17404	         1.59679	
         40.2344	          2.7686	         1.17345	         1.59515	
         40.3204	         2.76504	         1.17268	         1.59236	
         40.4064	         2.76005	         1.17191	         1.58814	
         40.4924	         2.75436	         1.17126	          1.5831	
         40.5783	         2.74994	         1.17064	          1.5793	
         40.6643	         2.74874	          1.1699	         1.57884	
         40.7503	          2.7514	         1.16904	         1.58236	
         40.8362	         2.75677	         1.16815	         1.58861	
         40.9222	         2.76266	         1.16732	         1.59534	
         41.0082	         2.76724	          1.1665	         1.60075	
         41.0942	         2.76927	         1.16562	         1.60366	
         41.1801	         2.76867	         1.16467	         1.60401	
         41.2661	         2.76649	         1.16368	         1.60281	
         41.3521	         2.76401	          1.1627	         1.60131	
          41.438	         2.76191	         1.16174	         1.60017	
          41.524	         2.76008	          1.1608	         1.59928	
           41.61	         2.75856	         1.15985	         1.59871	
          41.696	         2.75826	          1.1589	         1.59936	
         41.7819	          2.7602	         1.15793	         1.60227	
         41.8679	          2.7645	           1.157	          1.6075	
         41.9539	         2.77065	         1.15613	         1.61452	
         42.0398	         2.77794	         1.15535	         1.62259	
         42.1258	         2.78539	         1.15461	         1.63078	
         42.2118	         2.79245	         1.15387	         1.63858	
         42.2977	          2.7985	         1.15314	         1.64536	
         42.3837	         2.80283	         1.15247	         1.65036	
         42.4697	          2.8045	         1.15191	         1.65259	
         42.5557	         2.80264	         1.15143	         1.65121	
         42.6416	         2.79669	         1.15098	         1.64571	
         42.7276	         2.78692	          1.1505	         1.63642	
         42.8136	         2.77488	         1.15002	         1.62486	
         42.8995	         2.76295	         1.14959	         1.61336	
         42.9855	         2.75368	         1.14924	         1.60444	
         43.0715	         2.74895	         1.14894	             1.6	
         43.1575	         2.74934	         1.14864	          1.6007	
         43.2434	         2.75396	         1.14828	         1.60568	
         43.3294	         2.76088	         1.14788	           1.613	
         43.4154	         2.76799	          1.1475	          1.6205	
         43.5013	         2.77378	         1.14717	         1.62661	
         43.5873	          2.7776	         1.14686	         1.63074	
         43.6733	         2.77966	         1.14653	         1.63313	
         43.7593	         2.78034	         1.14613	         1.63421	
         43.8452	         2.77966	         1.14569	         1.63396	
         43.9312	          2.7775	         1.14524	         1.63225	
         44.0172	         2.77374	          1.1448	         1.62894	
         44.1031	         2.76809	         1.14436	         1.62373	
         44.1891	          2.7607	         1.14391	         1.61679	
         44.2751	         2.75282	         1.14342	         1.60941	
         44.3611	          2.7467	         1.14284	         1.60385	
          44.447	         2.74445	         1.14221	         1.60224	
          44.533	         2.74678	         1.14159	          1.6052	
          44.619	         2.75336	         1.14101	         1.61235	
         44.7049	         2.76336	         1.14044	         1.62292	
         44.7909	         2.77511	          1.1398	         1.63531	
         44.8769	         2.78604	         1.13904	           1.647	
         44.9629	         2.79349	         1.13826	         1.65523	
         45.0488	         2.79597	         1.13756	         1.65841	
         45.1348	         2.79358	         1.13697	         1.65661	
         45.2208	         2.78763	         1.13637	         1.65126	
         45.3067	         2.78034	         1.13568	         1.64467	
         45.3927	         2.77413	         1.13493	          1.6392	
         45.4787	         2.77061	         1.13425	         1.63636	
         45.5646	         2.77018	         1.13373	         1.63645	
         45.6506	         2.77211	         1.13332	          1.6388	
         45.7366	         2.77511	         1.13289	         1.64222	
         45.8226	         2.77795	         1.13241	         1.64555	
         45.9085	         2.77989	         1.13193	         1.64796	
         45.9945	         2.78093	         1.13156	         1.64936	
         46.0805	         2.78156	         1.13134	         1.65022	
         46.1664	         2.78207	          1.1312	         1.65088	
         46.2524	         2.78184	         1.13103	         1.65081	
         46.3384	         2.78018	          1.1308	         1.64937	
         46.4244	         2.77691	         1.13058	         1.64633	
         46.5103	         2.77255	         1.13046	         1.64209	
         46.5963	         2.76798	         1.13041	         1.63756	
         46.6823	         2.76408	         1.13037	         1.63371	
         46.7682	         2.76138	         1.13024	         1.63114	
         46.8542	          2.7599	         1.13006	         1.62984	
         46.9402	         2.75934	         1.12988	         1.62946	
         47.0262	         2.75908	         1.12973	         1.62935	
         47.1121	         2.75875	         1.12954	         1.62921	
         47.1981	         2.75833	         1.12929	         1.62903	
         47.2841	         2.75762	         1.12901	         1.62861	
           47.37	         2.75645	         1.12871	         1.62774	
          47.456	         2.75497	         1.12835	         1.62662	
          47.542	         2.75309	         1.12791	         1.62519	
          47.628	         2.75034	         1.12742	         1.62292	
         47.7139	         2.74664	         1.12694	          1.6197	
         47.7999	         2.74244	         1.12648	         1.61595	
         47.8859	         2.73845	         1.12595	          1.6125	
         47.9718	         2.73571	         1.12528	         1.61042	
         48.0578	         2.73514	         1.12455	         1.61059	
         48.1438	         2.73695	         1.12386	         1.61309	
         48.2298	         2.74066	         1.12324	         1.61742	
         48.3157	         2.74568	         1.12258	         1.62309	
         48.4017	         2.75167	         1.12178	         1.62989	
         48.4877	         2.75831	         1.12089	         1.63743	
         48.5736	         2.76504	         1.12004	           1.645	
         48.6596	         2.77139	         1.11929	          1.6521	
         48.7456	         2.77709	         1.11855	         1.65854	
         48.8315	         2.78184	         1.11769	         1.66415	
         48.9175	         2.78566	         1.11674	         1.66892	
         49.0035	         2.78884	         1.11584	           1.673	
         49.0895	          2.7918	         1.11506	         1.67674	
         49.1754	         2.79465	         1.11432	         1.68033	
         49.2614	         2.79709	          1.1135	         1.68359	
         49.3474	         2.79851	          1.1126	         1.68592	
         49.4333	         2.79886	         1.11176	         1.68709	
         49.5193	         2.79853	         1.11108	         1.68745	
         49.6053	         2.79785	         1.11047	         1.68739	
         49.6913	         2.79703	         1.10979	         1.68724	
         49.7772	         2.79597	         1.10905	         1.68692	
         49.8632	         2.79415	          1.1084	         1.68575	
         49.9492	         2.79125	         1.10793	         1.68332	
         50.0351	         2.78768	         1.10754	         1.68015	
         50.1211	         2.78423	         1.10708	         1.67715	
         50.2071	         2.78185	         1.10658	         1.67527	
         50.2931	         2.78138	         1.10619	         1.67519	
          50.379	         2.78316	           1.106	         1.67716	
          50.465	         2.78687	         1.10588	         1.68099	
          50.551	         2.79132	         1.10565	         1.68567	
         50.6369	         2.79546	         1.10537	         1.69009	
         50.7229	         2.79839	         1.10523	         1.69317	
         50.8089	         2.79946	         1.10528	         1.69418	
         50.8949	         2.79885	         1.10538	         1.69346	
         50.9808	         2.79738	         1.10536	         1.69202	
         51.0668	         2.79519	         1.10525	         1.68994	
         51.1528	         2.79187	         1.10523	         1.68664	
         51.2387	          2.7869	         1.10539	         1.68151	
         51.3247	         2.78028	         1.10559	         1.67469	
         51.4107	         2.77264	         1.10567	         1.66697	
         51.4967	         2.76457	         1.10565	         1.65892	
         51.5826	         2.75719	         1.10565	         1.65153	
         51.6686	         2.75237	         1.10576	         1.64661	
         51.7546	         2.75131	          1.1059	         1.64542	
         51.8405	         2.75378	         1.10595	         1.64783	
         51.9265	         2.75891	          1.1059	         1.65301	
         52.0125	         2.76527	         1.10581	         1.65946	
         52.0984	          2.7717	         1.10577	         1.66594	
         52.1844	         2.77766	         1.10573	         1.67193	
         52.2704	         2.78308	         1.10563	         1.67745	
         52.3564	         2.78795	         1.10543	         1.68252	
         52.4423	         2.79123	         1.10516	         1.68607	
         52.5283	         2.79126	         1.10488	         1.68638	
         52.6143	          2.7877	         1.10462	         1.68308	
         52.7002	         2.78177	         1.10432	         1.67745	
         52.7862	         2.77554	         1.10391	         1.67163	
         52.8722	         2.77047	          1.1034	         1.66707	
         52.9582	         2.76717	         1.10286	         1.66431	
         53.0441	         2.76583	         1.10237	         1.66347	
         53.1301	         2.76621	         1.10188	         1.66433	
         53.2161	          2.7681	         1.10129	         1.66681	
          53.302	         2.77178	         1.10057	         1.67121	
          53.388	         2.77772	          1.0998	         1.67792	
          53.474	         2.78593	         1.09911	         1.68683	
           53.56	         2.79515	         1.09847	         1.69668	
         53.6459	         2.80323	         1.09776	         1.70546	
         53.7319	         2.80881	         1.09693	         1.71188	
         53.8179	         2.81154	         1.09605	         1.71549	
         53.9038	         2.81112	         1.09526	         1.71587	
         53.9898	         2.80721	         1.09453	         1.71268	
         54.0758	         2.80051	         1.09378	         1.70672	
         54.1618	         2.79234	         1.09295	         1.69939	
         54.2477	         2.78445	          1.0921	         1.69235	
         54.3337	         2.77881	         1.09133	         1.68749	
         54.4197	         2.77689	         1.09062	         1.68627	
         54.5056	         2.77902	         1.08992	          1.6891	
         54.5916	         2.78429	         1.08917	         1.69512	
         54.6776	         2.79123	         1.08845	         1.70278	
         54.7636	         2.79829	          1.0878	         1.71049	
         54.8495	         2.80449	         1.08722	         1.71727	
         54.9355	         2.80871	         1.08664	         1.72207	
         55.0215	         2.80979	         1.08604	         1.72375	
         55.1074	         2.80724	         1.08549	         1.72176	
         55.1934	         2.80188	         1.08502	         1.71686	
         55.2794	         2.79555	         1.08462	         1.71093	
         55.3653	         2.78953	         1.08422	         1.70531	
         55.4513	         2.78519	          1.0838	         1.70139	
         55.5373	         2.78299	         1.08343	         1.69956	
         55.6233	         2.78204	         1.08314	          1.6989	
         55.7092	         2.78101	          1.0829	         1.69811	
         55.7952	         2.77862	         1.08268	         1.69594	
         55.8812	         2.77465	         1.08244	         1.69221	
         55.9671	         2.77051	         1.08223	         1.68828	
         56.0531	         2.76784	         1.08206	         1.68578	
         56.1391	         2.76773	         1.08192	         1.68581	
         56.2251	         2.77031	          1.0818	         1.68851	
          56.311	         2.77472	         1.08169	         1.69303	
          56.397	         2.77974	         1.08159	         1.69816	
          56.483	         2.78399	         1.08149	         1.70251	
         56.5689	         2.78614	         1.08138	         1.70475	
         56.6549	         2.78623	          1.0813	         1.70493	
         56.7409	         2.78507	         1.08124	         1.70382	
         56.8269	         2.78301	          1.0812	         1.70181	
         56.9128	         2.77967	         1.08112	         1.69854	
         56.9988	         2.77525	         1.08102	         1.69423	
         57.0848	         2.77079	         1.08092	         1.68987	
         57.1707	         2.76745	         1.08087	         1.68658	
         57.2567	         2.76621	         1.08082	         1.68539	
         57.3427	         2.76749	         1.08073	         1.68676	
         57.4287	         2.77073	         1.08058	         1.69015	
         57.5146	         2.77466	         1.08043	         1.69423	
         57.6006	         2.77773	         1.08031	         1.69742	
         57.6866	         2.77933	         1.08019	         1.69914	
         57.7725	         2.77985	         1.08003	         1.69983	
         57.8585	         2.78012	          1.0798	         1.70032	
         57.9445	         2.78089	         1.07954	         1.70135	
         58.0304	         2.78258	          1.0793	         1.70328	
         58.1164	         2.78467	         1.07905	         1.70562	
         58.2024	         2.78655	         1.07875	          1.7078	
         58.2884	         2.78796	         1.07839	         1.70957	
         58.3743	           2.789	           1.078	           1.711	
         58.4603	         2.78955	         1.07761	         1.71194	
         58.5463	         2.78891	         1.07721	         1.71169	
         58.6322	         2.78628	         1.07676	         1.70952	
         58.7182	         2.78165	         1.07626	         1.70539	
         58.8042	         2.77593	         1.07574	         1.70019	
         58.8902	         2.77041	         1.07524	         1.69517	
         58.9761	         2.76567	         1.07473	         1.69094	
         59.0621	         2.76164	         1.07418	         1.68746	
         59.1481	         2.75865	         1.07358	         1.68508	
          59.234	         2.75735	         1.07298	         1.68437	
           59.32	         2.75716	         1.07243	         1.68473	
          59.406	         2.75698	         1.07191	         1.68508	
          59.492	         2.75591	         1.07134	         1.68457	
         59.5779	         2.75364	         1.07074	          1.6829	
         59.6639	          2.7504	         1.07015	         1.68026	
         59.7499	         2.74693	         1.06962	          1.6773	
         59.8358	         2.74456	         1.06914	         1.67542	
         59.9218	         2.74451	         1.06865	         1.67586	
         60.0078	         2.74692	         1.06812	         1.67881	
         60.0938	         2.75195	          1.0676	         1.68435	
         60.1797	         2.75949	         1.06715	         1.69234	
         60.2657	         2.76774	         1.06675	         1.70099	
         60.3517	         2.77467	         1.06634	         1.70833	
         60.4376	         2.77917	         1.06591	         1.71326	
         60.5236	         2.78138	         1.06549	         1.71588	
         60.6096	         2.78238	         1.06512	         1.71726	
         60.6956	         2.78348	         1.06478	          1.7187	
         60.7815	         2.78521	         1.06444	         1.72077	
         60.8675	         2.78676	         1.06409	         1.72267	
         60.9535	         2.78701	         1.06375	         1.72326	
         61.0394	         2.78601	         1.06343	         1.72258	
         61.1254	           2.785	         1.06313	         1.72187	
         61.2114	         2.78509	         1.06283	         1.72226	
         61.2973	         2.78562	         1.06252	          1.7231	
         61.3833	         2.78484	         1.06221	         1.72262	
         61.4693	         2.78145	         1.06191	         1.71954	
         61.5553	         2.77595	         1.06161	         1.71434	
         61.6412	         2.77036	         1.06131	         1.70904	
         61.7272	         2.76704	           1.061	         1.70604	
         61.8132	         2.76732	         1.06068	         1.70664	
         61.8991	         2.77123	         1.06035	         1.71088	
         61.9851	         2.77756	         1.06003	         1.71753	
         62.0711	         2.78459	          1.0597	         1.72488	
         62.1571	         2.79026	         1.05937	         1.73089	
          62.243	         2.79277	         1.05901	         1.73377	
          62.329	         2.79171	         1.05864	         1.73307	
          62.415	         2.78786	         1.05829	         1.72956	
         62.5009	         2.78267	         1.05796	         1.72471	
         62.5869	         2.77806	         1.05761	         1.72045	
         62.6729	         2.77553	         1.05722	         1.71832	
         62.7589	          2.7756	         1.05683	         1.71877	
         62.8448	         2.77807	         1.05648	         1.72159	
         62.9308	         2.78238	         1.05616	         1.72622	
         63.0168	         2.78755	         1.05581	         1.73174	
         63.1027	         2.79274	         1.05542	         1.73731	
         63.1887	         2.79761	         1.05504	         1.74256	
         63.2747	          2.8019	         1.05472	         1.74718	
         63.3607	         2.80506	         1.05443	         1.75063	
         63.4466	         2.80667	         1.05412	         1.75255	
         63.5326	          2.8067	         1.05377	         1.75293	
         63.6186	         2.80568	         1.05342	         1.75226	
         63.7045	         2.80419	         1.05313	         1.75106	
         63.7905	         2.80267	         1.05287	          1.7498	
         63.8765	         2.80149	         1.05262	         1.74886	
         63.9625	         2.80075	         1.05235	          1.7484	
         64.0484	         2.80022	         1.05208	         1.74814	
         64.1344	         2.80024	         1.05183	         1.74841	
         64.2204	         2.80185	         1.05161	         1.75023	
         64.3063	         2.80573	         1.05144	         1.75429	
         64.3923	         2.81071	         1.05127	         1.75944	
         64.4783	         2.81438	         1.05109	         1.76329	
         64.5642	         2.81529	         1.05089	          1.7644	
         64.6502	         2.81354	         1.05072	         1.76282	
         64.7362	         2.80989	          1.0506	         1.75929	
         64.8222	         2.80574	          1.0505	         1.75524	
         64.9081	         2.80277	         1.05038	         1.75239	
         64.9941	         2.80199	         1.05023	         1.75176	
         65.0801	         2.80304	         1.05007	         1.75297	
          65.166	         2.80457	         1.04993	         1.75464	
          65.252	          2.8055	         1.04982	         1.75568	
          65.338	         2.80535	         1.04969	         1.75565	
          65.424	         2.80479	         1.04952	         1.75528	
         65.5099	         2.80459	          1.0493	         1.75529	
         65.5959	         2.80531	         1.04908	         1.75623	
         65.6819	         2.80669	         1.04886	         1.75783	
         65.7678	         2.80782	         1.04863	          1.7592	
         65.8538	         2.80808	         1.04835	         1.75973	
         65.9398	          2.8075	         1.04803	         1.75947	
         66.0258	         2.80678	         1.04768	          1.7591	
         66.1117	         2.80609	         1.04729	          1.7588	
         66.1977	         2.80496	         1.04688	         1.75807	
         66.2837	         2.80324	         1.04647	         1.75677	
         66.3696	         2.80109	         1.04604	         1.75504	
         66.4556	         2.79877	         1.04556	         1.75321	
         66.5416	         2.79646	         1.04502	         1.75144	
         66.6276	         2.79442	         1.04445	         1.74997	
         66.7135	         2.79289	         1.04391	         1.74898	
         66.7995	         2.79183	         1.04341	         1.74842	
         66.8855	         2.79141	         1.04287	         1.74855	
         66.9714	         2.79188	         1.04223	         1.74965	
         67.0574	         2.79375	         1.04155	         1.75219	
         67.1434	         2.79828	         1.04096	         1.75732	
         67.2294	          2.8061	         1.04045	         1.76565	
         67.3153	         2.81635	         1.03993	         1.77642	
         67.4013	         2.82707	          1.0393	         1.78777	
         67.4873	         2.83589	         1.03863	         1.79726	
         67.5732	         2.84101	         1.03807	         1.80294	
         67.6592	         2.84181	         1.03763	         1.80417	
         67.7452	         2.83878	         1.03721	         1.80157	
         67.8311	         2.83319	          1.0367	          1.7965	
         67.9171	         2.82699	         1.03614	         1.79085	
         68.0031	         2.82169	          1.0357	           1.786	
         68.0891	         2.81741	         1.03539	         1.78203	
          68.175	         2.81392	         1.03512	         1.77881	
          68.261	         2.81133	         1.03478	         1.77655	
          68.347	         2.81014	         1.03442	         1.77572	
         68.4329	         2.81057	         1.03413	         1.77644	
         68.5189	         2.81183	         1.03397	         1.77786	
         68.6049	         2.81258	         1.03386	         1.77872	
         68.6909	         2.81106	         1.03371	         1.77735	
         68.7768	         2.80638	         1.03353	         1.77284	
         68.8628	         2.79923	         1.03341	         1.76581	
         68.9488	          2.7914	         1.03339	         1.75802	
         69.0347	         2.78522	          1.0334	         1.75182	
         69.1207	         2.78236	         1.03338	         1.74897	
         69.2067	          2.7825	         1.03335	         1.74915	
         69.2927	         2.78451	         1.03334	         1.75117	
         69.3786	         2.78752	          1.0334	         1.75412	
         69.4646	         2.79175	         1.03348	         1.75827	
         69.5506	         2.79805	         1.03352	         1.76453	
         69.6365	         2.80688	         1.03354	         1.77334	
         69.7225	         2.81721	         1.03358	         1.78363	
         69.8085	         2.82669	         1.03366	         1.79304	
         69.8945	         2.83319	         1.03373	         1.79946	
         69.9804	         2.83543	         1.03375	         1.80167	
         70.0664	         2.83358	         1.03373	         1.79985	
         70.1524	         2.82889	         1.03373	         1.79516	
         70.2383	         2.82265	         1.03375	         1.78891	
         70.3243	         2.81617	         1.03374	         1.78243	
         70.4103	         2.81077	         1.03367	          1.7771	
         70.4962	         2.80748	         1.03354	         1.77393	
         70.5822	         2.80675	         1.03342	         1.77333	
         70.6682	         2.80819	         1.03331	         1.77488	
         70.7542	         2.81112	         1.03318	         1.77794	
         70.8401	         2.81452	         1.03298	         1.78153	
         70.9261	          2.8175	         1.03271	         1.78479	
         71.0121	         2.81957	         1.03243	         1.78714	
          71.098	         2.82045	         1.03218	         1.78826	
          71.184	          2.8202	         1.03193	         1.78828	
           71.27	         2.81957	         1.03159	         1.78798	
          71.356	         2.81965	         1.03118	         1.78847	
         71.4419	         2.82179	         1.03076	         1.79103	
         71.5279	         2.82674	         1.03038	         1.79636	
         71.6139	         2.83361	         1.03001	         1.80361	
         71.6998	         2.84051	         1.02958	         1.81093	
         71.7858	         2.84494	         1.02906	         1.81587	
         71.8718	         2.84473	         1.02854	         1.81618	
         71.9578	         2.83948	         1.02809	         1.81139	
         72.0437	         2.83104	         1.02767	         1.80337	
         72.1297	         2.82209	          1.0272	         1.79489	
         72.2157	         2.81445	         1.02667	         1.78778	
         72.3016	         2.80894	         1.02615	         1.78279	
         72.3876	         2.80565	         1.02572	         1.77993	
         72.4736	         2.80425	         1.02534	         1.77891	
         72.5596	         2.80477	         1.02493	         1.77984	
         72.6455	          2.8076	         1.02448	         1.78312	
         72.7315	         2.81299	         1.02408	         1.78892	
         72.8175	         2.82059	         1.02378	         1.79682	
         72.9034	          2.8291	         1.02353	         1.80557	
         72.9894	         2.83663	         1.02325	         1.81338	
         73.0754	         2.84185	         1.02296	          1.8189	
         73.1614	         2.84417	         1.02273	         1.82144	
         73.2473	         2.84359	         1.02262	         1.82097	
         73.3333	         2.84051	         1.02255	         1.81796	
         73.4193	         2.83555	         1.02244	         1.81311	
         73.5052	         2.82932	         1.02231	         1.80701	
         73.5912	         2.82242	         1.02224	         1.80018	
         73.6772	          2.8157	         1.02229	         1.79341	
         73.7631	         2.81045	         1.02238	         1.78807	
         73.8491	         2.80807	         1.02242	         1.78564	
         73.9351	         2.80895	         1.02241	         1.78653	
         74.0211	         2.81224	         1.02243	         1.78981	
          74.107	         2.81673	         1.02255	         1.79418	
          74.193	         2.82106	         1.02272	         1.79834	
          74.279	         2.82393	         1.02283	          1.8011	
         74.3649	         2.82497	         1.02287	          1.8021	
         74.4509	          2.8252	         1.02288	         1.80232	
         74.5369	         2.82587	         1.02296	         1.80292	
         74.6229	          2.8277	         1.02307	         1.80463	
         74.7088	         2.82982	         1.02315	         1.80667	
         74.7948	         2.83041	         1.02314	         1.80728	
         74.8808	         2.82869	         1.02306	         1.80563	
         74.9667	         2.82548	         1.02299	         1.80249	
         75.0527	         2.82192	         1.02295	         1.79897	
         75.1387	         2.81941	         1.02289	         1.79652	
         75.2247	         2.81916	         1.02274	         1.79642	
         75.3106	         2.82116	         1.02252	         1.79864	
         75.3966	         2.82417	         1.02227	          1.8019	
         75.4826	         2.82699	         1.02204	         1.80495	
         75.5685	         2.82951	          1.0218	         1.80771	
         75.6545	          2.8318	          1.0215	         1.81029	
         75.7405	         2.83365	         1.02114	         1.81251	
         75.8265	         2.83459	         1.02075	         1.81385	
         75.9124	         2.83429	         1.02037	         1.81392	
         75.9984	         2.83255	            1.02	         1.81255	
         76.0844	          2.8293	          1.0196	         1.80971	
         76.1703	         2.82522	         1.01916	         1.80606	
         76.2563	         2.82173	         1.01871	         1.80302	
         76.3423	         2.82019	         1.01828	         1.80191	
         76.4283	         2.82119	         1.01787	         1.80332	
         76.5142	         2.82388	         1.01746	         1.80643	
         76.6002	         2.82663	         1.01704	         1.80959	
         76.6862	         2.82867	         1.01663	         1.81204	
         76.7721	          2.8303	         1.01625	         1.81406	
         76.8581	         2.83168	         1.01589	         1.81579	
         76.9441	         2.83259	         1.01556	         1.81703	
           77.03	         2.83245	         1.01526	         1.81719	
          77.116	         2.83056	         1.01498	         1.81558	
          77.202	         2.82681	         1.01472	         1.81209	
          77.288	         2.82206	         1.01449	         1.80757	
         77.3739	         2.81767	         1.01431	         1.80335	
         77.4599	         2.81409	         1.01418	         1.79991	
         77.5459	         2.81132	         1.01407	         1.79725	
         77.6318	         2.80928	         1.01397	         1.79531	
         77.7178	         2.80818	          1.0139	         1.79428	
         77.8038	          2.8082	         1.01389	         1.79431	
         77.8898	         2.80884	         1.01393	          1.7949	
         77.9757	          2.8091	         1.01399	          1.7951	
         78.0617	          2.8085	         1.01404	         1.79447	
         78.1477	          2.8073	         1.01409	          1.7932	
