       0.0268671	     0.000760858	     0.000760496	     3.61873e-07	
       0.0537342	      0.00254457	      0.00254334	     1.22849e-06	
       0.0806013	      0.00505117	      0.00504872	     2.45581e-06	
        0.107468	      0.00814854	       0.0081446	     3.93988e-06	
        0.134336	       0.0117838	       0.0117782	     5.58477e-06	
        0.161203	        0.015954	       0.0159467	     7.30506e-06	
         0.18807	       0.0206884	       0.0206794	     9.03236e-06	
        0.214937	       0.0260353	       0.0260246	      1.0697e-05	
        0.241804	       0.0320503	       0.0320381	     1.22542e-05	
        0.268671	       0.0387883	       0.0387746	     1.36679e-05	
        0.295538	       0.0462952	       0.0462803	     1.49137e-05	
        0.322405	       0.0546034	       0.0545875	     1.59788e-05	
        0.349272	       0.0637286	       0.0637118	     1.68549e-05	
         0.37614	       0.0736686	       0.0736511	     1.75418e-05	
        0.403007	       0.0844046	       0.0843866	      1.8053e-05	
        0.429874	       0.0959037	       0.0958853	     1.83994e-05	
        0.456741	        0.108123	        0.108104	     1.86019e-05	
        0.483608	        0.121014	        0.120995	     1.86832e-05	
        0.510475	        0.134527	        0.134509	     1.86786e-05	
        0.537342	        0.148619	          0.1486	     1.86313e-05	
        0.564209	        0.163253	        0.163234	     1.86103e-05	
        0.591076	        0.178404	        0.178385	     1.86913e-05	
        0.617944	        0.194059	         0.19404	     1.89792e-05	
        0.644811	         0.21022	          0.2102	     1.95999e-05	
        0.671678	        0.226896	        0.226876	     2.07008e-05	
        0.698545	        0.244108	        0.244086	     2.24471e-05	
        0.725412	         0.26188	        0.261855	     2.50144e-05	
        0.752279	        0.280235	        0.280207	     2.85796e-05	
        0.779146	        0.299195	        0.299162	     3.33076e-05	
        0.806013	        0.318771	        0.318732	     3.93409e-05	
         0.83288	        0.338967	         0.33892	     4.67878e-05	
        0.859748	        0.359771	        0.359715	     5.57163e-05	
        0.886615	        0.381157	        0.381091	     6.61338e-05	
        0.913482	        0.403085	        0.403007	     7.79972e-05	
        0.940349	        0.425497	        0.425406	     9.12003e-05	
        0.967216	        0.448324	        0.448218	     0.000105575	
        0.994083	        0.471482	        0.471361	     0.000120894	
         1.02095	        0.494878	        0.494741	     0.000136873	
         1.04782	        0.518408	        0.518255	      0.00015318	
         1.07468	        0.541966	        0.541797	     0.000169434	
         1.10155	        0.565441	        0.565255	     0.000185233	
         1.12842	         0.58872	         0.58852	     0.000200147	
         1.15529	        0.611696	        0.611482	     0.000213737	
         1.18215	        0.634264	        0.634038	     0.000225567	
         1.20902	        0.656329	        0.656094	     0.000235215	
         1.23589	        0.677802	         0.67756	     0.000242284	
         1.26275	        0.698608	        0.698362	     0.000246414	
         1.28962	        0.718681	        0.718434	     0.000247291	
         1.31649	        0.737969	        0.737725	     0.000244656	
         1.34336	        0.756435	        0.756196	     0.000238309	
         1.37022	        0.774052	        0.773824	     0.000228118	
         1.39709	        0.790811	        0.790597	     0.000214022	
         1.42396	        0.806712	        0.806516	     0.000196026	
         1.45082	         0.82177	        0.821596	     0.000174209	
         1.47769	        0.836011	        0.835862	     0.000148715	
         1.50456	        0.849471	        0.849351	     0.000119752	
         1.53143	        0.862195	        0.862108	     8.75901e-05	
         1.55829	        0.874237	        0.874184	     5.25528e-05	
         1.58516	        0.885654	        0.885639	     1.50186e-05	
         1.61203	        0.896511	        0.896535	    -2.45835e-05	
         1.63889	        0.906873	        0.906939	    -6.57817e-05	
         1.66576	        0.916808	        0.916916	    -0.000108073	
         1.69263	        0.926382	        0.926533	     -0.00015093	
          1.7195	        0.935662	        0.935856	     -0.00019381	
         1.74636	         0.94471	        0.944946	    -0.000236149	
         1.77323	        0.953585	        0.953863	    -0.000277376	
          1.8001	        0.962341	        0.962658	    -0.000316912	
         1.82696	        0.971026	         0.97138	    -0.000354178	
         1.85383	        0.979681	        0.980069	     -0.00038861	
          1.8807	        0.988337	        0.988757	    -0.000419668	
         1.90756	         0.99702	        0.997467	    -0.000446858	
         1.93443	         1.00575	         1.00622	    -0.000469746	
          1.9613	         1.01452	         1.01501	    -0.000487977	
         1.98817	         1.02334	         1.02384	     -0.00050129	
         2.01503	          1.0322	         1.03271	    -0.000509517	
          2.0419	         1.04107	         1.04158	    -0.000512593	
         2.06877	         1.04992	         1.05043	    -0.000510565	
         2.09563	         1.05874	         1.05924	    -0.000503597	
          2.1225	         1.06746	         1.06795	    -0.000491962	
         2.14937	         1.07607	         1.07654	     -0.00047604	
         2.17624	         1.08451	         1.08496	    -0.000456306	
          2.2031	         1.09274	         1.09317	    -0.000433304	
         2.22997	         1.10073	         1.10114	    -0.000407567	
         2.25684	         1.10845	         1.10883	    -0.000379616	
          2.2837	         1.11585	          1.1162	    -0.000349979	
         2.31057	         1.12292	         1.12324	    -0.000319168	
         2.33744	         1.12962	         1.12991	    -0.000287643	
         2.36431	         1.13594	         1.13619	    -0.000255792	
         2.39117	         1.14187	         1.14209	    -0.000223933	
         2.41804	         1.14742	         1.14761	    -0.000192328	
         2.44491	         1.15261	         1.15277	    -0.000161238	
         2.47177	         1.15745	         1.15758	    -0.000130842	
         2.49864	         1.16196	         1.16206	    -0.000101113	
         2.52551	         1.16618	         1.16625	    -7.20079e-05	
         2.55238	         1.17014	         1.17019	    -4.35446e-05	
         2.57924	         1.17387	         1.17389	    -1.58136e-05	
         2.60611	         1.17742	          1.1774	     1.09962e-05	
         2.63298	          1.1808	         1.18076	     3.65895e-05	
         2.65984	         1.18404	         1.18398	     6.05775e-05	
         2.68671	         1.18718	          1.1871	     8.25096e-05	
         2.71358	         1.19022	         1.19012	     0.000101916	
         2.74045	         1.19318	         1.19306	     0.000118352	
         2.76731	         1.19607	         1.19594	     0.000131443	
         2.79418	          1.1989	         1.19876	     0.000140922	
         2.82105	         1.20167	         1.20152	     0.000146655	
         2.84791	         1.20437	         1.20423	     0.000148638	
         2.87478	         1.20702	         1.20688	     0.000146989	
         2.90165	         1.20961	         1.20946	     0.000141934	
         2.92852	         1.21212	         1.21198	     0.000133794	
         2.95538	         1.21455	         1.21443	     0.000122969	
         2.98225	         1.21691	          1.2168	      0.00010992	
         3.00912	         1.21918	         1.21908	     9.51463e-05	
         3.03598	         1.22136	         1.22128	     7.91592e-05	
         3.06285	         1.22345	         1.22339	     6.24587e-05	
         3.08972	         1.22547	         1.22542	     4.55059e-05	
         3.11658	          1.2274	         1.22737	     2.87017e-05	
         3.14345	         1.22927	         1.22926	     1.23712e-05	
         3.17032	         1.23109	         1.23109	    -3.24026e-06	
         3.19719	         1.23288	          1.2329	    -1.79603e-05	
         3.22405	         1.23466	         1.23469	    -3.16731e-05	
         3.25092	         1.23645	         1.23649	    -4.43019e-05	
         3.27779	         1.23829	         1.23834	    -5.57961e-05	
         3.30465	          1.2402	         1.24026	    -6.61304e-05	
         3.33152	          1.2422	         1.24228	    -7.53109e-05	
         3.35839	         1.24434	         1.24443	    -8.33823e-05	
         3.38526	         1.24664	         1.24673	    -9.04307e-05	
         3.41212	         1.24913	         1.24923	    -9.65738e-05	
         3.43899	         1.25183	         1.25193	    -0.000101933	
         3.46586	         1.25477	         1.25488	    -0.000106587	
         3.49272	         1.25798	         1.25809	    -0.000110529	
         3.51959	         1.26148	         1.26159	    -0.000113633	
         3.54646	         1.26529	         1.26541	    -0.000115604	
         3.57333	         1.26945	         1.26957	    -0.000115818	
         3.60019	         1.27397	         1.27408	    -0.000115202	
         3.62706	         1.27886	         1.27898	    -0.000113786	
         3.65393	         1.28415	         1.28426	    -0.000111527	
         3.68079	         1.28984	         1.28995	    -0.000108334	
         3.70766	         1.29596	         1.29606	    -0.000104083	
         3.73453	         1.30252	         1.30261	      -9.863e-05	
          3.7614	         1.30953	         1.30962	    -9.18401e-05	
         3.78826	         1.31701	         1.31709	    -8.36339e-05	
         3.81513	         1.32495	         1.32503	    -7.40392e-05	
           3.842	         1.33335	         1.33342	    -6.32307e-05	
         3.86886	         1.34219	         1.34225	    -5.15393e-05	
         3.89573	         1.35145	         1.35149	    -3.94328e-05	
          3.9226	         1.36109	         1.36111	    -2.74768e-05	
         3.94947	         1.37107	         1.37108	    -1.62893e-05	
         3.97633	         1.38135	         1.38136	    -6.49721e-06	
          4.0032	         1.39188	         1.39188	     1.30674e-06	
         4.03007	         1.40262	         1.40261	     6.61616e-06	
         4.05693	         1.41349	         1.41348	     9.08506e-06	
          4.0838	         1.42444	         1.42443	     8.59288e-06	
         4.11067	          1.4354	         1.43539	     5.23522e-06	
         4.13754	         1.44629	         1.44629	    -7.60323e-07	
          4.1644	         1.45705	         1.45706	    -9.12249e-06	
         4.19127	          1.4676	         1.46762	    -1.95885e-05	
         4.21814	         1.47787	          1.4779	    -3.19251e-05	
           4.245	          1.4878	         1.48785	    -4.59305e-05	
         4.27187	         1.49734	          1.4974	    -6.14223e-05	
         4.29874	         1.50643	         1.50651	    -7.82163e-05	
          4.3256	         1.51504	         1.51513	    -9.60989e-05	
         4.35247	         1.52315	         1.52326	    -0.000114802	
         4.37934	         1.53074	         1.53088	    -0.000133979	
         4.40621	         1.53784	         1.53799	    -0.000153198	
         4.43307	         1.54444	         1.54461	    -0.000171946	
         4.45994	         1.55059	         1.55078	    -0.000189677	
         4.48681	          1.5563	         1.55651	    -0.000205842	
         4.51367	         1.56164	         1.56186	    -0.000219904	
         4.54054	         1.56665	         1.56688	    -0.000231332	
         4.56741	         1.57139	         1.57163	    -0.000239631	
         4.59428	         1.57593	         1.57617	    -0.000244396	
         4.62114	         1.58033	         1.58058	    -0.000245267	
         4.64801	         1.58467	         1.58491	    -0.000241883	
         4.67488	         1.58899	         1.58922	    -0.000234123	
         4.70174	         1.59329	         1.59351	    -0.000222447	
         4.72861	         1.59756	         1.59776	    -0.000207872	
         4.75548	         1.60175	         1.60194	     -0.00019171	
         4.78235	         1.60581	         1.60598	     -0.00017532	
         4.80921	         1.60967	         1.60983	    -0.000159941	
         4.83608	         1.61327	         1.61341	    -0.000146596	
         4.86295	         1.61656	         1.61669	    -0.000136049	
         4.88981	         1.61949	         1.61962	    -0.000128798	
         4.91668	         1.62205	         1.62217	      -0.0001251	
         4.94355	         1.62422	         1.62434	    -0.000125006	
         4.97042	         1.62601	         1.62614	    -0.000128414	
         4.99728	         1.62747	         1.62761	    -0.000135111	
         5.02415	         1.62865	         1.62879	    -0.000144823	
         5.05102	         1.62962	         1.62977	    -0.000157246	
         5.07788	         1.63048	         1.63065	     -0.00017206	
         5.10475	         1.63133	         1.63152	    -0.000188949	
         5.13162	          1.6323	          1.6325	    -0.000207625	
         5.15849	         1.63348	          1.6337	    -0.000227847	
         5.18535	         1.63497	         1.63522	    -0.000249429	
         5.21222	         1.63685	         1.63712	    -0.000272207	
         5.23909	         1.63919	         1.63949	    -0.000295987	
         5.26595	         1.64206	         1.64238	    -0.000320499	
         5.29282	         1.64548	         1.64583	    -0.000345348	
         5.31969	         1.64951	         1.64988	    -0.000369954	
         5.34655	         1.65417	         1.65456	    -0.000393343	
         5.37342	         1.65948	          1.6599	    -0.000413722	
         5.40029	         1.66544	         1.66587	    -0.000428834	
         5.42716	           1.672	         1.67244	    -0.000437776	
         5.45402	         1.67906	         1.67951	    -0.000441256	
         5.48089	         1.68652	         1.68696	    -0.000440095	
         5.50776	         1.69425	         1.69468	    -0.000434647	
         5.53462	         1.70214	         1.70257	    -0.000425125	
         5.56149	         1.71012	         1.71053	    -0.000411868	
         5.58836	         1.71809	         1.71849	    -0.000395399	
         5.61523	         1.72599	         1.72637	    -0.000376409	
         5.64209	         1.73375	         1.73411	    -0.000355722	
         5.66896	          1.7413	         1.74164	    -0.000334244	
         5.69583	         1.74858	         1.74889	    -0.000312912	
         5.72269	         1.75552	         1.75581	    -0.000292637	
         5.74956	         1.76206	         1.76233	    -0.000274253	
         5.77643	         1.76815	         1.76841	    -0.000258474	
          5.8033	         1.77375	           1.774	    -0.000245869	
         5.83016	         1.77883	         1.77907	    -0.000236845	
         5.85703	         1.78338	         1.78361	    -0.000231649	
          5.8839	         1.78738	         1.78761	     -0.00023037	
         5.91076	         1.79085	         1.79108	    -0.000232957	
         5.93763	         1.79382	         1.79406	    -0.000239227	
          5.9645	         1.79634	         1.79658	    -0.000248878	
         5.99137	         1.79843	          1.7987	    -0.000261497	
         6.01823	         1.80018	         1.80045	    -0.000276568	
          6.0451	         1.80163	         1.80192	    -0.000293479	
         6.07197	         1.80285	         1.80317	    -0.000311526	
         6.09883	         1.80391	         1.80424	    -0.000329932	
          6.1257	         1.80487	         1.80522	    -0.000347873	
         6.15257	         1.80578	         1.80614	    -0.000364515	
         6.17944	         1.80668	         1.80706	     -0.00037907	
          6.2063	         1.80763	         1.80802	    -0.000390878	
         6.23317	         1.80864	         1.80904	    -0.000399519	
         6.26004	         1.80972	         1.81013	    -0.000404987	
          6.2869	         1.81088	         1.81129	    -0.000407856	
         6.31377	         1.81209	          1.8125	    -0.000409345	
         6.34064	         1.81335	         1.81376	    -0.000411232	
         6.36751	         1.81463	         1.81504	    -0.000415631	
         6.39437	         1.81592	         1.81634	     -0.00042471	
         6.42124	         1.81722	         1.81766	    -0.000440431	
         6.44811	         1.81853	           1.819	    -0.000464431	
         6.47497	         1.81988	         1.82037	    -0.000498008	
         6.50184	         1.82127	         1.82181	    -0.000542074	
         6.52871	         1.82274	         1.82334	    -0.000597027	
         6.55557	         1.82432	         1.82498	    -0.000662337	
         6.58244	         1.82601	         1.82675	    -0.000735936	
         6.60931	         1.82782	         1.82863	    -0.000815697	
         6.63618	         1.82973	         1.83063	    -0.000900437	
         6.66304	         1.83171	          1.8327	    -0.000988898	
         6.68991	         1.83376	         1.83484	     -0.00107957	
         6.71678	         1.83583	           1.837	     -0.00117075	
         6.74364	         1.83792	         1.83918	     -0.00126063	
         6.77051	         1.84001	         1.84135	     -0.00134729	
         6.79738	         1.84208	         1.84351	     -0.00142885	
         6.82425	         1.84413	         1.84564	     -0.00150349	
         6.85111	         1.84616	         1.84773	     -0.00156972	
         6.87798	         1.84815	         1.84977	     -0.00162642	
         6.90485	         1.85009	         1.85176	     -0.00167287	
         6.93171	         1.85197	         1.85368	     -0.00170854	
         6.95858	         1.85377	         1.85551	     -0.00173294	
         6.98545	         1.85548	         1.85722	     -0.00174578	
         7.01232	         1.85707	         1.85882	     -0.00174701	
         7.03918	         1.85855	         1.86029	     -0.00173686	
         7.06605	         1.85993	         1.86164	     -0.00171575	
         7.09292	          1.8612	         1.86288	      -0.0016843	
         7.11978	         1.86237	         1.86401	     -0.00164333	
         7.14665	         1.86343	         1.86503	     -0.00159389	
         7.17352	         1.86439	         1.86593	     -0.00153735	
         7.20039	         1.86521	         1.86669	     -0.00147524	
         7.22725	         1.86589	          1.8673	      -0.0014092	
         7.25412	          1.8664	         1.86775	     -0.00134084	
         7.28099	         1.86672	         1.86799	      -0.0012717	
         7.30785	         1.86681	         1.86802	      -0.0012033	
         7.33472	         1.86666	          1.8678	     -0.00113711	
         7.36159	         1.86624	         1.86732	     -0.00107446	
         7.38846	         1.86554	         1.86656	     -0.00101653	
         7.41532	         1.86458	         1.86554	    -0.000964294	
         7.44219	         1.86336	         1.86428	    -0.000918487	
         7.46906	         1.86195	         1.86283	    -0.000879217	
         7.49592	         1.86038	         1.86123	    -0.000845945	
         7.52279	         1.85874	         1.85956	    -0.000818193	
         7.54966	         1.85709	         1.85788	    -0.000795602	
         7.57653	         1.85549	         1.85627	    -0.000777666	
         7.60339	         1.85402	         1.85478	    -0.000763697	
         7.63026	         1.85273	         1.85349	    -0.000753352	
         7.65713	         1.85166	         1.85241	    -0.000748232	
         7.68399	         1.85079	         1.85154	     -0.00075172	
         7.71086	         1.85007	         1.85083	     -0.00076546	
         7.73773	         1.84943	         1.85022	    -0.000789175	
         7.76459	         1.84884	         1.84966	    -0.000822037	
         7.79146	         1.84825	         1.84912	    -0.000863026	
         7.81833	         1.84764	         1.84855	     -0.00091095	
          7.8452	         1.84697	         1.84794	    -0.000964474	
         7.87206	         1.84624	         1.84726	     -0.00102221	
         7.89893	         1.84544	         1.84652	     -0.00108286	
          7.9258	         1.84457	         1.84572	     -0.00114546	
         7.95266	         1.84365	         1.84486	     -0.00121001	
         7.97953	         1.84271	         1.84399	     -0.00127527	
          8.0064	         1.84176	         1.84309	     -0.00133065	
         8.03327	         1.84075	         1.84213	     -0.00137631	
         8.06013	         1.83966	         1.84107	     -0.00141344	
           8.087	         1.83847	         1.83992	     -0.00144244	
         8.11387	         1.83722	         1.83868	     -0.00146378	
         8.14073	          1.8359	         1.83738	     -0.00147804	
          8.1676	         1.83456	         1.83605	     -0.00148598	
         8.19447	         1.83325	         1.83473	     -0.00148863	
         8.22134	         1.83199	         1.83348	     -0.00148756	
          8.2482	         1.83086	         1.83234	     -0.00148481	
         8.27507	         1.82985	         1.83132	      -0.0014781	
         8.30194	          1.8289	         1.83037	     -0.00146531	
          8.3288	         1.82797	         1.82942	     -0.00144801	
         8.35567	           1.827	         1.82843	     -0.00142739	
         8.38254	         1.82597	         1.82737	     -0.00140421	
         8.40941	         1.82486	         1.82624	     -0.00137898	
         8.43627	         1.82367	         1.82502	     -0.00135206	
         8.46314	         1.82241	         1.82373	     -0.00132371	
         8.49001	         1.82109	         1.82238	     -0.00129418	
         8.51687	         1.81972	         1.82098	     -0.00126387	
         8.54374	         1.81831	         1.81954	     -0.00123261	
         8.57061	         1.81684	         1.81804	     -0.00119952	
         8.59748	         1.81531	         1.81647	     -0.00116465	
         8.62434	         1.81369	         1.81482	     -0.00112833	
         8.65121	         1.81198	         1.81307	      -0.0010912	
         8.67808	         1.81017	         1.81122	      -0.0010541	
         8.70494	         1.80826	         1.80928	     -0.00101804	
         8.73181	         1.80627	         1.80725	    -0.000984164	
         8.75868	         1.80423	         1.80518	    -0.000953698	
         8.78555	          1.8022	         1.80313	    -0.000927999	
         8.81241	         1.80026	         1.80117	     -0.00090856	
         8.83928	         1.79851	         1.79941	     -0.00089699	
         8.86615	         1.79708	         1.79797	    -0.000894893	
         8.89301	         1.79609	         1.79699	    -0.000903625	
         8.91988	         1.79568	         1.79661	    -0.000923945	
         8.94675	         1.79597	         1.79692	    -0.000955669	
         8.97361	         1.79703	         1.79802	     -0.00099745	
         9.00048	         1.79889	         1.79994	     -0.00104655	
         9.02735	         1.80155	         1.80265	     -0.00109874	
         9.05422	         1.80489	         1.80604	     -0.00115017	
         9.08108	         1.80875	         1.80995	     -0.00119823	
         9.10795	         1.81297	         1.81422	     -0.00124088	
         9.13482	         1.81737	         1.81865	     -0.00127648	
         9.16168	         1.82177	         1.82308	     -0.00130398	
         9.18855	         1.82603	         1.82735	     -0.00132287	
         9.21542	            1.83	         1.83133	     -0.00133319	
         9.24229	         1.83357	          1.8349	     -0.00133532	
         9.26915	         1.83665	         1.83798	     -0.00132988	
         9.29602	         1.83919	         1.84051	     -0.00131759	
         9.32289	         1.84116	         1.84246	     -0.00129923	
         9.34975	         1.84256	         1.84384	     -0.00127553	
         9.37662	         1.84345	          1.8447	      -0.0012471	
         9.40349	         1.84389	         1.84511	     -0.00121442	
         9.43036	         1.84399	         1.84516	     -0.00117794	
         9.45722	         1.84385	         1.84499	     -0.00113832	
         9.48409	          1.8436	          1.8447	      -0.0010963	
         9.51096	         1.84338	         1.84443	      -0.0010526	
         9.53782	         1.84329	         1.84429	     -0.00100784	
         9.56469	         1.84344	          1.8444	    -0.000962554	
         9.59156	         1.84391	         1.84483	    -0.000917308	
         9.61843	         1.84477	         1.84564	    -0.000872809	
         9.64529	         1.84605	         1.84688	     -0.00082911	
         9.67216	         1.84777	         1.84855	     -0.00078546	
         9.69903	         1.84988	         1.85063	    -0.000742925	
         9.72589	         1.85233	         1.85303	    -0.000702643	
         9.75276	         1.85502	         1.85569	    -0.000665786	
         9.77963	         1.85784	         1.85847	    -0.000633637	
          9.8065	         1.86065	         1.86126	    -0.000607541	
         9.83336	         1.86331	          1.8639	    -0.000588828	
         9.86023	         1.86569	         1.86626	     -0.00057871	
          9.8871	         1.86762	          1.8682	     -0.00057817	
         9.91396	           1.869	         1.86959	    -0.000587877	
         9.94083	          1.8697	         1.87031	    -0.000608127	
          9.9677	         1.86963	         1.87026	    -0.000638827	
         9.99457	         1.86871	         1.86939	    -0.000679513	
         10.0214	          1.8669	         1.86763	    -0.000729395	
         10.0483	         1.86418	         1.86497	    -0.000787404	
         10.0752	         1.86058	         1.86143	     -0.00085224	
          10.102	         1.85613	         1.85705	    -0.000922412	
         10.1289	         1.85093	         1.85193	    -0.000996283	
         10.1558	         1.84509	         1.84616	     -0.00107214	
         10.1826	         1.83877	         1.83992	     -0.00114825	
         10.2095	         1.83215	         1.83338	     -0.00122302	
         10.2364	         1.82545	         1.82674	     -0.00129505	
         10.2632	         1.81886	         1.82022	     -0.00136321	
         10.2901	          1.8126	         1.81403	     -0.00142647	
          10.317	         1.80687	         1.80835	     -0.00148376	
         10.3438	         1.80182	         1.80336	     -0.00153374	
         10.3707	          1.7976	         1.79918	     -0.00157483	
         10.3976	         1.79431	         1.79591	     -0.00160516	
         10.4244	         1.79201	         1.79363	     -0.00162267	
         10.4513	         1.79074	         1.79237	     -0.00162513	
         10.4782	         1.79053	         1.79214	     -0.00161077	
          10.505	         1.79133	         1.79291	     -0.00157898	
         10.5319	          1.7931	         1.79463	     -0.00153051	
         10.5588	         1.79578	         1.79725	      -0.0014668	
         10.5856	          1.7993	         1.80069	     -0.00138952	
         10.6125	          1.8036	          1.8049	     -0.00130035	
         10.6394	         1.80864	         1.80984	     -0.00120079	
         10.6662	         1.81437	         1.81546	     -0.00109191	
         10.6931	         1.82076	         1.82173	    -0.000973427	
           10.72	         1.82777	         1.82862	    -0.000846741	
         10.7468	         1.83525	         1.83598	    -0.000728086	
         10.7737	         1.84303	         1.84365	    -0.000618309	
         10.8006	         1.85098	          1.8515	     -0.00051925	
         10.8274	         1.85896	          1.8594	    -0.000432617	
         10.8543	         1.86687	         1.86723	    -0.000359793	
         10.8812	         1.87458	         1.87489	     -0.00030184	
          10.908	         1.88202	         1.88227	    -0.000259295	
         10.9349	         1.88907	          1.8893	    -0.000232173	
         10.9618	         1.89566	         1.89588	    -0.000220018	
         10.9886	         1.90173	         1.90196	    -0.000221787	
         11.0155	         1.90724	         1.90748	    -0.000235849	
         11.0424	         1.91217	         1.91243	    -0.000260095	
         11.0692	         1.91652	         1.91682	    -0.000292116	
         11.0961	         1.92032	         1.92065	    -0.000329465	
          11.123	          1.9236	         1.92397	    -0.000369981	
         11.1499	         1.92639	          1.9268	    -0.000412025	
         11.1767	         1.92876	         1.92921	    -0.000454738	
         11.2036	         1.93073	         1.93123	    -0.000498726	
         11.2305	         1.93233	         1.93288	    -0.000545115	
         11.2573	          1.9336	         1.93419	    -0.000593843	
         11.2842	         1.93455	         1.93519	    -0.000644052	
         11.3111	         1.93523	         1.93592	    -0.000694777	
         11.3379	         1.93568	         1.93642	    -0.000745183	
         11.3648	         1.93594	         1.93674	    -0.000794558	
         11.3917	         1.93607	         1.93691	    -0.000842206	
         11.4185	         1.93609	         1.93697	    -0.000887348	
         11.4454	         1.93603	         1.93696	    -0.000929105	
         11.4723	         1.93592	         1.93688	    -0.000966544	
         11.4991	         1.93577	         1.93677	    -0.000998713	
          11.526	         1.93561	         1.93664	     -0.00102464	
         11.5529	         1.93547	         1.93651	     -0.00104332	
         11.5797	         1.93537	         1.93643	     -0.00105378	
         11.6066	         1.93537	         1.93642	     -0.00105513	
         11.6335	          1.9355	         1.93655	     -0.00104673	
         11.6603	         1.93584	         1.93687	     -0.00102834	
         11.6872	         1.93642	         1.93742	     -0.00100028	
         11.7141	         1.93731	         1.93827	    -0.000963584	
         11.7409	         1.93852	         1.93944	    -0.000919906	
         11.7678	         1.94008	         1.94095	    -0.000871122	
         11.7947	         1.94196	         1.94278	    -0.000818985	
         11.8215	         1.94414	          1.9449	    -0.000765098	
         11.8484	         1.94656	         1.94727	    -0.000711027	
         11.8753	         1.94919	         1.94984	    -0.000658288	
         11.9021	         1.95196	         1.95257	    -0.000608257	
          11.929	         1.95485	         1.95541	    -0.000562128	
         11.9559	         1.95781	         1.95833	    -0.000521131	
         11.9827	         1.96081	          1.9613	    -0.000486598	
         12.0096	         1.96382	         1.96428	    -0.000458541	
         12.0365	         1.96679	         1.96723	    -0.000435549	
         12.0633	         1.96969	         1.97011	    -0.000416531	
         12.0902	         1.97247	         1.97287	    -0.000400642	
         12.1171	         1.97507	         1.97546	    -0.000386813	
         12.1439	         1.97745	         1.97782	    -0.000373602	
         12.1708	         1.97954	          1.9799	    -0.000359462	
         12.1977	         1.98128	         1.98162	    -0.000343482	
         12.2245	         1.98259	         1.98292	    -0.000326121	
         12.2514	         1.98342	         1.98372	    -0.000309175	
         12.2783	         1.98369	         1.98399	    -0.000295163	
         12.3051	         1.98338	         1.98367	    -0.000286835	
          12.332	         1.98246	         1.98274	    -0.000286956	
         12.3589	         1.98091	         1.98121	    -0.000298132	
         12.3857	         1.97876	         1.97908	    -0.000322525	
         12.4126	         1.97604	          1.9764	    -0.000361535	
         12.4395	         1.97279	         1.97321	    -0.000415616	
         12.4663	         1.96909	         1.96958	    -0.000484277	
         12.4932	         1.96503	          1.9656	    -0.000566181	
         12.5201	         1.96071	         1.96137	    -0.000659265	
         12.5469	         1.95625	         1.95701	    -0.000760815	
         12.5738	         1.95181	         1.95268	    -0.000867526	
         12.6007	         1.94752	         1.94849	    -0.000975538	
         12.6275	         1.94353	         1.94461	     -0.00108052	
         12.6544	         1.93995	         1.94113	     -0.00117789	
         12.6813	         1.93689	         1.93816	     -0.00126319	
         12.7081	         1.93441	         1.93575	     -0.00133248	
          12.735	         1.93255	         1.93393	     -0.00138267	
         12.7619	         1.93129	          1.9327	     -0.00141168	
         12.7887	         1.93062	         1.93204	     -0.00141864	
         12.8156	         1.93047	         1.93187	     -0.00140384	
         12.8425	         1.93077	         1.93214	     -0.00136858	
         12.8693	         1.93144	         1.93275	     -0.00131492	
         12.8962	         1.93237	         1.93361	     -0.00124534	
         12.9231	         1.93347	         1.93464	     -0.00116249	
         12.9499	         1.93468	         1.93575	     -0.00106903	
         12.9768	         1.93592	         1.93689	     -0.00096779	
         13.0037	         1.93717	         1.93803	    -0.000862134	
         13.0305	          1.9384	         1.93915	    -0.000755079	
         13.0574	         1.93959	         1.94024	    -0.000648814	
         13.0843	         1.94077	         1.94132	    -0.000545675	
         13.1111	         1.94196	         1.94241	    -0.000448434	
          13.138	         1.94319	         1.94355	    -0.000358706	
         13.1649	         1.94447	         1.94474	    -0.000274911	
         13.1918	         1.94578	         1.94598	    -0.000196569	
         13.2186	          1.9471	         1.94722	    -0.000125048	
         13.2455	          1.9484	         1.94846	    -6.16715e-05	
         13.2724	         1.94964	         1.94965	    -7.39412e-06	
         13.2992	         1.95081	         1.95078	      3.6907e-05	
         13.3261	         1.95186	         1.95179	     6.99899e-05	
          13.353	         1.95274	         1.95265	     9.11194e-05	
         13.3798	         1.95338	         1.95328	     0.000101202	
         13.4067	         1.95372	         1.95362	     0.000101637	
         13.4336	         1.95371	         1.95362	     9.38374e-05	
         13.4604	         1.95331	         1.95324	     7.92992e-05	
         13.4873	          1.9525	         1.95244	     5.95783e-05	
         13.5142	         1.95126	         1.95122	     3.62098e-05	
          13.541	          1.9496	         1.94959	     1.06148e-05	
         13.5679	         1.94756	         1.94758	    -1.59847e-05	
         13.5948	         1.94517	         1.94522	    -4.26393e-05	
         13.6216	          1.9425	         1.94257	    -6.87306e-05	
         13.6485	         1.93963	         1.93972	    -9.40075e-05	
         13.6754	         1.93665	         1.93676	    -0.000118571	
         13.7022	         1.93366	          1.9338	     -0.00014275	
         13.7291	          1.9308	         1.93097	    -0.000166831	
          13.756	         1.92819	         1.92838	    -0.000190726	
         13.7828	         1.92597	         1.92618	    -0.000213721	
         13.8097	         1.92426	         1.92449	    -0.000234391	
         13.8366	         1.92318	         1.92343	      -0.0002507	
         13.8634	         1.92284	          1.9231	    -0.000260415	
         13.8903	         1.92331	         1.92357	    -0.000262385	
         13.9172	          1.9246	         1.92486	    -0.000258386	
          13.944	         1.92667	         1.92692	    -0.000251386	
         13.9709	         1.92946	          1.9297	    -0.000243495	
         13.9978	         1.93285	         1.93309	    -0.000236634	
         14.0246	         1.93675	         1.93698	    -0.000233521	
         14.0515	         1.94102	         1.94126	    -0.000239648	
         14.0784	         1.94551	         1.94576	     -0.00025503	
         14.1052	         1.95002	          1.9503	    -0.000275286	
         14.1321	         1.95439	         1.95468	    -0.000299498	
          14.159	         1.95844	         1.95876	     -0.00032726	
         14.1858	         1.96204	          1.9624	    -0.000358209	
         14.2127	         1.96508	         1.96547	    -0.000392007	
         14.2396	         1.96747	          1.9679	    -0.000428336	
         14.2664	         1.96917	         1.96964	      -0.0004669	
         14.2933	         1.97016	         1.97067	    -0.000507461	
         14.3202	         1.97046	         1.97101	    -0.000549893	
          14.347	         1.97013	         1.97072	    -0.000594232	
         14.3739	         1.96926	          1.9699	    -0.000640711	
         14.4008	         1.96796	         1.96865	    -0.000689771	
         14.4276	          1.9664	         1.96714	    -0.000742126	
         14.4545	         1.96475	         1.96555	    -0.000799112	
         14.4814	         1.96321	         1.96407	    -0.000859965	
         14.5082	         1.96194	         1.96286	    -0.000924386	
         14.5351	         1.96107	         1.96206	    -0.000990832	
          14.562	         1.96075	          1.9618	     -0.00105505	
         14.5888	         1.96112	         1.96222	      -0.0011071	
         14.6157	         1.96225	         1.96341	     -0.00116101	
         14.6426	         1.96411	         1.96533	     -0.00121612	
         14.6694	         1.96664	         1.96791	     -0.00126703	
         14.6963	         1.96975	         1.97106	     -0.00131069	
         14.7232	         1.97335	          1.9747	     -0.00134503	
           14.75	         1.97734	         1.97871	     -0.00136844	
         14.7769	         1.98158	         1.98296	     -0.00137965	
         14.8038	         1.98594	         1.98732	     -0.00137782	
         14.8306	          1.9903	         1.99166	     -0.00136286	
         14.8575	         1.99453	         1.99586	     -0.00133542	
         14.8844	         1.99853	         1.99982	     -0.00129669	
         14.9112	         2.00222	         2.00347	     -0.00124824	
         14.9381	         2.00555	         2.00675	      -0.0011918	
          14.965	          2.0085	         2.00963	     -0.00112918	
         14.9918	         2.01105	         2.01211	     -0.00106237	
         15.0187	         2.01318	         2.01418	    -0.000993597	
         15.0456	         2.01491	         2.01584	    -0.000925252	
         15.0724	         2.01623	         2.01709	    -0.000859484	
         15.0993	         2.01714	         2.01794	    -0.000797867	
         15.1262	         2.01764	         2.01838	    -0.000741274	
         15.1531	         2.01772	         2.01841	    -0.000689919	
         15.1799	         2.01739	         2.01803	    -0.000643443	
         15.2068	         2.01666	         2.01726	    -0.000601109	
         15.2337	         2.01553	         2.01609	    -0.000562289	
         15.2605	         2.01403	         2.01455	    -0.000527049	
         15.2874	         2.01215	         2.01264	    -0.000496039	
         15.3143	         2.00991	         2.01038	    -0.000469898	
         15.3411	         2.00736	         2.00781	    -0.000449071	
          15.368	         2.00454	         2.00498	    -0.000433933	
         15.3949	         2.00154	         2.00196	    -0.000424858	
         15.4217	         1.99842	         1.99885	    -0.000422159	
         15.4486	          1.9953	         1.99573	     -0.00042598	
         15.4755	         1.99228	         1.99272	    -0.000436177	
         15.5023	         1.98947	         1.98992	    -0.000452106	
         15.5292	         1.98697	         1.98744	    -0.000472317	
         15.5561	         1.98488	         1.98537	    -0.000494564	
         15.5829	         1.98327	         1.98379	    -0.000516536	
         15.6098	         1.98221	         1.98275	    -0.000536366	
         15.6367	         1.98176	         1.98232	    -0.000554748	
         15.6635	         1.98195	         1.98253	    -0.000585156	
         15.6904	         1.98273	         1.98336	    -0.000631138	
         15.7173	         1.98404	         1.98472	    -0.000684611	
         15.7441	         1.98579	         1.98653	    -0.000740766	
          15.771	         1.98787	         1.98867	    -0.000796565	
         15.7979	          1.9902	         1.99105	    -0.000849955	
         15.8247	         1.99267	         1.99357	    -0.000899695	
         15.8516	         1.99519	         1.99614	    -0.000945283	
         15.8785	         1.99771	         1.99869	    -0.000986874	
         15.9053	         2.00015	         2.00118	     -0.00102518	
         15.9322	         2.00249	         2.00356	     -0.00106129	
         15.9591	         2.00469	         2.00579	     -0.00109648	
         15.9859	         2.00673	         2.00786	     -0.00113182	
         16.0128	         2.00857	         2.00974	     -0.00116784	
         16.0397	         2.01022	         2.01142	     -0.00120435	
         16.0665	         2.01164	         2.01288	     -0.00124041	
         16.0934	         2.01283	          2.0141	     -0.00127451	
         16.1203	         2.01377	         2.01507	     -0.00130482	
         16.1471	         2.01444	         2.01577	     -0.00132933	
          16.174	         2.01484	         2.01619	     -0.00134612	
         16.2009	         2.01496	         2.01631	      -0.0013535	
         16.2277	         2.01478	         2.01613	     -0.00135018	
         16.2546	          2.0143	         2.01563	     -0.00133523	
         16.2815	          2.0135	          2.0148	     -0.00130786	
         16.3083	         2.01237	         2.01364	     -0.00126754	
         16.3352	         2.01092	         2.01213	     -0.00121412	
         16.3621	         2.00914	         2.01029	       -0.001148	
         16.3889	         2.00706	         2.00813	     -0.00107015	
         16.4158	         2.00469	         2.00567	     -0.00098209	
         16.4427	         2.00207	         2.00295	    -0.000885901	
         16.4695	         1.99925	         2.00003	    -0.000784201	
         16.4964	         1.99627	         1.99695	    -0.000680066	
         16.5233	         1.99318	         1.99376	     -0.00057682	
         16.5501	         1.99001	         1.99049	    -0.000477796	
          16.577	         1.98679	         1.98718	    -0.000386175	
         16.6039	         1.98354	         1.98385	    -0.000304877	
         16.6307	         1.98027	          1.9805	    -0.000236487	
         16.6576	         1.97697	         1.97715	    -0.000183194	
         16.6845	         1.97365	         1.97379	    -0.000146727	
         16.7113	         1.97029	         1.97042	    -0.000128295	
         16.7382	         1.96691	         1.96704	    -0.000128501	
         16.7651	          1.9635	         1.96364	    -0.000147243	
         16.7919	         1.96005	         1.96024	    -0.000183629	
         16.8188	          1.9566	         1.95684	    -0.000235959	
         16.8457	         1.95316	         1.95346	    -0.000301804	
         16.8725	         1.94978	         1.95016	    -0.000378176	
         16.8994	         1.94653	         1.94699	    -0.000461755	
         16.9263	         1.94349	         1.94404	    -0.000549146	
         16.9531	         1.94075	         1.94139	    -0.000637286	
           16.98	         1.93844	         1.93917	    -0.000724416	
         17.0069	         1.93669	          1.9375	    -0.000809493	
         17.0337	         1.93559	         1.93648	    -0.000889546	
         17.0606	         1.93521	         1.93618	    -0.000968148	
         17.0875	         1.93557	         1.93662	     -0.00104597	
         17.1143	         1.93666	         1.93778	     -0.00112202	
         17.1412	         1.93843	         1.93962	     -0.00119414	
         17.1681	          1.9408	         1.94206	     -0.00125971	
          17.195	         1.94368	           1.945	      -0.0013161	
         17.2218	         1.94696	         1.94832	     -0.00136105	
         17.2487	         1.95052	         1.95192	     -0.00139276	
         17.2756	         1.95425	         1.95566	     -0.00141004	
         17.3024	         1.95804	         1.95945	     -0.00141224	
         17.3293	          1.9618	          1.9632	      -0.0014001	
         17.3562	         1.96545	         1.96683	     -0.00137787	
          17.383	         1.96894	         1.97029	     -0.00135081	
         17.4099	         1.97219	         1.97351	     -0.00132076	
         17.4368	         1.97519	         1.97648	     -0.00128831	
         17.4636	          1.9779	         1.97916	     -0.00125426	
         17.4905	         1.98036	         1.98158	     -0.00121963	
         17.5174	         1.98256	         1.98375	     -0.00118563	
         17.5442	         1.98457	         1.98572	     -0.00115349	
         17.5711	         1.98641	         1.98754	     -0.00112449	
          17.598	         1.98814	         1.98924	     -0.00109978	
         17.6248	          1.9898	         1.99088	     -0.00108032	
         17.6517	         1.99143	          1.9925	     -0.00106674	
         17.6786	         1.99308	         1.99414	     -0.00105926	
         17.7054	         1.99478	         1.99583	      -0.0010577	
         17.7323	         1.99655	         1.99761	     -0.00106158	
         17.7592	         1.99842	         1.99949	     -0.00107021	
          17.786	          2.0004	         2.00149	     -0.00108285	
         17.8129	          2.0025	          2.0036	     -0.00109851	
         17.8398	          2.0047	         2.00582	     -0.00111572	
         17.8666	         2.00697	         2.00811	     -0.00113264	
         17.8935	         2.00926	         2.01041	     -0.00114804	
         17.9204	         2.01152	         2.01268	     -0.00116186	
         17.9472	         2.01371	         2.01488	     -0.00117487	
         17.9741	         2.01578	         2.01697	     -0.00118819	
          18.001	         2.01771	         2.01892	     -0.00120294	
         18.0278	          2.0195	         2.02072	     -0.00122006	
         18.0547	         2.02112	         2.02236	     -0.00124028	
         18.0816	         2.02258	         2.02384	     -0.00126419	
         18.1084	         2.02386	         2.02515	     -0.00129218	
         18.1353	         2.02496	         2.02628	     -0.00132409	
         18.1622	         2.02588	         2.02724	     -0.00135911	
          18.189	         2.02663	         2.02802	     -0.00139606	
         18.2159	          2.0272	         2.02863	     -0.00143363	
         18.2428	         2.02761	         2.02908	     -0.00147072	
         18.2696	         2.02788	         2.02938	     -0.00150654	
         18.2965	           2.028	         2.02954	      -0.0015407	
         18.3234	         2.02801	         2.02959	     -0.00157314	
         18.3502	         2.02792	         2.02952	      -0.0016041	
         18.3771	         2.02775	         2.02938	     -0.00163401	
          18.404	         2.02751	         2.02918	     -0.00166333	
         18.4308	         2.02723	         2.02893	     -0.00169249	
         18.4577	         2.02692	         2.02865	     -0.00172172	
         18.4846	         2.02659	         2.02834	     -0.00175106	
         18.5114	         2.02624	         2.02802	     -0.00178024	
         18.5383	         2.02588	         2.02768	     -0.00180876	
         18.5652	         2.02548	         2.02732	     -0.00183598	
          18.592	         2.02506	         2.02692	     -0.00186121	
         18.6189	         2.02459	         2.02648	     -0.00188391	
         18.6458	         2.02408	         2.02598	     -0.00190373	
         18.6726	         2.02351	         2.02543	     -0.00192063	
         18.6995	          2.0229	         2.02483	     -0.00193486	
         18.7264	         2.02225	         2.02419	     -0.00194691	
         18.7532	         2.02158	         2.02353	     -0.00195751	
         18.7801	         2.02091	         2.02288	     -0.00196784	
          18.807	         2.02027	         2.02224	     -0.00197859	
         18.8338	         2.01966	         2.02164	     -0.00198416	
         18.8607	         2.01909	         2.02107	     -0.00198006	
         18.8876	         2.01858	         2.02054	     -0.00196689	
         18.9144	         2.01813	         2.02007	     -0.00194583	
         18.9413	         2.01778	          2.0197	     -0.00191806	
         18.9682	         2.01758	         2.01947	     -0.00188495	
          18.995	         2.01757	         2.01942	     -0.00184844	
         19.0219	         2.01781	         2.01962	     -0.00181119	
         19.0488	         2.01832	          2.0201	     -0.00177603	
         19.0756	         2.01914	         2.02089	     -0.00174508	
         19.1025	         2.02029	         2.02201	      -0.0017192	
         19.1294	         2.02176	         2.02346	     -0.00169807	
         19.1562	         2.02353	         2.02521	     -0.00168034	
         19.1831	         2.02559	         2.02726	     -0.00166402	
           19.21	          2.0279	         2.02955	     -0.00164606	
         19.2369	         2.03042	         2.03204	      -0.0016212	
         19.2637	         2.03303	         2.03464	     -0.00161042	
         19.2906	         2.03556	         2.03717	     -0.00160985	
         19.3175	         2.03789	         2.03951	     -0.00161819	
         19.3443	         2.03988	         2.04151	     -0.00163579	
         19.3712	         2.04142	         2.04308	     -0.00166295	
         19.3981	         2.04244	         2.04414	     -0.00169916	
         19.4249	         2.04286	          2.0446	     -0.00174286	
         19.4518	         2.04266	         2.04445	     -0.00179162	
         19.4787	         2.04183	         2.04367	     -0.00184253	
         19.5055	          2.0404	          2.0423	     -0.00189249	
         19.5324	         2.03846	          2.0404	     -0.00193816	
         19.5593	         2.03609	         2.03807	     -0.00197599	
         19.5861	         2.03343	         2.03543	     -0.00200235	
          19.613	         2.03063	         2.03264	     -0.00201374	
         19.6399	         2.02784	         2.02985	     -0.00200719	
         19.6667	         2.02525	         2.02723	     -0.00198078	
         19.6936	         2.02299	         2.02493	     -0.00193434	
         19.7205	         2.02122	         2.02309	     -0.00187006	
         19.7473	         2.02005	         2.02184	     -0.00179209	
         19.7742	         2.01954	         2.02124	     -0.00170434	
         19.8011	          2.0197	         2.02131	     -0.00160892	
         19.8279	         2.02055	         2.02206	     -0.00150703	
         19.8548	         2.02204	         2.02344	     -0.00139991	
         19.8817	         2.02413	         2.02542	     -0.00128915	
         19.9085	         2.02674	         2.02792	     -0.00117655	
         19.9354	         2.02979	         2.03086	     -0.00106398	
         19.9623	         2.03319	         2.03414	    -0.000953281	
         19.9891	         2.03682	         2.03766	    -0.000846104	
          20.016	         2.04057	         2.04131	    -0.000743837	
         20.0429	         2.04434	         2.04499	    -0.000647541	
         20.0697	         2.04802	         2.04858	    -0.000557928	
         20.0966	         2.05153	         2.05201	    -0.000475371	
         20.1235	          2.0548	          2.0552	    -0.000399853	
         20.1503	         2.05779	         2.05812	    -0.000330128	
         20.1772	         2.06048	         2.06074	    -0.000259783	
         20.2041	         2.06287	         2.06308	    -0.000210258	
         20.2309	         2.06489	         2.06507	    -0.000181432	
         20.2578	         2.06653	          2.0667	    -0.000168936	
         20.2847	         2.06779	         2.06796	    -0.000170234	
         20.3115	         2.06866	         2.06885	     -0.00018343	
         20.3384	         2.06916	         2.06936	    -0.000207156	
         20.3653	         2.06929	         2.06953	    -0.000240574	
         20.3921	         2.06907	         2.06936	    -0.000283306	
          20.419	         2.06853	         2.06887	    -0.000335321	
         20.4459	          2.0677	          2.0681	     -0.00039685	
         20.4727	          2.0666	         2.06707	     -0.00046834	
         20.4996	         2.06528	         2.06583	    -0.000550469	
         20.5265	         2.06377	         2.06442	    -0.000644163	
         20.5533	         2.06212	         2.06287	    -0.000750562	
         20.5802	         2.06035	         2.06122	    -0.000870887	
         20.6071	         2.05851	         2.05952	      -0.0010062	
         20.6339	         2.05664	         2.05779	     -0.00115705	
         20.6608	         2.05475	         2.05607	     -0.00132319	
         20.6877	         2.05287	         2.05438	     -0.00150327	
         20.7145	         2.05103	         2.05272	     -0.00169468	
         20.7414	         2.04924	         2.05113	     -0.00189354	
         20.7683	         2.04752	         2.04961	     -0.00209476	
         20.7951	         2.04588	         2.04818	     -0.00229216	
          20.822	         2.04436	         2.04684	     -0.00247885	
         20.8489	         2.04296	         2.04561	     -0.00264794	
         20.8757	         2.04172	         2.04452	     -0.00279363	
         20.9026	         2.04065	         2.04356	     -0.00291213	
         20.9295	         2.03975	         2.04275	     -0.00300134	
         20.9563	         2.03904	          2.0421	     -0.00306012	
         20.9832	         2.03852	         2.04161	      -0.0030882	
         21.0101	          2.0382	         2.04129	     -0.00308653	
         21.0369	         2.03808	         2.04114	     -0.00305722	
         21.0638	         2.03817	         2.04117	     -0.00300261	
         21.0907	         2.03846	         2.04139	     -0.00292411	
         21.1175	         2.03896	         2.04178	     -0.00282211	
         21.1444	         2.03964	         2.04234	     -0.00269699	
         21.1713	         2.04052	         2.04307	      -0.0025503	
         21.1982	         2.04157	         2.04395	     -0.00238517	
          21.225	         2.04278	         2.04498	     -0.00220603	
         21.2519	         2.04414	         2.04616	     -0.00201805	
         21.2788	         2.04563	         2.04746	      -0.0018264	
         21.3056	         2.04727	          2.0489	     -0.00163577	
         21.3325	         2.04903	         2.05048	     -0.00145011	
         21.3594	         2.05094	         2.05221	     -0.00127258	
         21.3862	         2.05299	          2.0541	     -0.00110582	
         21.4131	         2.05518	         2.05613	    -0.000952193	
           21.44	          2.0575	         2.05831	    -0.000813724	
         21.4668	          2.0599	         2.06059	    -0.000691766	
         21.4937	         2.06233	         2.06292	    -0.000586554	
         21.5206	         2.06472	         2.06521	    -0.000497123	
         21.5474	         2.06697	         2.06739	    -0.000421606	
         21.5743	         2.06899	         2.06935	    -0.000357701	
         21.6012	         2.07071	         2.07101	    -0.000303115	
          21.628	         2.07204	          2.0723	    -0.000255831	
         21.6549	         2.07295	         2.07316	    -0.000214033	
         21.6818	         2.07338	         2.07356	    -0.000175524	
         21.7086	         2.07333	         2.07347	    -0.000138483	
         21.7355	         2.07279	         2.07289	    -0.000104829	
         21.7624	         2.07177	         2.07184	    -7.83974e-05	
         21.7892	         2.07029	         2.07035	    -6.22118e-05	
         21.8161	          2.0684	         2.06846	    -5.86298e-05	
          21.843	         2.06616	         2.06623	    -6.96093e-05	
