        0.085971	      0.00945591	      0.00945592	    -1.67689e-08	
        0.171942	       0.0338973	       0.0338974	     -6.3243e-08	
        0.257913	        0.072757	       0.0727572	    -1.12846e-07	
        0.343884	        0.125128	        0.125129	    -1.37755e-07	
        0.429855	         0.18832	         0.18832	    -1.15166e-07	
        0.515826	        0.258475	        0.258475	    -8.79006e-09	
        0.601797	        0.331696	        0.331696	     1.90864e-07	
        0.687768	        0.404843	        0.404842	     4.41692e-07	
        0.773739	        0.475735	        0.475734	     6.00578e-07	
         0.85971	        0.542836	        0.542835	     4.60667e-07	
        0.945681	        0.604793	        0.604793	    -1.91743e-07	
         1.03165	        0.660234	        0.660235	    -1.46821e-06	
         1.11762	        0.708082	        0.708085	    -3.31642e-06	
         1.20359	        0.748295	          0.7483	    -5.52789e-06	
         1.28957	        0.782596	        0.782604	    -7.74398e-06	
         1.37554	        0.814582	        0.814592	    -9.52512e-06	
         1.46151	        0.848827	        0.848838	    -1.04925e-05	
         1.54748	        0.889236	        0.889246	    -1.03967e-05	
         1.63345	        0.937501	         0.93751	    -9.22995e-06	
         1.71942	        0.992577	        0.992584	    -7.21731e-06	
         1.80539	         1.05126	         1.05126	    -4.74524e-06	
         1.89136	         1.10921	         1.10921	     -2.3031e-06	
         1.97733	         1.16186	         1.16186	    -3.84682e-07	
          2.0633	         1.20509	         1.20509	     5.74383e-07	
         2.14928	         1.23591	         1.23591	     2.78224e-07	
         2.23525	         1.25314	         1.25314	     -1.3561e-06	
         2.32122	         1.25798	         1.25798	    -4.14955e-06	
         2.40719	         1.25387	         1.25388	    -7.66095e-06	
         2.49316	         1.24567	         1.24568	    -1.12683e-05	
         2.57913	         1.23824	         1.23825	    -1.43363e-05	
          2.6651	          1.2351	         1.23511	    -1.64245e-05	
         2.75107	         1.23788	          1.2379	    -1.74487e-05	
         2.83704	         1.24644	         1.24646	    -1.76999e-05	
         2.92302	         1.25937	         1.25938	     -1.7728e-05	
         3.00899	         1.27441	         1.27443	    -1.80372e-05	
         3.09496	         1.28896	         1.28898	    -1.88785e-05	
         3.18093	         1.30084	         1.30086	    -2.01044e-05	
          3.2669	         1.30927	         1.30929	    -2.12112e-05	
         3.35287	         1.31564	         1.31566	    -2.16159e-05	
         3.43884	         1.32331	         1.32333	    -2.09607e-05	
         3.52481	         1.33653	         1.33655	    -1.93033e-05	
         3.61078	         1.35866	         1.35868	    -1.71597e-05	
         3.69675	         1.39081	         1.39083	    -1.52029e-05	
         3.78273	         1.43155	         1.43157	    -1.38663e-05	
          3.8687	         1.47767	         1.47768	    -1.31124e-05	
         3.95467	         1.52509	          1.5251	    -1.26685e-05	
         4.04064	         1.56982	         1.56983	    -1.22732e-05	
         4.12661	         1.60869	         1.60871	     -1.1779e-05	
         4.21258	         1.63996	         1.63997	    -1.11761e-05	
         4.29855	         1.66344	         1.66345	    -1.05564e-05	
         4.38452	         1.68058	         1.68059	    -1.00975e-05	
         4.47049	         1.69415	         1.69416	    -1.00706e-05	
         4.55646	         1.70747	         1.70748	    -1.06238e-05	
         4.64244	         1.72349	          1.7235	    -1.15206e-05	
         4.72841	         1.74422	         1.74423	    -1.22486e-05	
         4.81438	         1.77042	         1.77044	    -1.23298e-05	
         4.90035	         1.80157	         1.80158	    -1.16189e-05	
         4.98632	         1.83601	         1.83602	    -1.04177e-05	
         5.07229	         1.87131	         1.87132	    -9.01028e-06	
         5.15826	         1.90503	         1.90504	    -7.48513e-06	
         5.24423	         1.93545	         1.93546	    -5.93514e-06	
          5.3302	         1.96186	         1.96187	    -4.32402e-06	
         5.41618	         1.98455	         1.98456	    -2.76427e-06	
         5.50215	         2.00467	         2.00467	    -1.60677e-06	
         5.58812	         2.02376	         2.02376	    -1.10006e-06	
         5.67409	         2.04312	         2.04312	    -1.24081e-06	
         5.76006	         2.06327	         2.06327	    -1.94283e-06	
         5.84603	         2.08406	         2.08407	    -3.00509e-06	
           5.932	         2.10508	         2.10508	     -4.3277e-06	
         6.01797	         2.12614	         2.12615	    -6.16998e-06	
         6.10394	          2.1474	         2.14741	    -8.56332e-06	
         6.18991	         2.16879	          2.1688	    -1.12395e-05	
         6.27589	         2.18962	         2.18963	    -1.38367e-05	
         6.36186	         2.20859	         2.20861	     -1.6308e-05	
         6.44783	         2.22429	         2.22431	    -1.89981e-05	
          6.5338	         2.23594	         2.23596	    -2.21226e-05	
         6.61977	         2.24358	          2.2436	    -2.51801e-05	
         6.70574	         2.24765	         2.24768	    -2.68876e-05	
         6.79171	         2.24864	         2.24866	    -2.58566e-05	
         6.87768	         2.24721	         2.24724	    -2.19595e-05	
         6.96365	         2.24455	         2.24457	    -1.64069e-05	
         7.04962	         2.24187	         2.24188	    -1.10507e-05	
          7.1356	         2.23981	         2.23981	    -7.45488e-06	
         7.22157	         2.23833	         2.23834	    -6.24167e-06	
         7.30754	         2.23749	          2.2375	    -7.11282e-06	
         7.39351	         2.23802	         2.23803	    -9.38455e-06	
         7.47948	         2.24103	         2.24105	    -1.24976e-05	
         7.56545	         2.24672	         2.24673	     -1.5761e-05	
         7.65142	         2.25383	         2.25385	    -1.85333e-05	
         7.73739	         2.26039	         2.26041	    -2.03541e-05	
         7.82336	         2.26493	         2.26495	    -2.10557e-05	
         7.90934	         2.26728	          2.2673	    -2.07036e-05	
         7.99531	         2.26862	         2.26864	    -1.97403e-05	
         8.08128	         2.27051	         2.27052	    -1.89345e-05	
         8.16725	         2.27392	         2.27394	    -1.86701e-05	
         8.25322	         2.27868	          2.2787	    -1.87544e-05	
         8.33919	         2.28377	         2.28379	    -1.85785e-05	
         8.42516	          2.2883	         2.28832	    -1.73167e-05	
         8.51113	          2.2923	         2.29231	    -1.44296e-05	
          8.5971	         2.29655	         2.29656	    -1.02158e-05	
         8.68307	          2.3018	         2.30181	    -5.65325e-06	
         8.76905	         2.30844	         2.30845	    -1.77779e-06	
         8.85502	         2.31673	         2.31673	     5.80689e-07	
         8.94099	          2.3267	          2.3267	     1.13236e-06	
         9.02696	         2.33782	         2.33782	      4.5552e-07	
         9.11293	          2.3489	          2.3489	    -4.77489e-07	
          9.1989	         2.35869	         2.35869	    -1.42478e-06	
         9.28487	         2.36664	         2.36664	    -2.02606e-06	
         9.37084	         2.37318	         2.37319	    -2.36004e-06	
         9.45681	         2.37911	         2.37911	    -2.85427e-06	
         9.54279	         2.38501	         2.38501	    -3.87511e-06	
         9.62876	         2.39104	         2.39104	    -5.89937e-06	
         9.71473	         2.39706	         2.39707	    -9.37159e-06	
          9.8007	         2.40301	         2.40303	    -1.42565e-05	
         9.88667	         2.40919	         2.40921	    -2.00163e-05	
         9.97264	         2.41603	         2.41606	    -2.55387e-05	
         10.0586	         2.42355	         2.42358	    -2.87212e-05	
         10.1446	         2.43138	         2.43141	    -2.81923e-05	
         10.2306	         2.43941	         2.43944	    -2.40493e-05	
         10.3165	         2.44795	         2.44797	    -1.83425e-05	
         10.4025	         2.45729	         2.45731	    -1.37692e-05	
         10.4885	         2.46726	         2.46727	     -1.1516e-05	
         10.5744	         2.47696	         2.47697	    -1.09591e-05	
         10.6604	         2.48517	         2.48518	    -1.08571e-05	
         10.7464	         2.49069	          2.4907	    -1.05374e-05	
         10.8324	         2.49259	          2.4926	    -1.07176e-05	
         10.9183	         2.48999	         2.49001	    -1.31904e-05	
         11.0043	         2.48298	         2.48299	    -1.76849e-05	
         11.0903	         2.47304	         2.47306	    -2.26619e-05	
         11.1762	         2.46277	         2.46279	    -2.63591e-05	
         11.2622	         2.45535	         2.45538	    -2.79016e-05	
         11.3482	         2.45368	          2.4537	    -2.77567e-05	
         11.4341	         2.45872	         2.45875	    -2.66413e-05	
         11.5201	          2.4682	         2.46823	    -2.53491e-05	
         11.6061	         2.47838	         2.47841	     -2.4803e-05	
         11.6921	         2.48635	         2.48638	    -2.45924e-05	
          11.778	         2.49111	         2.49113	    -2.35826e-05	
          11.864	         2.49276	         2.49278	    -2.17755e-05	
           11.95	         2.49134	         2.49136	    -1.88996e-05	
         12.0359	         2.48674	         2.48675	    -1.49213e-05	
         12.1219	         2.47899	           2.479	     -1.0842e-05	
         12.2079	         2.46889	         2.46889	    -6.93809e-06	
         12.2939	         2.45837	         2.45838	      -3.385e-06	
         12.3798	         2.44982	         2.44982	     1.90144e-07	
         12.4658	          2.4454	          2.4454	     3.68192e-06	
         12.5518	         2.44604	         2.44603	     7.39691e-06	
         12.6377	         2.45084	         2.45083	     1.06678e-05	
         12.7237	         2.45799	         2.45798	     1.24536e-05	
         12.8097	         2.46528	         2.46527	     1.16318e-05	
         12.8957	         2.47058	         2.47058	     8.55603e-06	
         12.9816	         2.47291	          2.4729	     4.11792e-06	
         13.0676	          2.4726	          2.4726	    -9.78477e-07	
         13.1536	         2.47097	         2.47097	    -6.56598e-06	
         13.2395	         2.46956	         2.46957	    -1.24643e-05	
         13.3255	         2.46963	         2.46965	    -1.74346e-05	
         13.4115	         2.47192	         2.47194	    -1.90726e-05	
         13.4975	         2.47671	         2.47673	    -1.65259e-05	
         13.5834	         2.48352	         2.48353	    -1.11331e-05	
         13.6694	          2.4913	         2.49131	    -5.55509e-06	
         13.7554	         2.49922	         2.49922	    -1.55251e-06	
         13.8413	           2.507	           2.507	    -1.75428e-08	
         13.9273	         2.51525	         2.51525	    -6.68887e-07	
         14.0133	          2.5244	          2.5244	    -2.51431e-06	
         14.0992	         2.53357	         2.53357	      -3.701e-06	
         14.1852	         2.54155	         2.54156	     -2.9849e-06	
         14.2712	         2.54733	         2.54733	    -4.57949e-07	
         14.3572	         2.55047	         2.55047	     3.21637e-06	
         14.4431	         2.55118	         2.55118	     6.68582e-06	
         14.5291	         2.55018	         2.55017	     8.03098e-06	
         14.6151	         2.54868	         2.54867	     5.80119e-06	
          14.701	          2.5477	          2.5477	     2.82418e-09	
          14.787	          2.5475	          2.5475	    -7.31902e-06	
          14.873	         2.54723	         2.54724	    -1.43658e-05	
          14.959	         2.54618	          2.5462	    -2.12594e-05	
         15.0449	         2.54452	         2.54455	    -2.70896e-05	
         15.1309	         2.54303	         2.54306	    -2.95943e-05	
         15.2169	         2.54242	         2.54245	    -2.72911e-05	
         15.3028	         2.54338	          2.5434	    -2.06469e-05	
         15.3888	         2.54685	         2.54686	     -1.1741e-05	
         15.4748	         2.55375	         2.55375	    -2.66339e-06	
         15.5608	         2.56408	         2.56408	     4.72162e-06	
         15.6467	         2.57701	           2.577	      8.8181e-06	
         15.7327	         2.59122	         2.59121	     8.37967e-06	
         15.8187	         2.60477	         2.60477	     3.41282e-06	
         15.9046	         2.61544	         2.61544	    -3.83249e-06	
         15.9906	         2.62151	         2.62152	    -1.02261e-05	
         16.0766	         2.62204	         2.62205	    -1.38515e-05	
         16.1626	         2.61701	         2.61702	    -1.45103e-05	
         16.2485	         2.60785	         2.60786	     -1.3491e-05	
         16.3345	         2.59692	         2.59694	    -1.25677e-05	
         16.4205	         2.58711	         2.58713	    -1.31634e-05	
         16.5064	         2.58115	         2.58117	    -1.56018e-05	
         16.5924	         2.58027	         2.58029	    -1.91015e-05	
         16.6784	         2.58377	         2.58379	    -2.27101e-05	
         16.7644	          2.5896	         2.58963	    -2.59237e-05	
         16.8503	         2.59556	         2.59559	    -2.90217e-05	
         16.9363	         2.60028	         2.60031	    -3.19488e-05	
         17.0223	         2.60334	         2.60337	    -3.36707e-05	
         17.1082	         2.60522	         2.60525	    -3.29907e-05	
         17.1942	          2.6066	         2.60663	    -3.11352e-05	
         17.2802	         2.60779	         2.60782	    -2.93991e-05	
         17.3661	         2.60916	         2.60919	    -2.72566e-05	
         17.4521	         2.61076	         2.61079	    -2.43012e-05	
         17.5381	         2.61258	         2.61261	    -2.07211e-05	
         17.6241	         2.61477	         2.61478	    -1.71312e-05	
           17.71	         2.61754	         2.61755	    -1.41257e-05	
          17.796	         2.62068	         2.62069	    -1.30322e-05	
          17.882	         2.62378	          2.6238	    -1.56017e-05	
         17.9679	         2.62669	         2.62671	    -2.23854e-05	
         18.0539	         2.62926	         2.62929	    -3.27782e-05	
         18.1399	         2.63079	         2.63083	     -4.5604e-05	
         18.2259	         2.63012	         2.63018	    -5.87839e-05	
         18.3118	         2.62677	         2.62684	    -6.90943e-05	
         18.3978	         2.62149	         2.62156	    -7.23599e-05	
         18.4838	          2.6158	         2.61587	    -6.66065e-05	
         18.5697	         2.61165	          2.6117	    -5.38969e-05	
         18.6557	         2.61044	         2.61048	    -3.83548e-05	
         18.7417	         2.61216	         2.61219	    -2.45111e-05	
         18.8277	         2.61634	         2.61636	    -1.59708e-05	
         18.9136	           2.622	         2.62201	    -1.47875e-05	
         18.9996	         2.62797	         2.62799	    -2.10793e-05	
         19.0856	         2.63309	         2.63312	    -3.17537e-05	
         19.1715	          2.6373	         2.63734	    -4.20176e-05	
         19.2575	         2.64108	         2.64113	    -4.88178e-05	
         19.3435	         2.64482	         2.64487	    -5.13977e-05	
         19.4295	         2.64877	         2.64882	    -5.12794e-05	
         19.5154	         2.65293	         2.65298	    -5.09057e-05	
         19.6014	         2.65709	         2.65715	    -5.22538e-05	
         19.6874	         2.66102	         2.66108	    -5.63974e-05	
         19.7733	         2.66445	         2.66451	    -6.21452e-05	
         19.8593	         2.66668	         2.66675	    -6.65726e-05	
         19.9453	         2.66682	         2.66689	    -6.70117e-05	
         20.0313	         2.66401	         2.66407	    -6.25947e-05	
         20.1172	         2.65795	         2.65801	    -5.42443e-05	
         20.2032	         2.64959	         2.64963	    -4.41067e-05	
         20.2892	         2.64115	         2.64119	    -3.50022e-05	
         20.3751	         2.63511	         2.63514	    -2.92452e-05	
         20.4611	         2.63318	         2.63321	    -2.81802e-05	
         20.5471	          2.6358	         2.63583	    -3.07071e-05	
          20.633	         2.64175	         2.64178	    -3.41147e-05	
          20.719	         2.64904	         2.64908	    -3.54712e-05	
          20.805	         2.65576	          2.6558	    -3.25869e-05	
          20.891	          2.6607	         2.66072	     -2.4761e-05	
         20.9769	         2.66341	         2.66342	     -1.3115e-05	
         21.0629	         2.66363	         2.66363	     4.51697e-07	
         21.1489	         2.66175	         2.66173	     1.34733e-05	
         21.2348	         2.65914	         2.65911	     2.27525e-05	
         21.3208	         2.65712	          2.6571	     2.41472e-05	
         21.4068	         2.65641	         2.65639	     1.59866e-05	
         21.4928	         2.65762	         2.65762	     1.22619e-06	
         21.5787	         2.66131	         2.66132	    -1.40204e-05	
         21.6647	         2.66723	         2.66726	    -2.49871e-05	
         21.7507	         2.67465	         2.67468	    -3.07873e-05	
         21.8366	         2.68308	         2.68311	    -3.39733e-05	
         21.9226	         2.69201	         2.69205	    -3.60635e-05	
         22.0086	         2.70048	         2.70052	    -3.75709e-05	
         22.0946	          2.7072	         2.70724	    -3.90111e-05	
         22.1805	         2.71162	         2.71166	    -4.01592e-05	
         22.2665	         2.71448	         2.71452	    -3.93262e-05	
         22.3525	         2.71684	         2.71688	    -3.58764e-05	
         22.4384	         2.71911	         2.71914	    -3.13202e-05	
         22.5244	         2.72045	         2.72048	    -2.64236e-05	
         22.6104	         2.71976	         2.71978	    -2.32163e-05	
         22.6964	           2.717	         2.71702	    -2.25264e-05	
         22.7823	         2.71342	         2.71344	    -2.32427e-05	
         22.8683	         2.71075	         2.71077	    -2.55521e-05	
         22.9543	          2.7099	         2.70993	    -2.90863e-05	
         23.0402	         2.71128	         2.71132	    -3.24784e-05	
         23.1262	         2.71439	         2.71442	    -3.46682e-05	
         23.2122	         2.71784	         2.71787	    -3.60048e-05	
         23.2982	         2.71989	         2.71993	    -3.73842e-05	
         23.3841	         2.71917	         2.71921	    -3.88551e-05	
         23.4701	         2.71499	         2.71503	    -3.94478e-05	
         23.5561	          2.7081	         2.70814	    -3.74028e-05	
          23.642	         2.70075	         2.70078	    -3.15737e-05	
          23.728	         2.69575	         2.69577	     -2.3328e-05	
          23.814	         2.69467	         2.69469	    -1.47103e-05	
         23.8999	         2.69638	         2.69639	    -7.36211e-06	
         23.9859	          2.6984	          2.6984	    -1.57857e-06	
         24.0719	         2.69902	         2.69901	     3.30418e-06	
         24.1579	         2.69809	         2.69808	     7.81692e-06	
         24.2438	         2.69695	         2.69694	     1.13088e-05	
         24.3298	         2.69709	         2.69708	     1.28007e-05	
         24.4158	         2.69865	         2.69864	     1.16214e-05	
         24.5017	         2.69994	         2.69993	     7.95381e-06	
         24.5877	         2.69867	         2.69867	     2.06709e-06	
         24.6737	         2.69385	         2.69386	    -5.95014e-06	
         24.7597	         2.68697	         2.68698	    -1.49347e-05	
         24.8456	         2.68126	         2.68128	    -2.30493e-05	
         24.9316	         2.67977	          2.6798	     -3.0484e-05	
         25.0176	         2.68401	         2.68405	      -3.692e-05	
         25.1035	         2.69303	         2.69307	    -4.15493e-05	
         25.1895	         2.70413	         2.70418	    -4.40695e-05	
         25.2755	         2.71461	         2.71465	    -4.47332e-05	
         25.3615	         2.72276	          2.7228	     -4.4133e-05	
         25.4474	         2.72823	         2.72828	    -4.26482e-05	
         25.5334	         2.73179	         2.73183	    -4.12683e-05	
         25.6194	         2.73444	         2.73448	      -4.069e-05	
         25.7053	         2.73633	         2.73637	    -4.03759e-05	
         25.7913	         2.73712	         2.73716	    -3.95672e-05	
         25.8773	         2.73662	         2.73666	     -3.9017e-05	
         25.9633	         2.73474	         2.73478	    -3.99479e-05	
         26.0492	         2.73163	         2.73167	    -4.09128e-05	
         26.1352	          2.7279	         2.72794	    -4.06779e-05	
         26.2212	         2.72401	         2.72404	    -3.77813e-05	
         26.3071	         2.72022	         2.72025	    -3.09618e-05	
         26.3931	         2.71645	         2.71647	    -1.98216e-05	
         26.4791	         2.71224	         2.71224	    -7.59431e-06	
         26.5651	         2.70749	         2.70749	     2.80633e-06	
          26.651	         2.70247	         2.70246	      1.0366e-05	
          26.737	          2.6976	         2.69758	     1.64136e-05	
          26.823	         2.69349	         2.69347	     2.25094e-05	
         26.9089	         2.69085	         2.69082	     2.86587e-05	
         26.9949	         2.69022	         2.69018	     3.26801e-05	
         27.0809	         2.69171	         2.69168	     3.06556e-05	
         27.1668	         2.69521	         2.69519	      2.1917e-05	
         27.2528	         2.69987	         2.69986	     1.34796e-05	
         27.3388	         2.70439	         2.70438	     1.06153e-05	
         27.4248	         2.70797	         2.70796	     1.37681e-05	
         27.5107	         2.71052	          2.7105	     1.85204e-05	
         27.5967	         2.71208	         2.71206	     2.03548e-05	
         27.6827	         2.71233	         2.71231	     1.75504e-05	
         27.7686	         2.71067	         2.71066	     1.13038e-05	
         27.8546	         2.70683	         2.70683	     3.79743e-06	
         27.9406	         2.70164	         2.70164	    -1.90139e-06	
         28.0266	         2.69696	         2.69696	    -2.47351e-06	
         28.1125	         2.69474	         2.69474	     2.54998e-06	
         28.1985	         2.69614	         2.69613	     1.11619e-05	
         28.2845	         2.70105	         2.70103	      2.0396e-05	
         28.3704	         2.70803	         2.70801	     2.90741e-05	
         28.4564	         2.71457	         2.71453	      3.6923e-05	
         28.5424	         2.71872	         2.71867	      4.3276e-05	
         28.6284	         2.72031	         2.72026	     4.56972e-05	
         28.7143	         2.72037	         2.72033	     4.06162e-05	
         28.8003	         2.72009	         2.72007	     2.49666e-05	
         28.8863	         2.72005	         2.72005	    -1.49984e-06	
         28.9722	          2.7196	         2.71964	    -3.17637e-05	
         29.0582	         2.71771	         2.71777	    -5.75732e-05	
         29.1442	         2.71394	         2.71402	    -7.28361e-05	
         29.2302	         2.70911	         2.70919	    -7.52809e-05	
         29.3161	         2.70478	         2.70485	    -6.77996e-05	
         29.4021	         2.70252	         2.70258	    -5.66285e-05	
         29.4881	          2.7027	         2.70274	    -4.61941e-05	
          29.574	         2.70415	         2.70419	    -3.57219e-05	
           29.66	         2.70561	         2.70563	    -2.69246e-05	
          29.746	         2.70681	         2.70683	    -2.15635e-05	
         29.8319	          2.7084	         2.70842	    -1.95193e-05	
         29.9179	         2.71121	         2.71123	    -2.07339e-05	
         30.0039	         2.71541	         2.71543	    -2.48557e-05	
         30.0899	         2.72049	         2.72052	    -2.86545e-05	
         30.1758	         2.72594	         2.72597	    -2.98186e-05	
         30.2618	         2.73119	         2.73121	    -2.69992e-05	
         30.3478	         2.73534	         2.73536	    -2.18821e-05	
         30.4337	         2.73763	         2.73765	    -1.72846e-05	
         30.5197	         2.73802	         2.73804	    -1.57637e-05	
         30.6057	         2.73701	         2.73702	    -1.79499e-05	
         30.6917	         2.73528	          2.7353	    -2.06579e-05	
         30.7776	         2.73372	         2.73375	    -2.32387e-05	
         30.8636	         2.73264	         2.73267	    -2.72416e-05	
         30.9496	         2.73195	         2.73199	    -3.19345e-05	
         31.0355	         2.73134	         2.73138	    -3.60075e-05	
         31.1215	         2.73036	          2.7304	    -3.88228e-05	
         31.2075	         2.72878	         2.72882	    -4.00222e-05	
         31.2935	         2.72711	         2.72715	    -3.82319e-05	
         31.3794	          2.7262	         2.72623	     -3.4292e-05	
         31.4654	         2.72702	         2.72705	    -2.91389e-05	
         31.5514	         2.73015	         2.73017	    -2.37989e-05	
         31.6373	         2.73523	         2.73525	    -1.87283e-05	
         31.7233	         2.74104	         2.74106	     -1.5846e-05	
         31.8093	         2.74634	         2.74636	    -1.36295e-05	
         31.8953	         2.75089	          2.7509	    -1.10539e-05	
         31.9812	         2.75461	         2.75462	    -7.97029e-06	
         32.0672	         2.75712	         2.75713	    -5.53636e-06	
         32.1532	         2.75791	         2.75792	    -4.96201e-06	
         32.2391	         2.75641	         2.75642	    -6.83945e-06	
         32.3251	         2.75225	         2.75226	    -8.90094e-06	
         32.4111	         2.74576	         2.74577	    -7.25811e-06	
         32.4971	         2.73795	         2.73795	    -2.59377e-07	
          32.583	         2.73051	          2.7305	     1.09507e-05	
          32.669	         2.72539	         2.72537	     2.40051e-05	
          32.755	         2.72323	          2.7232	     3.43666e-05	
         32.8409	         2.72334	          2.7233	     3.90146e-05	
         32.9269	          2.7257	         2.72566	     3.69758e-05	
         33.0129	         2.73105	         2.73102	     2.94974e-05	
         33.0988	         2.73869	         2.73868	     1.47849e-05	
         33.1848	          2.7461	          2.7461	    -1.69649e-06	
         33.2708	         2.75115	         2.75117	    -1.44681e-05	
         33.3568	           2.753	         2.75302	    -2.00322e-05	
         33.4427	         2.75214	         2.75216	     -1.7818e-05	
         33.5287	         2.74969	          2.7497	      -9.915e-06	
         33.6147	         2.74672	         2.74672	     7.50972e-07	
         33.7006	         2.74426	         2.74424	     1.31041e-05	
         33.7866	         2.74313	          2.7431	     2.72047e-05	
         33.8726	         2.74356	         2.74352	     4.10079e-05	
         33.9586	         2.74483	         2.74478	     5.20481e-05	
         34.0445	         2.74558	         2.74552	     5.80195e-05	
         34.1305	         2.74441	         2.74435	       5.799e-05	
         34.2165	         2.74071	         2.74066	     5.27993e-05	
         34.3024	         2.73522	         2.73518	     4.08027e-05	
         34.3884	         2.72937	         2.72935	     2.29162e-05	
         34.4744	         2.72408	         2.72408	       3.693e-06	
         34.5604	         2.71986	         2.71987	    -9.59604e-06	
         34.6463	         2.71779	          2.7178	    -1.21828e-05	
         34.7323	         2.71931	         2.71931	    -5.97741e-06	
         34.8183	         2.72472	         2.72472	     3.60758e-06	
         34.9042	         2.73277	         2.73276	     9.10524e-06	
         34.9902	         2.74105	         2.74105	     7.16132e-06	
         35.0762	         2.74735	         2.74735	     1.20103e-06	
         35.1622	          2.7505	          2.7505	    -2.59012e-06	
         35.2481	         2.75049	         2.75049	     1.32408e-06	
         35.3341	         2.74844	         2.74843	     1.24494e-05	
         35.4201	         2.74569	         2.74567	     2.58982e-05	
          35.506	         2.74364	          2.7436	     3.62344e-05	
          35.592	         2.74255	         2.74251	     3.83347e-05	
          35.678	         2.74195	         2.74192	     3.10387e-05	
          35.764	         2.74141	          2.7414	     1.67531e-05	
         35.8499	         2.74043	         2.74043	    -3.32637e-06	
         35.9359	         2.73888	         2.73891	     -2.7188e-05	
         36.0219	         2.73719	         2.73723	     -4.7814e-05	
         36.1078	         2.73595	         2.73602	    -6.13249e-05	
         36.1938	         2.73549	         2.73556	    -6.72967e-05	
         36.2798	         2.73561	         2.73567	    -6.69498e-05	
         36.3657	         2.73583	         2.73589	     -6.2257e-05	
         36.4517	         2.73537	         2.73542	    -5.31666e-05	
         36.5377	         2.73309	         2.73313	    -4.02203e-05	
         36.6237	         2.72857	          2.7286	    -2.54082e-05	
         36.7096	         2.72267	         2.72268	    -9.83493e-06	
         36.7956	         2.71704	         2.71703	     3.01771e-06	
         36.8816	         2.71353	         2.71352	     1.18561e-05	
         36.9675	         2.71332	          2.7133	     1.76918e-05	
         37.0535	          2.7159	         2.71588	      1.8943e-05	
         37.1395	         2.72005	         2.72004	     1.22829e-05	
         37.2255	         2.72485	         2.72485	      -1.651e-06	
         37.3114	         2.73001	         2.73003	    -1.77752e-05	
         37.3974	         2.73533	         2.73537	    -3.25058e-05	
         37.4834	         2.73997	         2.74001	    -4.38167e-05	
         37.5693	         2.74312	         2.74317	     -5.0216e-05	
         37.6553	         2.74483	         2.74488	    -4.91837e-05	
         37.7413	         2.74586	          2.7459	    -3.97677e-05	
         37.8273	         2.74733	         2.74736	    -2.40539e-05	
         37.9132	         2.74981	         2.74981	    -3.29984e-06	
         37.9992	         2.75264	         2.75262	      1.8894e-05	
         38.0852	         2.75514	          2.7551	     3.61891e-05	
         38.1711	         2.75725	         2.75721	      4.3255e-05	
         38.2571	          2.7597	         2.75966	      3.8252e-05	
         38.3431	         2.76345	         2.76343	      2.4827e-05	
         38.4291	         2.76885	         2.76884	     9.52281e-06	
          38.515	         2.77505	         2.77505	    -8.61768e-07	
          38.601	         2.78066	         2.78067	    -8.46126e-06	
          38.687	         2.78459	         2.78461	      -1.585e-05	
         38.7729	         2.78632	         2.78634	    -2.40022e-05	
         38.8589	         2.78619	         2.78623	    -3.22966e-05	
         38.9449	         2.78519	         2.78523	    -3.97979e-05	
         39.0309	         2.78416	         2.78421	    -4.65394e-05	
         39.1168	         2.78325	          2.7833	    -4.94376e-05	
         39.2028	         2.78154	         2.78158	    -4.63832e-05	
         39.2888	         2.77879	         2.77883	    -3.88045e-05	
         39.3747	         2.77618	         2.77621	    -2.83104e-05	
         39.4607	         2.77512	         2.77514	    -1.80684e-05	
         39.5467	          2.7755	         2.77551	    -7.29076e-06	
         39.6326	         2.77637	         2.77636	     6.03484e-06	
         39.7186	         2.77674	         2.77672	     2.08589e-05	
         39.8046	         2.77615	         2.77611	     3.55742e-05	
         39.8906	         2.77488	         2.77483	     4.62314e-05	
         39.9765	         2.77346	         2.77341	     5.02874e-05	
         40.0625	         2.77221	         2.77216	     4.68941e-05	
         40.1485	         2.77083	          2.7708	     3.56065e-05	
         40.2344	          2.7686	         2.76858	     1.80787e-05	
         40.3204	         2.76504	         2.76504	    -8.34845e-07	
         40.4064	         2.76005	         2.76007	     -1.8876e-05	
         40.4924	         2.75436	          2.7544	     -3.6674e-05	
         40.5783	         2.74994	         2.74999	    -5.36245e-05	
         40.6643	         2.74874	         2.74881	    -6.86964e-05	
         40.7503	          2.7514	         2.75148	    -7.98494e-05	
         40.8362	         2.75677	         2.75685	    -8.26759e-05	
         40.9222	         2.76266	         2.76274	    -7.94152e-05	
         41.0082	         2.76724	         2.76731	    -7.17959e-05	
         41.0942	         2.76927	         2.76934	    -6.22286e-05	
         41.1801	         2.76867	         2.76873	    -5.08996e-05	
         41.2661	         2.76649	         2.76653	    -3.64387e-05	
         41.3521	         2.76401	         2.76403	    -1.76795e-05	
          41.438	         2.76191	         2.76191	     -1.8933e-06	
          41.524	         2.76008	         2.76008	     3.03452e-06	
           41.61	         2.75856	         2.75857	    -6.21258e-06	
          41.696	         2.75826	         2.75828	    -2.55237e-05	
         41.7819	          2.7602	         2.76025	    -4.97224e-05	
         41.8679	          2.7645	         2.76457	    -7.20834e-05	
         41.9539	         2.77065	         2.77074	    -8.84105e-05	
         42.0398	         2.77794	         2.77804	     -9.7051e-05	
         42.1258	         2.78539	         2.78549	    -9.76587e-05	
         42.2118	         2.79245	         2.79254	    -8.94109e-05	
         42.2977	          2.7985	         2.79857	    -7.16226e-05	
         42.3837	         2.80283	         2.80288	    -4.53827e-05	
         42.4697	          2.8045	         2.80451	    -1.34422e-05	
         42.5557	         2.80264	         2.80262	     2.10454e-05	
         42.6416	         2.79669	         2.79664	     5.33422e-05	
         42.7276	         2.78692	         2.78684	     7.89671e-05	
         42.8136	         2.77488	         2.77479	     9.16601e-05	
         42.8995	         2.76295	         2.76287	     8.62365e-05	
         42.9855	         2.75368	         2.75361	     6.21321e-05	
         43.0715	         2.74895	         2.74892	     3.01842e-05	
         43.1575	         2.74934	         2.74934	     4.99096e-06	
         43.2434	         2.75396	         2.75397	    -7.21947e-06	
         43.3294	         2.76088	         2.76089	    -1.03335e-05	
         43.4154	         2.76799	         2.76801	    -1.12458e-05	
         43.5013	         2.77378	          2.7738	    -1.59807e-05	
         43.5873	          2.7776	         2.77763	    -2.79893e-05	
         43.6733	         2.77966	          2.7797	    -4.51804e-05	
         43.7593	         2.78034	          2.7804	    -6.22925e-05	
         43.8452	         2.77966	         2.77973	    -7.04321e-05	
         43.9312	          2.7775	         2.77756	    -6.37052e-05	
         44.0172	         2.77374	         2.77378	     -4.3656e-05	
         44.1031	         2.76809	         2.76811	    -1.82116e-05	
         44.1891	          2.7607	          2.7607	     5.19567e-06	
         44.2751	         2.75282	          2.7528	     2.38449e-05	
         44.3611	          2.7467	         2.74666	     3.76808e-05	
          44.447	         2.74445	          2.7444	      4.4817e-05	
          44.533	         2.74678	         2.74674	     4.20161e-05	
          44.619	         2.75336	         2.75333	     2.81919e-05	
         44.7049	         2.76336	         2.76336	     4.13856e-06	
         44.7909	         2.77511	         2.77513	    -2.51921e-05	
         44.8769	         2.78604	          2.7861	    -5.20495e-05	
         44.9629	         2.79349	         2.79356	    -7.25457e-05	
         45.0488	         2.79597	         2.79605	    -8.75879e-05	
         45.1348	         2.79358	         2.79368	    -9.96159e-05	
         45.2208	         2.78763	         2.78774	    -0.000109596	
         45.3067	         2.78034	         2.78046	      -0.0001169	
         45.3927	         2.77413	         2.77424	    -0.000118012	
         45.4787	         2.77061	         2.77072	    -0.000107482	
         45.5646	         2.77018	         2.77026	    -8.17517e-05	
         45.6506	         2.77211	         2.77216	     -4.3295e-05	
         45.7366	         2.77511	         2.77511	     8.75026e-07	
         45.8226	         2.77795	         2.77791	     4.16765e-05	
         45.9085	         2.77989	         2.77982	     7.06588e-05	
         45.9945	         2.78093	         2.78084	     8.26077e-05	
         46.0805	         2.78156	         2.78148	     7.33769e-05	
         46.1664	         2.78207	         2.78203	     4.71296e-05	
         46.2524	         2.78184	         2.78182	     1.73124e-05	
         46.3384	         2.78018	         2.78018	    -7.47069e-06	
         46.4244	         2.77691	         2.77694	    -2.67457e-05	
         46.5103	         2.77255	         2.77259	    -4.47779e-05	
         46.5963	         2.76798	         2.76804	    -6.44928e-05	
         46.6823	         2.76408	         2.76416	      -8.288e-05	
         46.7682	         2.76138	         2.76147	    -9.33284e-05	
         46.8542	          2.7599	         2.75999	    -9.17291e-05	
         46.9402	         2.75934	         2.75942	     -7.5191e-05	
         47.0262	         2.75908	         2.75913	    -5.03457e-05	
         47.1121	         2.75875	         2.75878	    -2.42972e-05	
         47.1981	         2.75833	         2.75833	    -1.42051e-06	
         47.2841	         2.75762	          2.7576	     1.47432e-05	
           47.37	         2.75645	         2.75642	     2.13398e-05	
          47.456	         2.75497	         2.75495	     1.61391e-05	
          47.542	         2.75309	         2.75309	    -8.05249e-07	
          47.628	         2.75034	         2.75036	    -2.64552e-05	
         47.7139	         2.74664	          2.7467	    -5.70601e-05	
         47.7999	         2.74244	         2.74252	    -8.38257e-05	
         47.8859	         2.73845	         2.73855	    -0.000100515	
         47.9718	         2.73571	         2.73582	    -0.000105659	
         48.0578	         2.73514	         2.73524	    -0.000101388	
         48.1438	         2.73695	         2.73704	    -8.89005e-05	
         48.2298	         2.74066	         2.74073	    -6.82767e-05	
         48.3157	         2.74568	         2.74572	     -4.4171e-05	
         48.4017	         2.75167	         2.75169	     -2.1676e-05	
         48.4877	         2.75831	         2.75832	    -2.83944e-06	
         48.5736	         2.76504	         2.76503	     1.15642e-05	
         48.6596	         2.77139	         2.77137	     1.90692e-05	
         48.7456	         2.77709	         2.77707	     1.71196e-05	
         48.8315	         2.78184	         2.78184	     5.14005e-06	
         48.9175	         2.78566	         2.78567	    -1.43409e-05	
         49.0035	         2.78884	         2.78887	    -3.58002e-05	
         49.0895	          2.7918	         2.79186	    -5.69815e-05	
         49.1754	         2.79465	         2.79473	    -7.83591e-05	
         49.2614	         2.79709	         2.79718	    -9.42083e-05	
         49.3474	         2.79851	         2.79862	    -0.000104326	
         49.4333	         2.79886	         2.79897	    -0.000109938	
         49.5193	         2.79853	         2.79864	    -0.000111199	
         49.6053	         2.79785	         2.79796	    -0.000108226	
         49.6913	         2.79703	         2.79713	    -0.000102275	
         49.7772	         2.79597	         2.79607	    -9.26326e-05	
         49.8632	         2.79415	         2.79423	      -7.718e-05	
         49.9492	         2.79125	         2.79131	     -5.5546e-05	
         50.0351	         2.78768	         2.78772	    -3.14576e-05	
         50.1211	         2.78423	         2.78424	    -1.28211e-05	
         50.2071	         2.78185	         2.78186	    -5.16334e-06	
         50.2931	         2.78138	         2.78139	     -7.6295e-06	
          50.379	         2.78316	         2.78318	    -1.57243e-05	
          50.465	         2.78687	         2.78689	    -2.32399e-05	
          50.551	         2.79132	         2.79135	    -2.93572e-05	
         50.6369	         2.79546	          2.7955	     -3.9725e-05	
         50.7229	         2.79839	         2.79845	    -5.87157e-05	
         50.8089	         2.79946	         2.79954	    -8.27527e-05	
         50.8949	         2.79885	         2.79895	    -0.000104096	
         50.9808	         2.79738	         2.79749	    -0.000112065	
         51.0668	         2.79519	         2.79529	    -0.000102384	
         51.1528	         2.79187	         2.79195	    -7.97027e-05	
         51.2387	          2.7869	         2.78694	    -4.87479e-05	
         51.3247	         2.78028	         2.78029	    -1.17546e-05	
         51.4107	         2.77264	         2.77261	     2.81812e-05	
         51.4967	         2.76457	          2.7645	     6.51108e-05	
         51.5826	         2.75719	          2.7571	      9.0466e-05	
         51.6686	         2.75237	         2.75227	     9.66867e-05	
         51.7546	         2.75131	         2.75123	     8.34478e-05	
         51.8405	         2.75378	         2.75372	     5.90048e-05	
         51.9265	         2.75891	         2.75888	     3.12126e-05	
         52.0125	         2.76527	         2.76527	     4.63357e-06	
         52.0984	          2.7717	         2.77172	    -1.92682e-05	
         52.1844	         2.77766	          2.7777	    -3.92915e-05	
         52.2704	         2.78308	         2.78314	    -5.74995e-05	
         52.3564	         2.78795	         2.78803	    -7.61869e-05	
         52.4423	         2.79123	         2.79132	    -9.24414e-05	
         52.5283	         2.79126	         2.79136	    -0.000101189	
         52.6143	          2.7877	          2.7878	    -9.90156e-05	
         52.7002	         2.78177	         2.78185	     -8.3793e-05	
         52.7862	         2.77554	          2.7756	    -6.13272e-05	
         52.8722	         2.77047	         2.77051	    -4.10104e-05	
         52.9582	         2.76717	          2.7672	     -2.7388e-05	
         53.0441	         2.76583	         2.76585	    -1.96232e-05	
         53.1301	         2.76621	         2.76622	    -1.33833e-05	
         53.2161	          2.7681	          2.7681	    -8.16445e-06	
          53.302	         2.77178	         2.77178	    -3.66227e-06	
          53.388	         2.77772	         2.77772	    -2.53226e-06	
          53.474	         2.78593	         2.78594	    -8.45004e-06	
           53.56	         2.79515	         2.79517	    -2.04451e-05	
         53.6459	         2.80323	         2.80326	    -3.53365e-05	
         53.7319	         2.80881	         2.80886	    -4.99917e-05	
         53.8179	         2.81154	          2.8116	    -6.08221e-05	
         53.9038	         2.81112	         2.81119	    -6.72582e-05	
         53.9898	         2.80721	         2.80728	    -7.25828e-05	
         54.0758	         2.80051	         2.80059	    -7.96117e-05	
         54.1618	         2.79234	         2.79242	    -8.38589e-05	
         54.2477	         2.78445	         2.78454	    -8.44335e-05	
         54.3337	         2.77881	         2.77889	    -8.20554e-05	
         54.4197	         2.77689	         2.77696	    -7.54632e-05	
         54.5056	         2.77902	         2.77908	    -6.32497e-05	
         54.5916	         2.78429	         2.78434	    -5.05379e-05	
         54.6776	         2.79123	         2.79127	     -4.3521e-05	
         54.7636	         2.79829	         2.79834	    -4.41488e-05	
         54.8495	         2.80449	         2.80454	    -5.13241e-05	
         54.9355	         2.80871	         2.80877	    -6.55028e-05	
         55.0215	         2.80979	         2.80987	    -8.54334e-05	
         55.1074	         2.80724	         2.80735	    -0.000105532	
         55.1934	         2.80188	           2.802	    -0.000118719	
         55.2794	         2.79555	         2.79567	    -0.000120962	
         55.3653	         2.78953	         2.78964	    -0.000113421	
         55.4513	         2.78519	         2.78529	    -9.73287e-05	
         55.5373	         2.78299	         2.78306	    -7.69481e-05	
         55.6233	         2.78204	          2.7821	    -6.03935e-05	
         55.7092	         2.78101	         2.78107	    -5.29912e-05	
         55.7952	         2.77862	         2.77867	    -5.48607e-05	
         55.8812	         2.77465	         2.77471	    -6.28974e-05	
         55.9671	         2.77051	         2.77058	    -7.50927e-05	
         56.0531	         2.76784	         2.76793	     -8.9429e-05	
         56.1391	         2.76773	         2.76783	    -0.000100712	
         56.2251	         2.77031	         2.77042	    -0.000103569	
          56.311	         2.77472	         2.77481	    -9.51963e-05	
          56.397	         2.77974	         2.77982	    -7.71462e-05	
          56.483	         2.78399	         2.78404	    -5.05678e-05	
         56.5689	         2.78614	         2.78616	    -2.44294e-05	
         56.6549	         2.78623	         2.78624	     -8.3119e-06	
         56.7409	         2.78507	         2.78507	    -5.41331e-06	
         56.8269	         2.78301	         2.78301	    -9.20937e-06	
         56.9128	         2.77967	         2.77968	    -1.09798e-05	
         56.9988	         2.77525	         2.77526	    -8.91479e-06	
         57.0848	         2.77079	         2.77079	    -5.96456e-06	
         57.1707	         2.76745	         2.76745	    -5.36204e-06	
         57.2567	         2.76621	         2.76622	    -8.31503e-06	
         57.3427	         2.76749	          2.7675	    -8.95622e-06	
         57.4287	         2.77073	         2.77074	    -5.34315e-06	
         57.5146	         2.77466	         2.77466	    -7.01379e-07	
         57.6006	         2.77773	         2.77773	     7.34626e-06	
         57.6866	         2.77933	         2.77931	     2.07456e-05	
         57.7725	         2.77985	         2.77981	     3.88096e-05	
         57.8585	         2.78012	         2.78006	     5.33855e-05	
         57.9445	         2.78089	         2.78083	     5.91692e-05	
         58.0304	         2.78258	         2.78252	     5.78301e-05	
         58.1164	         2.78467	         2.78461	     5.43236e-05	
         58.2024	         2.78655	          2.7865	     5.26323e-05	
         58.2884	         2.78796	         2.78791	     5.39926e-05	
         58.3743	           2.789	         2.78894	     5.74864e-05	
         58.4603	         2.78955	         2.78949	     5.90331e-05	
         58.5463	         2.78891	         2.78885	     5.37798e-05	
         58.6322	         2.78628	         2.78624	     4.36127e-05	
         58.7182	         2.78165	         2.78161	     3.47214e-05	
         58.8042	         2.77593	         2.77589	     3.65001e-05	
         58.8902	         2.77041	         2.77036	     5.40132e-05	
         58.9761	         2.76567	          2.7656	     7.77084e-05	
         59.0621	         2.76164	         2.76154	     0.000107318	
         59.1481	         2.75865	         2.75851	     0.000137065	
          59.234	         2.75735	          2.7572	     0.000156471	
           59.32	         2.75716	         2.75701	     0.000149616	
          59.406	         2.75698	         2.75686	     0.000121679	
          59.492	         2.75591	         2.75583	     8.56943e-05	
         59.5779	         2.75364	         2.75358	     5.54176e-05	
         59.6639	          2.7504	         2.75037	     3.52789e-05	
         59.7499	         2.74693	          2.7469	     2.48873e-05	
         59.8358	         2.74456	         2.74454	     2.32466e-05	
         59.9218	         2.74451	         2.74448	     2.89327e-05	
         60.0078	         2.74692	         2.74689	     3.79469e-05	
         60.0938	         2.75195	         2.75191	     4.70804e-05	
         60.1797	         2.75949	         2.75944	     5.37927e-05	
         60.2657	         2.76774	         2.76769	       5.343e-05	
         60.3517	         2.77467	         2.77463	     4.25428e-05	
         60.4376	         2.77917	         2.77915	      2.1937e-05	
         60.5236	         2.78138	         2.78138	    -3.95619e-06	
         60.6096	         2.78238	         2.78241	     -2.4301e-05	
         60.6956	         2.78348	         2.78351	    -2.93034e-05	
         60.7815	         2.78521	         2.78523	    -1.67332e-05	
         60.8675	         2.78676	         2.78675	     8.17667e-06	
         60.9535	         2.78701	         2.78697	     3.73458e-05	
         61.0394	         2.78601	         2.78594	     6.45836e-05	
         61.1254	           2.785	         2.78491	     8.53929e-05	
         61.2114	         2.78509	         2.78499	     9.51254e-05	
         61.2973	         2.78562	         2.78553	     9.30282e-05	
         61.3833	         2.78484	         2.78475	      8.5823e-05	
         61.4693	         2.78145	         2.78138	     7.25875e-05	
         61.5553	         2.77595	         2.77589	     5.43262e-05	
         61.6412	         2.77036	         2.77032	     3.61658e-05	
         61.7272	         2.76704	         2.76702	     2.02618e-05	
         61.8132	         2.76732	         2.76732	     5.58361e-06	
         61.8991	         2.77123	         2.77124	    -8.79599e-06	
         61.9851	         2.77756	         2.77758	    -2.12757e-05	
         62.0711	         2.78459	         2.78462	    -3.10886e-05	
         62.1571	         2.79026	         2.79029	    -3.43286e-05	
          62.243	         2.79277	          2.7928	    -2.68281e-05	
          62.329	         2.79171	         2.79172	     -1.0566e-05	
          62.415	         2.78786	         2.78785	     7.00001e-06	
         62.5009	         2.78267	         2.78265	     2.18369e-05	
         62.5869	         2.77806	         2.77802	     3.26586e-05	
         62.6729	         2.77553	         2.77549	     3.91054e-05	
         62.7589	          2.7756	         2.77556	     3.96513e-05	
         62.8448	         2.77807	         2.77804	     3.24439e-05	
         62.9308	         2.78238	         2.78237	     1.50797e-05	
         63.0168	         2.78755	         2.78756	    -8.59516e-06	
         63.1027	         2.79274	         2.79277	    -3.15114e-05	
         63.1887	         2.79761	         2.79766	    -4.94648e-05	
         63.2747	          2.8019	         2.80196	    -6.07455e-05	
         63.3607	         2.80506	         2.80513	    -6.53153e-05	
         63.4466	         2.80667	         2.80673	    -6.41426e-05	
         63.5326	          2.8067	         2.80675	    -5.82452e-05	
         63.6186	         2.80568	         2.80573	    -4.93792e-05	
         63.7045	         2.80419	         2.80423	    -3.88415e-05	
         63.7905	         2.80267	          2.8027	    -2.56358e-05	
         63.8765	         2.80149	          2.8015	    -8.07196e-06	
         63.9625	         2.80075	         2.80073	     1.59218e-05	
         64.0484	         2.80022	         2.80018	     4.22568e-05	
         64.1344	         2.80024	         2.80017	     6.11523e-05	
         64.2204	         2.80185	         2.80179	     6.25518e-05	
         64.3063	         2.80573	         2.80569	     4.08718e-05	
         64.3923	         2.81071	         2.81071	      -9.723e-07	
         64.4783	         2.81438	         2.81443	    -5.71014e-05	
         64.5642	         2.81529	         2.81541	    -0.000120334	
         64.6502	         2.81354	         2.81372	    -0.000179808	
         64.7362	         2.80989	         2.81011	    -0.000222869	
         64.8222	         2.80574	         2.80598	    -0.000243295	
         64.9081	         2.80277	         2.80301	    -0.000242465	
         64.9941	         2.80199	         2.80221	    -0.000225932	
         65.0801	         2.80304	         2.80324	    -0.000200344	
          65.166	         2.80457	         2.80474	    -0.000172056	
          65.252	          2.8055	         2.80564	    -0.000141345	
          65.338	         2.80535	         2.80545	    -0.000106414	
          65.424	         2.80479	         2.80485	    -6.17115e-05	
         65.5099	         2.80459	          2.8046	    -7.91967e-06	
         65.5959	         2.80531	         2.80527	     4.06265e-05	
         65.6819	         2.80669	         2.80662	     7.36059e-05	
         65.7678	         2.80782	         2.80774	     8.95628e-05	
         65.8538	         2.80808	         2.80798	     9.38215e-05	
         65.9398	          2.8075	         2.80741	     9.13153e-05	
         66.0258	         2.80678	         2.80669	     8.33505e-05	
         66.1117	         2.80609	         2.80601	     7.46774e-05	
         66.1977	         2.80496	         2.80489	     6.92345e-05	
         66.2837	         2.80324	         2.80317	     6.54349e-05	
         66.3696	         2.80109	         2.80103	     5.49968e-05	
         66.4556	         2.79877	         2.79874	     2.94891e-05	
         66.5416	         2.79646	         2.79647	     -6.4512e-06	
         66.6276	         2.79442	         2.79445	    -3.77029e-05	
         66.7135	         2.79289	         2.79294	    -5.23388e-05	
         66.7995	         2.79183	         2.79188	    -5.10029e-05	
         66.8855	         2.79141	         2.79145	     -4.2647e-05	
         66.9714	         2.79188	         2.79191	    -3.53091e-05	
         67.0574	         2.79375	         2.79378	    -3.09519e-05	
         67.1434	         2.79828	         2.79831	    -3.21264e-05	
         67.2294	          2.8061	         2.80614	     -4.0706e-05	
         67.3153	         2.81635	          2.8164	    -4.97587e-05	
         67.4013	         2.82707	         2.82712	    -4.87662e-05	
         67.4873	         2.83589	         2.83593	    -4.13251e-05	
         67.5732	         2.84101	         2.84104	    -3.35207e-05	
         67.6592	         2.84181	         2.84183	    -2.94522e-05	
         67.7452	         2.83878	         2.83881	    -3.16584e-05	
         67.8311	         2.83319	         2.83323	     -3.9624e-05	
         67.9171	         2.82699	         2.82704	    -5.20282e-05	
         68.0031	         2.82169	         2.82176	    -7.05568e-05	
         68.0891	         2.81741	         2.81751	     -0.00010065	
          68.175	         2.81392	         2.81405	    -0.000132443	
          68.261	         2.81133	         2.81148	     -0.00014944	
          68.347	         2.81014	         2.81029	    -0.000150234	
         68.4329	         2.81057	         2.81071	    -0.000136778	
         68.5189	         2.81183	         2.81194	    -0.000113919	
         68.6049	         2.81258	         2.81266	    -8.30409e-05	
         68.6909	         2.81106	         2.81111	    -4.16628e-05	
         68.7768	         2.80638	         2.80638	     3.28437e-06	
         68.8628	         2.79923	         2.79918	      4.4733e-05	
         68.9488	          2.7914	         2.79133	     7.72357e-05	
         69.0347	         2.78522	         2.78512	     9.64404e-05	
         69.1207	         2.78236	         2.78226	     9.30486e-05	
         69.2067	          2.7825	         2.78243	     6.90611e-05	
         69.2927	         2.78451	         2.78447	     3.70207e-05	
         69.3786	         2.78752	         2.78751	     8.30278e-06	
         69.4646	         2.79175	         2.79176	    -1.03371e-05	
         69.5506	         2.79805	         2.79807	    -1.66324e-05	
         69.6365	         2.80688	         2.80689	    -1.52054e-05	
         69.7225	         2.81721	         2.81722	    -1.57488e-05	
         69.8085	         2.82669	         2.82672	    -2.31664e-05	
         69.8945	         2.83319	         2.83322	    -3.28065e-05	
         69.9804	         2.83543	         2.83547	    -4.07041e-05	
         70.0664	         2.83358	         2.83363	    -4.52197e-05	
         70.1524	         2.82889	         2.82893	    -4.52862e-05	
         70.2383	         2.82265	         2.82269	    -4.09131e-05	
         70.3243	         2.81617	         2.81621	    -3.39008e-05	
         70.4103	         2.81077	         2.81079	    -2.60874e-05	
         70.4962	         2.80748	         2.80749	    -1.66963e-05	
         70.5822	         2.80675	         2.80675	    -4.06625e-06	
         70.6682	         2.80819	         2.80817	      1.7042e-05	
         70.7542	         2.81112	         2.81108	     4.47184e-05	
         70.8401	         2.81452	         2.81445	     6.54944e-05	
         70.9261	          2.8175	         2.81743	     7.07074e-05	
         71.0121	         2.81957	         2.81951	     6.19492e-05	
          71.098	         2.82045	          2.8204	     4.44414e-05	
          71.184	          2.8202	         2.82018	     1.98524e-05	
           71.27	         2.81957	         2.81958	    -8.15351e-06	
          71.356	         2.81965	         2.81969	    -3.26407e-05	
         71.4419	         2.82179	         2.82183	    -4.63564e-05	
         71.5279	         2.82674	         2.82679	    -4.87285e-05	
         71.6139	         2.83361	         2.83366	    -4.28843e-05	
         71.6998	         2.84051	         2.84055	     -3.4875e-05	
         71.7858	         2.84494	         2.84496	    -2.71435e-05	
         71.8718	         2.84473	         2.84475	    -2.59559e-05	
         71.9578	         2.83948	         2.83951	    -3.35952e-05	
         72.0437	         2.83104	         2.83109	    -4.80535e-05	
         72.1297	         2.82209	         2.82215	    -6.36224e-05	
         72.2157	         2.81445	         2.81453	    -8.02692e-05	
         72.3016	         2.80894	         2.80904	    -9.93295e-05	
         72.3876	         2.80565	         2.80578	    -0.000123032	
         72.4736	         2.80425	          2.8044	    -0.000149138	
         72.5596	         2.80477	         2.80494	    -0.000167371	
         72.6455	          2.8076	         2.80777	    -0.000170263	
         72.7315	         2.81299	         2.81315	    -0.000159787	
         72.8175	         2.82059	         2.82074	    -0.000149051	
         72.9034	          2.8291	         2.82925	    -0.000150632	
         72.9894	         2.83663	          2.8368	    -0.000167332	
         73.0754	         2.84185	         2.84204	    -0.000191078	
         73.1614	         2.84417	         2.84438	    -0.000208988	
         73.2473	         2.84359	          2.8438	    -0.000214386	
         73.3333	         2.84051	         2.84071	    -0.000204474	
         73.4193	         2.83555	         2.83573	    -0.000182465	
         73.5052	         2.82932	         2.82948	    -0.000153551	
         73.5912	         2.82242	         2.82254	    -0.000119269	
         73.6772	          2.8157	         2.81578	    -7.90061e-05	
         73.7631	         2.81045	         2.81049	    -3.57466e-05	
         73.8491	         2.80807	         2.80807	    -2.61801e-06	
         73.9351	         2.80895	         2.80893	     1.24835e-05	
         74.0211	         2.81224	         2.81223	     1.07769e-05	
          74.107	         2.81673	         2.81673	    -4.08849e-06	
          74.193	         2.82106	         2.82109	    -2.86648e-05	
          74.279	         2.82393	         2.82399	    -5.89973e-05	
         74.3649	         2.82497	         2.82505	     -8.4402e-05	
         74.4509	          2.8252	          2.8253	    -9.72011e-05	
         74.5369	         2.82587	         2.82597	    -9.46093e-05	
         74.6229	          2.8277	         2.82778	    -8.03007e-05	
         74.7088	         2.82982	         2.82988	    -6.44516e-05	
         74.7948	         2.83041	         2.83047	     -5.9432e-05	
         74.8808	         2.82869	         2.82876	    -6.99975e-05	
         74.9667	         2.82548	         2.82557	    -9.28016e-05	
         75.0527	         2.82192	         2.82203	    -0.000118047	
         75.1387	         2.81941	         2.81954	    -0.000135617	
         75.2247	         2.81916	          2.8193	    -0.000142619	
         75.3106	         2.82116	          2.8213	    -0.000136853	
         75.3966	         2.82417	          2.8243	    -0.000128842	
         75.4826	         2.82699	         2.82711	    -0.000124776	
         75.5685	         2.82951	         2.82963	    -0.000122925	
         75.6545	          2.8318	         2.83192	    -0.000121878	
         75.7405	         2.83365	         2.83377	     -0.00011915	
         75.8265	         2.83459	          2.8347	    -0.000110099	
         75.9124	         2.83429	         2.83438	    -9.57219e-05	
         75.9984	         2.83255	         2.83263	    -8.18109e-05	
         76.0844	          2.8293	         2.82937	     -7.0763e-05	
         76.1703	         2.82522	         2.82528	    -6.28886e-05	
         76.2563	         2.82173	         2.82179	    -5.62757e-05	
         76.3423	         2.82019	         2.82024	    -5.13706e-05	
         76.4283	         2.82119	         2.82123	    -4.65206e-05	
         76.5142	         2.82388	         2.82393	    -4.11307e-05	
         76.6002	         2.82663	         2.82666	    -3.85999e-05	
         76.6862	         2.82867	         2.82872	     -4.6402e-05	
         76.7721	          2.8303	         2.83037	    -6.29694e-05	
         76.8581	         2.83168	         2.83176	    -7.87738e-05	
         76.9441	         2.83259	         2.83268	    -8.65796e-05	
           77.03	         2.83245	         2.83254	    -8.55009e-05	
          77.116	         2.83056	         2.83064	    -7.67261e-05	
          77.202	         2.82681	         2.82687	    -6.37574e-05	
          77.288	         2.82206	         2.82211	    -5.01164e-05	
         77.3739	         2.81767	          2.8177	    -3.91333e-05	
         77.4599	         2.81409	         2.81412	    -2.89832e-05	
         77.5459	         2.81132	         2.81134	    -1.84814e-05	
         77.6318	         2.80928	         2.80929	    -9.00922e-06	
         77.7178	         2.80818	         2.80818	    -5.56665e-06	
         77.8038	          2.8082	         2.80821	    -1.38002e-05	
         77.8898	         2.80884	         2.80887	    -3.13186e-05	
         77.9757	          2.8091	         2.80915	    -5.12933e-05	
         78.0617	          2.8085	         2.80857	    -7.00048e-05	
         78.1477	          2.8073	         2.80738	    -8.30188e-05	
