       0.0268671	     0.000760858	     0.000760858	     4.53904e-14	
       0.0537342	      0.00254457	      0.00254457	     1.50225e-13	
       0.0806013	      0.00505117	      0.00505117	     2.81207e-13	
        0.107468	      0.00814854	      0.00814854	     4.19904e-13	
        0.134336	       0.0117838	       0.0117838	      5.5621e-13	
        0.161203	        0.015954	        0.015954	     6.78336e-13	
         0.18807	       0.0206884	       0.0206884	     7.78592e-13	
        0.214937	       0.0260353	       0.0260353	     8.53671e-13	
        0.241804	       0.0320503	       0.0320503	     8.97907e-13	
        0.268671	       0.0387883	       0.0387883	     9.07011e-13	
        0.295538	       0.0462952	       0.0462952	     8.80414e-13	
        0.322405	       0.0546034	       0.0546034	     8.14987e-13	
        0.349272	       0.0637286	       0.0637286	      7.0749e-13	
         0.37614	       0.0736686	       0.0736686	     5.49602e-13	
        0.403007	       0.0844046	       0.0844046	     3.45626e-13	
        0.429874	       0.0959037	       0.0959037	     7.96169e-14	
        0.456741	        0.108123	        0.108123	    -2.48801e-13	
        0.483608	        0.121014	        0.121014	    -6.56086e-13	
        0.510475	        0.134527	        0.134527	     -1.1536e-12	
        0.537342	        0.148619	        0.148619	    -1.73764e-12	
        0.564209	        0.163253	        0.163253	    -2.42331e-12	
        0.591076	        0.178404	        0.178404	    -3.21693e-12	
        0.617944	        0.194059	        0.194059	    -4.11904e-12	
        0.644811	         0.21022	         0.21022	    -5.12801e-12	
        0.671678	        0.226896	        0.226896	    -6.23607e-12	
        0.698545	        0.244108	        0.244108	    -7.44144e-12	
        0.725412	         0.26188	         0.26188	    -8.72896e-12	
        0.752279	        0.280235	        0.280235	    -1.00732e-11	
        0.779146	        0.299195	        0.299195	    -1.14605e-11	
        0.806013	        0.318771	        0.318771	    -1.28731e-11	
         0.83288	        0.338967	        0.338967	    -1.42887e-11	
        0.859748	        0.359771	        0.359771	    -1.56856e-11	
        0.886615	        0.381157	        0.381157	    -1.70471e-11	
        0.913482	        0.403085	        0.403085	    -1.83517e-11	
        0.940349	        0.425497	        0.425497	    -1.95907e-11	
        0.967216	        0.448324	        0.448324	     -2.0754e-11	
        0.994083	        0.471482	        0.471482	    -2.18176e-11	
         1.02095	        0.494878	        0.494878	    -2.27968e-11	
         1.04782	        0.518408	        0.518408	    -2.36741e-11	
         1.07468	        0.541966	        0.541966	    -2.44528e-11	
         1.10155	        0.565441	        0.565441	    -2.51404e-11	
         1.12842	         0.58872	         0.58872	    -2.57335e-11	
         1.15529	        0.611696	        0.611696	     -2.6246e-11	
         1.18215	        0.634264	        0.634264	    -2.66804e-11	
         1.20902	        0.656329	        0.656329	     -2.7054e-11	
         1.23589	        0.677802	        0.677802	    -2.73757e-11	
         1.26275	        0.698608	        0.698608	     -2.7655e-11	
         1.28962	        0.718681	        0.718681	    -2.79067e-11	
         1.31649	        0.737969	        0.737969	    -2.81393e-11	
         1.34336	        0.756435	        0.756435	    -2.83678e-11	
         1.37022	        0.774052	        0.774052	    -2.85965e-11	
         1.39709	        0.790811	        0.790811	    -2.88364e-11	
         1.42396	        0.806712	        0.806712	    -2.90943e-11	
         1.45082	         0.82177	         0.82177	    -2.93736e-11	
         1.47769	        0.836011	        0.836011	    -2.96788e-11	
         1.50456	        0.849471	        0.849471	    -3.00142e-11	
         1.53143	        0.862195	        0.862195	    -3.03835e-11	
         1.55829	        0.874237	        0.874237	    -3.07878e-11	
         1.58516	        0.885654	        0.885654	    -3.12368e-11	
         1.61203	        0.896511	        0.896511	    -3.17354e-11	
         1.63889	        0.906873	        0.906873	    -3.22845e-11	
         1.66576	        0.916808	        0.916808	    -3.29018e-11	
         1.69263	        0.926382	        0.926382	     -3.3584e-11	
          1.7195	        0.935662	        0.935662	    -3.43358e-11	
         1.74636	         0.94471	         0.94471	    -3.51679e-11	
         1.77323	        0.953585	        0.953585	    -3.60811e-11	
          1.8001	        0.962341	        0.962341	    -3.70839e-11	
         1.82696	        0.971026	        0.971026	    -3.81766e-11	
         1.85383	        0.979681	        0.979681	     -3.9372e-11	
          1.8807	        0.988337	        0.988337	    -4.06706e-11	
         1.90756	         0.99702	         0.99702	    -4.20853e-11	
         1.93443	         1.00575	         1.00575	    -4.36144e-11	
          1.9613	         1.01452	         1.01452	    -4.52625e-11	
         1.98817	         1.02334	         1.02334	    -4.70151e-11	
         2.01503	          1.0322	          1.0322	    -4.88505e-11	
          2.0419	         1.04107	         1.04107	    -5.07534e-11	
         2.06877	         1.04992	         1.04992	    -5.26974e-11	
         2.09563	         1.05874	         1.05874	    -5.46698e-11	
          2.1225	         1.06746	         1.06746	    -5.66507e-11	
         2.14937	         1.07607	         1.07607	    -5.86284e-11	
         2.17624	         1.08451	         1.08451	     -6.0588e-11	
          2.2031	         1.09274	         1.09274	    -6.25031e-11	
         2.22997	         1.10073	         1.10073	     -6.4337e-11	
         2.25684	         1.10845	         1.10845	    -6.60605e-11	
          2.2837	         1.11585	         1.11585	    -6.76825e-11	
         2.31057	         1.12292	         1.12292	     -6.9204e-11	
         2.33744	         1.12962	         1.12962	    -7.06413e-11	
         2.36431	         1.13594	         1.13594	    -7.20108e-11	
         2.39117	         1.14187	         1.14187	    -7.33358e-11	
         2.41804	         1.14742	         1.14742	    -7.46272e-11	
         2.44491	         1.15261	         1.15261	    -7.59079e-11	
         2.47177	         1.15745	         1.15745	     -7.7238e-11	
         2.49864	         1.16196	         1.16196	    -7.86122e-11	
         2.52551	         1.16618	         1.16618	     -8.0016e-11	
         2.55238	         1.17014	         1.17014	    -8.14433e-11	
         2.57924	         1.17387	         1.17387	    -8.28821e-11	
         2.60611	         1.17742	         1.17742	    -8.43154e-11	
         2.63298	          1.1808	          1.1808	    -8.57303e-11	
         2.65984	         1.18404	         1.18404	    -8.71008e-11	
         2.68671	         1.18718	         1.18718	    -8.84002e-11	
         2.71358	         1.19022	         1.19022	    -8.95981e-11	
         2.74045	         1.19318	         1.19318	    -9.06757e-11	
         2.76731	         1.19607	         1.19607	    -9.16112e-11	
         2.79418	          1.1989	          1.1989	     -9.2397e-11	
         2.82105	         1.20167	         1.20167	    -9.30385e-11	
         2.84791	         1.20437	         1.20437	    -9.35396e-11	
         2.87478	         1.20702	         1.20702	    -9.39016e-11	
         2.90165	         1.20961	         1.20961	    -9.41205e-11	
         2.92852	         1.21212	         1.21212	    -9.41776e-11	
         2.95538	         1.21455	         1.21455	    -9.40581e-11	
         2.98225	         1.21691	         1.21691	    -9.37455e-11	
         3.00912	         1.21918	         1.21918	    -9.32168e-11	
         3.03598	         1.22136	         1.22136	     -9.2466e-11	
         3.06285	         1.22345	         1.22345	    -9.14837e-11	
         3.08972	         1.22547	         1.22547	    -9.02793e-11	
         3.11658	          1.2274	          1.2274	    -8.88647e-11	
         3.14345	         1.22927	         1.22927	    -8.72744e-11	
         3.17032	         1.23109	         1.23109	    -8.55496e-11	
         3.19719	         1.23288	         1.23288	    -8.37286e-11	
         3.22405	         1.23466	         1.23466	    -8.18714e-11	
         3.25092	         1.23645	         1.23645	    -8.00287e-11	
         3.27779	         1.23829	         1.23829	    -7.82578e-11	
         3.30465	          1.2402	          1.2402	    -7.66123e-11	
         3.33152	          1.2422	          1.2422	    -7.51459e-11	
         3.35839	         1.24434	         1.24434	    -7.39129e-11	
         3.38526	         1.24664	         1.24664	     -7.2975e-11	
         3.41212	         1.24913	         1.24913	    -7.23903e-11	
         3.43899	         1.25183	         1.25183	    -7.22216e-11	
         3.46586	         1.25477	         1.25477	    -7.25173e-11	
         3.49272	         1.25798	         1.25798	    -7.33424e-11	
         3.51959	         1.26148	         1.26148	    -7.47291e-11	
         3.54646	         1.26529	         1.26529	    -7.67322e-11	
         3.57333	         1.26945	         1.26945	    -7.94045e-11	
         3.60019	         1.27397	         1.27397	    -8.27178e-11	
         3.62706	         1.27886	         1.27886	    -8.67015e-11	
         3.65393	         1.28415	         1.28415	    -9.13485e-11	
         3.68079	         1.28984	         1.28984	    -9.66138e-11	
         3.70766	         1.29596	         1.29596	    -1.02421e-10	
         3.73453	         1.30252	         1.30252	    -1.08625e-10	
          3.7614	         1.30953	         1.30953	    -1.15056e-10	
         3.78826	         1.31701	         1.31701	    -1.21513e-10	
         3.81513	         1.32495	         1.32495	    -1.27811e-10	
           3.842	         1.33335	         1.33335	    -1.33795e-10	
         3.86886	         1.34219	         1.34219	    -1.39361e-10	
         3.89573	         1.35145	         1.35145	    -1.44451e-10	
          3.9226	         1.36109	         1.36109	    -1.49059e-10	
         3.94947	         1.37107	         1.37107	    -1.53205e-10	
         3.97633	         1.38135	         1.38135	    -1.56938e-10	
          4.0032	         1.39188	         1.39188	    -1.60314e-10	
         4.03007	         1.40262	         1.40262	    -1.63382e-10	
         4.05693	         1.41349	         1.41349	    -1.66186e-10	
          4.0838	         1.42444	         1.42444	    -1.68743e-10	
         4.11067	          1.4354	          1.4354	    -1.71073e-10	
         4.13754	         1.44629	         1.44629	    -1.73195e-10	
          4.1644	         1.45705	         1.45705	    -1.75114e-10	
         4.19127	          1.4676	          1.4676	    -1.76829e-10	
         4.21814	         1.47787	         1.47787	    -1.78324e-10	
           4.245	          1.4878	          1.4878	    -1.79569e-10	
         4.27187	         1.49734	         1.49734	    -1.80532e-10	
         4.29874	         1.50643	         1.50643	    -1.81182e-10	
          4.3256	         1.51504	         1.51504	    -1.81484e-10	
         4.35247	         1.52315	         1.52315	    -1.81397e-10	
         4.37934	         1.53074	         1.53074	    -1.80893e-10	
         4.40621	         1.53784	         1.53784	    -1.79934e-10	
         4.43307	         1.54444	         1.54444	    -1.78506e-10	
         4.45994	         1.55059	         1.55059	    -1.76626e-10	
         4.48681	          1.5563	          1.5563	    -1.74359e-10	
         4.51367	         1.56164	         1.56164	    -1.71815e-10	
         4.54054	         1.56665	         1.56665	    -1.69144e-10	
         4.56741	         1.57139	         1.57139	    -1.66516e-10	
         4.59428	         1.57593	         1.57593	    -1.64121e-10	
         4.62114	         1.58033	         1.58033	    -1.62167e-10	
         4.64801	         1.58467	         1.58467	    -1.60844e-10	
         4.67488	         1.58899	         1.58899	    -1.60225e-10	
         4.70174	         1.59329	         1.59329	    -1.60247e-10	
         4.72861	         1.59756	         1.59756	    -1.60786e-10	
         4.75548	         1.60175	         1.60175	     -1.6171e-10	
         4.78235	         1.60581	         1.60581	    -1.62923e-10	
         4.80921	         1.60967	         1.60967	    -1.64352e-10	
         4.83608	         1.61327	         1.61327	    -1.65952e-10	
         4.86295	         1.61656	         1.61656	    -1.67673e-10	
         4.88981	         1.61949	         1.61949	    -1.69472e-10	
         4.91668	         1.62205	         1.62205	    -1.71294e-10	
         4.94355	         1.62422	         1.62422	    -1.73089e-10	
         4.97042	         1.62601	         1.62601	    -1.74808e-10	
         4.99728	         1.62747	         1.62747	    -1.76412e-10	
         5.02415	         1.62865	         1.62865	    -1.77881e-10	
         5.05102	         1.62962	         1.62962	    -1.79218e-10	
         5.07788	         1.63048	         1.63048	    -1.80438e-10	
         5.10475	         1.63133	         1.63133	    -1.81582e-10	
         5.13162	          1.6323	          1.6323	    -1.82693e-10	
         5.15849	         1.63348	         1.63348	    -1.83822e-10	
         5.18535	         1.63497	         1.63497	    -1.85003e-10	
         5.21222	         1.63685	         1.63685	    -1.86279e-10	
         5.23909	         1.63919	         1.63919	    -1.87698e-10	
         5.26595	         1.64206	         1.64206	    -1.89317e-10	
         5.29282	         1.64548	         1.64548	    -1.91232e-10	
         5.31969	         1.64951	         1.64951	    -1.93549e-10	
         5.34655	         1.65417	         1.65417	     -1.9639e-10	
         5.37342	         1.65948	         1.65948	    -1.99834e-10	
         5.40029	         1.66544	         1.66544	    -2.03852e-10	
         5.42716	           1.672	           1.672	    -2.08088e-10	
         5.45402	         1.67906	         1.67906	    -2.11947e-10	
         5.48089	         1.68652	         1.68652	    -2.15105e-10	
         5.50776	         1.69425	         1.69425	    -2.17512e-10	
         5.53462	         1.70214	         1.70214	    -2.19221e-10	
         5.56149	         1.71012	         1.71012	    -2.20273e-10	
         5.58836	         1.71809	         1.71809	    -2.20703e-10	
         5.61523	         1.72599	         1.72599	    -2.20541e-10	
         5.64209	         1.73375	         1.73375	    -2.19831e-10	
         5.66896	          1.7413	          1.7413	    -2.18615e-10	
         5.69583	         1.74858	         1.74858	    -2.16955e-10	
         5.72269	         1.75552	         1.75552	    -2.14918e-10	
         5.74956	         1.76206	         1.76206	    -2.12582e-10	
         5.77643	         1.76815	         1.76815	    -2.10025e-10	
          5.8033	         1.77375	         1.77375	    -2.07324e-10	
         5.83016	         1.77883	         1.77883	    -2.04559e-10	
         5.85703	         1.78338	         1.78338	    -2.01784e-10	
          5.8839	         1.78738	         1.78738	    -1.99053e-10	
         5.91076	         1.79085	         1.79085	    -1.96399e-10	
         5.93763	         1.79382	         1.79382	    -1.93835e-10	
          5.9645	         1.79634	         1.79634	    -1.91358e-10	
         5.99137	         1.79843	         1.79843	    -1.88948e-10	
         6.01823	         1.80018	         1.80018	    -1.86574e-10	
          6.0451	         1.80163	         1.80163	    -1.84189e-10	
         6.07197	         1.80285	         1.80285	    -1.81732e-10	
         6.09883	         1.80391	         1.80391	    -1.79141e-10	
          6.1257	         1.80487	         1.80487	    -1.76351e-10	
         6.15257	         1.80578	         1.80578	    -1.73304e-10	
         6.17944	         1.80668	         1.80668	     -1.6994e-10	
          6.2063	         1.80763	         1.80763	    -1.66222e-10	
         6.23317	         1.80864	         1.80864	    -1.62109e-10	
         6.26004	         1.80972	         1.80972	     -1.5757e-10	
          6.2869	         1.81088	         1.81088	    -1.52594e-10	
         6.31377	         1.81209	         1.81209	    -1.47213e-10	
         6.34064	         1.81335	         1.81335	    -1.41511e-10	
         6.36751	         1.81463	         1.81463	    -1.35611e-10	
         6.39437	         1.81592	         1.81592	    -1.29674e-10	
         6.42124	         1.81722	         1.81722	    -1.23869e-10	
         6.44811	         1.81853	         1.81853	     -1.1834e-10	
         6.47497	         1.81988	         1.81988	    -1.13196e-10	
         6.50184	         1.82127	         1.82127	    -1.08509e-10	
         6.52871	         1.82274	         1.82274	    -1.04305e-10	
         6.55557	         1.82432	         1.82432	    -1.00601e-10	
         6.58244	         1.82601	         1.82601	    -9.75775e-11	
         6.60931	         1.82782	         1.82782	    -9.55731e-11	
         6.63618	         1.82973	         1.82973	    -9.46681e-11	
         6.66304	         1.83171	         1.83171	     -9.4778e-11	
         6.68991	         1.83376	         1.83376	    -9.57741e-11	
         6.71678	         1.83583	         1.83583	    -9.75282e-11	
         6.74364	         1.83792	         1.83792	    -9.98976e-11	
         6.77051	         1.84001	         1.84001	    -1.02753e-10	
         6.79738	         1.84208	         1.84208	    -1.05956e-10	
         6.82425	         1.84413	         1.84413	    -1.09386e-10	
         6.85111	         1.84616	         1.84616	    -1.12923e-10	
         6.87798	         1.84815	         1.84815	    -1.16456e-10	
         6.90485	         1.85009	         1.85009	    -1.19907e-10	
         6.93171	         1.85197	         1.85197	    -1.23259e-10	
         6.95858	         1.85377	         1.85377	     -1.2658e-10	
         6.98545	         1.85548	         1.85548	    -1.29978e-10	
         7.01232	         1.85707	         1.85707	     -1.3358e-10	
         7.03918	         1.85855	         1.85855	    -1.37505e-10	
         7.06605	         1.85993	         1.85993	    -1.41857e-10	
         7.09292	          1.8612	          1.8612	      -1.467e-10	
         7.11978	         1.86237	         1.86237	    -1.52054e-10	
         7.14665	         1.86343	         1.86343	    -1.57906e-10	
         7.17352	         1.86439	         1.86439	    -1.64228e-10	
         7.20039	         1.86521	         1.86521	    -1.70991e-10	
         7.22725	         1.86589	         1.86589	    -1.78164e-10	
         7.25412	          1.8664	          1.8664	    -1.85701e-10	
         7.28099	         1.86672	         1.86672	    -1.93524e-10	
         7.30785	         1.86681	         1.86681	    -2.01526e-10	
         7.33472	         1.86666	         1.86666	    -2.09573e-10	
         7.36159	         1.86624	         1.86624	    -2.17531e-10	
         7.38846	         1.86554	         1.86554	    -2.25242e-10	
         7.41532	         1.86458	         1.86458	    -2.32536e-10	
         7.44219	         1.86336	         1.86336	    -2.39241e-10	
         7.46906	         1.86195	         1.86195	    -2.45221e-10	
         7.49592	         1.86038	         1.86038	    -2.50483e-10	
         7.52279	         1.85874	         1.85874	    -2.55026e-10	
         7.54966	         1.85709	         1.85709	    -2.58745e-10	
         7.57653	         1.85549	         1.85549	    -2.61447e-10	
         7.60339	         1.85402	         1.85402	    -2.62924e-10	
         7.63026	         1.85273	         1.85273	    -2.62977e-10	
         7.65713	         1.85166	         1.85166	     -2.6157e-10	
         7.68399	         1.85079	         1.85079	    -2.59046e-10	
         7.71086	         1.85007	         1.85007	    -2.55854e-10	
         7.73773	         1.84943	         1.84943	    -2.52196e-10	
         7.76459	         1.84884	         1.84884	    -2.48134e-10	
         7.79146	         1.84825	         1.84825	    -2.43711e-10	
         7.81833	         1.84764	         1.84764	    -2.38965e-10	
          7.8452	         1.84697	         1.84697	    -2.33942e-10	
         7.87206	         1.84624	         1.84624	    -2.28682e-10	
         7.89893	         1.84544	         1.84544	    -2.23225e-10	
          7.9258	         1.84457	         1.84457	    -2.17594e-10	
         7.95266	         1.84365	         1.84365	    -2.11789e-10	
         7.97953	         1.84271	         1.84271	    -2.05663e-10	
          8.0064	         1.84176	         1.84176	    -1.99138e-10	
         8.03327	         1.84075	         1.84075	    -1.92411e-10	
         8.06013	         1.83966	         1.83966	    -1.85514e-10	
           8.087	         1.83847	         1.83847	     -1.7853e-10	
         8.11387	         1.83722	         1.83722	    -1.71585e-10	
         8.14073	          1.8359	          1.8359	    -1.64842e-10	
          8.1676	         1.83456	         1.83456	    -1.58503e-10	
         8.19447	         1.83325	         1.83325	    -1.52822e-10	
         8.22134	         1.83199	         1.83199	    -1.48112e-10	
          8.2482	         1.83086	         1.83086	    -1.44676e-10	
         8.27507	         1.82985	         1.82985	    -1.42189e-10	
         8.30194	          1.8289	          1.8289	    -1.40111e-10	
          8.3288	         1.82797	         1.82797	    -1.38308e-10	
         8.35567	           1.827	           1.827	    -1.36686e-10	
         8.38254	         1.82597	         1.82597	    -1.35165e-10	
         8.40941	         1.82486	         1.82486	    -1.33666e-10	
         8.43627	         1.82367	         1.82367	    -1.32095e-10	
         8.46314	         1.82241	         1.82241	    -1.30339e-10	
         8.49001	         1.82109	         1.82109	     -1.2825e-10	
         8.51687	         1.81972	         1.81972	    -1.25616e-10	
         8.54374	         1.81831	         1.81831	    -1.22495e-10	
         8.57061	         1.81684	         1.81684	    -1.19033e-10	
         8.59748	         1.81531	         1.81531	    -1.15243e-10	
         8.62434	         1.81369	         1.81369	    -1.11218e-10	
         8.65121	         1.81198	         1.81198	    -1.07101e-10	
         8.67808	         1.81017	         1.81017	    -1.03032e-10	
         8.70494	         1.80826	         1.80826	    -9.91491e-11	
         8.73181	         1.80627	         1.80627	    -9.55487e-11	
         8.75868	         1.80423	         1.80423	    -9.23221e-11	
         8.78555	          1.8022	          1.8022	    -8.95521e-11	
         8.81241	         1.80026	         1.80026	    -8.72957e-11	
         8.83928	         1.79851	         1.79851	    -8.55847e-11	
         8.86615	         1.79708	         1.79708	    -8.44449e-11	
         8.89301	         1.79609	         1.79609	     -8.3898e-11	
         8.91988	         1.79568	         1.79568	    -8.40126e-11	
         8.94675	         1.79597	         1.79597	    -8.49023e-11	
         8.97361	         1.79703	         1.79703	     -8.6732e-11	
         9.00048	         1.79889	         1.79889	    -8.96878e-11	
         9.02735	         1.80155	         1.80155	    -9.38476e-11	
         9.05422	         1.80489	         1.80489	    -9.92546e-11	
         9.08108	         1.80875	         1.80875	    -1.06074e-10	
         9.10795	         1.81297	         1.81297	    -1.14465e-10	
         9.13482	         1.81737	         1.81737	    -1.24509e-10	
         9.16168	         1.82177	         1.82177	    -1.36195e-10	
         9.18855	         1.82603	         1.82603	    -1.49402e-10	
         9.21542	            1.83	            1.83	    -1.63884e-10	
         9.24229	         1.83357	         1.83357	    -1.79319e-10	
         9.26915	         1.83665	         1.83665	    -1.95298e-10	
         9.29602	         1.83919	         1.83919	    -2.11376e-10	
         9.32289	         1.84116	         1.84116	     -2.2707e-10	
         9.34975	         1.84256	         1.84256	    -2.41867e-10	
         9.37662	         1.84345	         1.84345	    -2.55233e-10	
         9.40349	         1.84389	         1.84389	    -2.66613e-10	
         9.43036	         1.84399	         1.84399	    -2.75524e-10	
         9.45722	         1.84385	         1.84385	    -2.81638e-10	
         9.48409	          1.8436	          1.8436	    -2.84818e-10	
         9.51096	         1.84338	         1.84338	    -2.85104e-10	
         9.53782	         1.84329	         1.84329	    -2.82663e-10	
         9.56469	         1.84344	         1.84344	    -2.77765e-10	
         9.59156	         1.84391	         1.84391	    -2.70731e-10	
         9.61843	         1.84477	         1.84477	    -2.61913e-10	
         9.64529	         1.84605	         1.84605	    -2.51649e-10	
         9.67216	         1.84777	         1.84777	    -2.40024e-10	
         9.69903	         1.84988	         1.84988	    -2.27142e-10	
         9.72589	         1.85233	         1.85233	    -2.13298e-10	
         9.75276	         1.85502	         1.85502	    -1.98842e-10	
         9.77963	         1.85784	         1.85784	    -1.84141e-10	
          9.8065	         1.86065	         1.86065	    -1.69543e-10	
         9.83336	         1.86331	         1.86331	    -1.55358e-10	
         9.86023	         1.86569	         1.86569	     -1.4183e-10	
          9.8871	         1.86762	         1.86762	    -1.29156e-10	
         9.91396	           1.869	           1.869	    -1.17469e-10	
         9.94083	          1.8697	          1.8697	    -1.06869e-10	
          9.9677	         1.86963	         1.86963	    -9.74225e-11	
         9.99457	         1.86871	         1.86871	    -8.91669e-11	
         10.0214	          1.8669	          1.8669	    -8.21259e-11	
         10.0483	         1.86418	         1.86418	    -7.63192e-11	
         10.0752	         1.86058	         1.86058	    -7.17797e-11	
          10.102	         1.85613	         1.85613	    -6.85698e-11	
         10.1289	         1.85093	         1.85093	    -6.67972e-11	
         10.1558	         1.84509	         1.84509	    -6.66305e-11	
         10.1826	         1.83877	         1.83877	    -6.82787e-11	
         10.2095	         1.83215	         1.83215	    -7.19922e-11	
         10.2364	         1.82545	         1.82545	    -7.80098e-11	
         10.2632	         1.81886	         1.81886	    -8.64866e-11	
         10.2901	          1.8126	          1.8126	    -9.74338e-11	
          10.317	         1.80687	         1.80687	    -1.10671e-10	
         10.3438	         1.80182	         1.80182	    -1.25811e-10	
         10.3707	          1.7976	          1.7976	    -1.42289e-10	
         10.3976	         1.79431	         1.79431	    -1.59436e-10	
         10.4244	         1.79201	         1.79201	    -1.76518e-10	
         10.4513	         1.79074	         1.79074	    -1.92815e-10	
         10.4782	         1.79053	         1.79053	     -2.0768e-10	
          10.505	         1.79133	         1.79133	    -2.20604e-10	
         10.5319	          1.7931	          1.7931	    -2.31211e-10	
         10.5588	         1.79578	         1.79578	    -2.39218e-10	
         10.5856	          1.7993	          1.7993	    -2.44425e-10	
         10.6125	          1.8036	          1.8036	    -2.46718e-10	
         10.6394	         1.80864	         1.80864	    -2.46064e-10	
         10.6662	         1.81437	         1.81437	     -2.4248e-10	
         10.6931	         1.82076	         1.82076	    -2.35838e-10	
           10.72	         1.82777	         1.82777	    -2.26383e-10	
         10.7468	         1.83525	         1.83525	    -2.16619e-10	
         10.7737	         1.84303	         1.84303	    -2.07123e-10	
         10.8006	         1.85098	         1.85098	    -1.98804e-10	
         10.8274	         1.85896	         1.85896	    -1.92605e-10	
         10.8543	         1.86687	         1.86687	    -1.89388e-10	
         10.8812	         1.87458	         1.87458	    -1.89594e-10	
          10.908	         1.88202	         1.88202	    -1.92961e-10	
         10.9349	         1.88907	         1.88907	    -1.99014e-10	
         10.9618	         1.89566	         1.89566	    -2.07459e-10	
         10.9886	         1.90173	         1.90173	    -2.18049e-10	
         11.0155	         1.90724	         1.90724	    -2.30503e-10	
         11.0424	         1.91217	         1.91217	    -2.44478e-10	
         11.0692	         1.91652	         1.91652	    -2.59626e-10	
         11.0961	         1.92032	         1.92032	    -2.75665e-10	
          11.123	          1.9236	          1.9236	    -2.92458e-10	
         11.1499	         1.92639	         1.92639	    -3.09997e-10	
         11.1767	         1.92876	         1.92876	    -3.28063e-10	
         11.2036	         1.93073	         1.93073	    -3.45916e-10	
         11.2305	         1.93233	         1.93233	    -3.62819e-10	
         11.2573	          1.9336	          1.9336	    -3.78385e-10	
         11.2842	         1.93455	         1.93455	    -3.92323e-10	
         11.3111	         1.93523	         1.93523	    -4.04361e-10	
         11.3379	         1.93568	         1.93568	    -4.14283e-10	
         11.3648	         1.93594	         1.93594	    -4.21984e-10	
         11.3917	         1.93607	         1.93607	    -4.27496e-10	
         11.4185	         1.93609	         1.93609	    -4.31007e-10	
         11.4454	         1.93603	         1.93603	    -4.32783e-10	
         11.4723	         1.93592	         1.93592	    -4.33112e-10	
         11.4991	         1.93577	         1.93577	    -4.32215e-10	
          11.526	         1.93561	         1.93561	    -4.30252e-10	
         11.5529	         1.93547	         1.93547	    -4.27289e-10	
         11.5797	         1.93537	         1.93537	    -4.23338e-10	
         11.6066	         1.93537	         1.93537	    -4.18368e-10	
         11.6335	          1.9355	          1.9355	    -4.12319e-10	
         11.6603	         1.93584	         1.93584	    -4.05127e-10	
         11.6872	         1.93642	         1.93642	    -3.96763e-10	
         11.7141	         1.93731	         1.93731	    -3.87275e-10	
         11.7409	         1.93852	         1.93852	    -3.76837e-10	
         11.7678	         1.94008	         1.94008	    -3.65782e-10	
         11.7947	         1.94196	         1.94196	    -3.54517e-10	
         11.8215	         1.94414	         1.94414	    -3.43437e-10	
         11.8484	         1.94656	         1.94656	    -3.32908e-10	
         11.8753	         1.94919	         1.94919	    -3.23257e-10	
         11.9021	         1.95196	         1.95196	     -3.1479e-10	
          11.929	         1.95485	         1.95485	    -3.07742e-10	
         11.9559	         1.95781	         1.95781	    -3.02213e-10	
         11.9827	         1.96081	         1.96081	    -2.98072e-10	
         12.0096	         1.96382	         1.96382	    -2.95148e-10	
         12.0365	         1.96679	         1.96679	    -2.93408e-10	
         12.0633	         1.96969	         1.96969	    -2.92787e-10	
         12.0902	         1.97247	         1.97247	    -2.93137e-10	
         12.1171	         1.97507	         1.97507	    -2.94269e-10	
         12.1439	         1.97745	         1.97745	    -2.95971e-10	
         12.1708	         1.97954	         1.97954	    -2.98025e-10	
         12.1977	         1.98128	         1.98128	    -3.00131e-10	
         12.2245	         1.98259	         1.98259	    -3.01879e-10	
         12.2514	         1.98342	         1.98342	    -3.02814e-10	
         12.2783	         1.98369	         1.98369	    -3.02547e-10	
         12.3051	         1.98338	         1.98338	    -3.00841e-10	
          12.332	         1.98246	         1.98246	    -2.97602e-10	
         12.3589	         1.98091	         1.98091	    -2.92889e-10	
         12.3857	         1.97876	         1.97876	    -2.86884e-10	
         12.4126	         1.97604	         1.97604	    -2.79864e-10	
         12.4395	         1.97279	         1.97279	    -2.72171e-10	
         12.4663	         1.96909	         1.96909	    -2.64164e-10	
         12.4932	         1.96503	         1.96503	    -2.56194e-10	
         12.5201	         1.96071	         1.96071	    -2.48578e-10	
         12.5469	         1.95625	         1.95625	    -2.41597e-10	
         12.5738	         1.95181	         1.95181	    -2.35485e-10	
         12.6007	         1.94752	         1.94752	    -2.30425e-10	
         12.6275	         1.94353	         1.94353	    -2.26546e-10	
         12.6544	         1.93995	         1.93995	    -2.23886e-10	
         12.6813	         1.93689	         1.93689	     -2.2234e-10	
         12.7081	         1.93441	         1.93441	    -2.21701e-10	
          12.735	         1.93255	         1.93255	    -2.21701e-10	
         12.7619	         1.93129	         1.93129	     -2.2207e-10	
         12.7887	         1.93062	         1.93062	    -2.22598e-10	
         12.8156	         1.93047	         1.93047	    -2.23145e-10	
         12.8425	         1.93077	         1.93077	    -2.23698e-10	
         12.8693	         1.93144	         1.93144	    -2.24371e-10	
         12.8962	         1.93237	         1.93237	     -2.2541e-10	
         12.9231	         1.93347	         1.93347	    -2.27157e-10	
         12.9499	         1.93468	         1.93468	    -2.29987e-10	
         12.9768	         1.93592	         1.93592	    -2.34192e-10	
         13.0037	         1.93717	         1.93717	     -2.3978e-10	
         13.0305	          1.9384	          1.9384	    -2.46642e-10	
         13.0574	         1.93959	         1.93959	    -2.54765e-10	
         13.0843	         1.94077	         1.94077	    -2.64235e-10	
         13.1111	         1.94196	         1.94196	    -2.75291e-10	
          13.138	         1.94319	         1.94319	    -2.88244e-10	
         13.1649	         1.94447	         1.94447	    -3.02504e-10	
         13.1918	         1.94578	         1.94578	    -3.16909e-10	
         13.2186	          1.9471	          1.9471	     -3.3077e-10	
         13.2455	          1.9484	          1.9484	     -3.4367e-10	
         13.2724	         1.94964	         1.94964	    -3.55231e-10	
         13.2992	         1.95081	         1.95081	     -3.6508e-10	
         13.3261	         1.95186	         1.95186	    -3.72994e-10	
          13.353	         1.95274	         1.95274	    -3.79118e-10	
         13.3798	         1.95338	         1.95338	    -3.83572e-10	
         13.4067	         1.95372	         1.95372	      -3.863e-10	
         13.4336	         1.95371	         1.95371	    -3.87258e-10	
         13.4604	         1.95331	         1.95331	    -3.86483e-10	
         13.4873	          1.9525	          1.9525	    -3.84079e-10	
         13.5142	         1.95126	         1.95126	    -3.80214e-10	
          13.541	          1.9496	          1.9496	    -3.75115e-10	
         13.5679	         1.94756	         1.94756	    -3.69039e-10	
         13.5948	         1.94517	         1.94517	    -3.62249e-10	
         13.6216	          1.9425	          1.9425	    -3.54984e-10	
         13.6485	         1.93963	         1.93963	    -3.47407e-10	
         13.6754	         1.93665	         1.93665	    -3.39545e-10	
         13.7022	         1.93366	         1.93366	    -3.31254e-10	
         13.7291	          1.9308	          1.9308	    -3.22281e-10	
          13.756	         1.92819	         1.92819	    -3.12346e-10	
         13.7828	         1.92597	         1.92597	    -3.01215e-10	
         13.8097	         1.92426	         1.92426	    -2.88736e-10	
         13.8366	         1.92318	         1.92318	    -2.74809e-10	
         13.8634	         1.92284	         1.92284	    -2.59395e-10	
         13.8903	         1.92331	         1.92331	    -2.42733e-10	
         13.9172	          1.9246	          1.9246	    -2.26018e-10	
          13.944	         1.92667	         1.92667	    -2.10727e-10	
         13.9709	         1.92946	         1.92946	    -1.97746e-10	
         13.9978	         1.93285	         1.93285	    -1.87665e-10	
         14.0246	         1.93675	         1.93675	      -1.808e-10	
         14.0515	         1.94102	         1.94102	    -1.76572e-10	
         14.0784	         1.94551	         1.94551	    -1.73785e-10	
         14.1052	         1.95002	         1.95002	     -1.7275e-10	
         14.1321	         1.95439	         1.95439	    -1.73701e-10	
          14.159	         1.95844	         1.95844	    -1.76597e-10	
         14.1858	         1.96204	         1.96204	    -1.81347e-10	
         14.2127	         1.96508	         1.96508	    -1.87877e-10	
         14.2396	         1.96747	         1.96747	    -1.96135e-10	
         14.2664	         1.96917	         1.96917	    -2.06089e-10	
         14.2933	         1.97016	         1.97016	    -2.17697e-10	
         14.3202	         1.97046	         1.97046	    -2.30905e-10	
          14.347	         1.97013	         1.97013	    -2.45627e-10	
         14.3739	         1.96926	         1.96926	    -2.61743e-10	
         14.4008	         1.96796	         1.96796	    -2.79125e-10	
         14.4276	          1.9664	          1.9664	    -2.97621e-10	
         14.4545	         1.96475	         1.96475	    -3.16993e-10	
         14.4814	         1.96321	         1.96321	    -3.37461e-10	
         14.5082	         1.96194	         1.96194	    -3.58908e-10	
         14.5351	         1.96107	         1.96107	    -3.80816e-10	
          14.562	         1.96075	         1.96075	    -4.03001e-10	
         14.5888	         1.96112	         1.96112	    -4.26037e-10	
         14.6157	         1.96225	         1.96225	    -4.45485e-10	
         14.6426	         1.96411	         1.96411	    -4.61252e-10	
         14.6694	         1.96664	         1.96664	    -4.74052e-10	
         14.6963	         1.96975	         1.96975	    -4.84399e-10	
         14.7232	         1.97335	         1.97335	    -4.92721e-10	
           14.75	         1.97734	         1.97734	    -4.99327e-10	
         14.7769	         1.98158	         1.98158	    -5.04343e-10	
         14.8038	         1.98594	         1.98594	    -5.07737e-10	
         14.8306	          1.9903	          1.9903	    -5.09403e-10	
         14.8575	         1.99453	         1.99453	    -5.09246e-10	
         14.8844	         1.99853	         1.99853	    -5.07203e-10	
         14.9112	         2.00222	         2.00222	    -5.03233e-10	
         14.9381	         2.00555	         2.00555	     -4.9731e-10	
          14.965	          2.0085	          2.0085	    -4.89406e-10	
         14.9918	         2.01105	         2.01105	    -4.79499e-10	
         15.0187	         2.01318	         2.01318	    -4.67562e-10	
         15.0456	         2.01491	         2.01491	     -4.5363e-10	
         15.0724	         2.01623	         2.01623	    -4.37823e-10	
         15.0993	         2.01714	         2.01714	    -4.20358e-10	
         15.1262	         2.01764	         2.01764	    -4.01503e-10	
         15.1531	         2.01772	         2.01772	    -3.81581e-10	
         15.1799	         2.01739	         2.01739	    -3.60948e-10	
         15.2068	         2.01666	         2.01666	    -3.39943e-10	
         15.2337	         2.01553	         2.01553	     -3.1887e-10	
         15.2605	         2.01403	         2.01403	    -2.97936e-10	
         15.2874	         2.01215	         2.01215	    -2.77363e-10	
         15.3143	         2.00991	         2.00991	    -2.57471e-10	
         15.3411	         2.00736	         2.00736	    -2.38678e-10	
          15.368	         2.00454	         2.00454	    -2.21447e-10	
         15.3949	         2.00154	         2.00154	    -2.06215e-10	
         15.4217	         1.99842	         1.99842	    -1.93356e-10	
         15.4486	          1.9953	          1.9953	    -1.83125e-10	
         15.4755	         1.99228	         1.99228	    -1.75639e-10	
         15.5023	         1.98947	         1.98947	     -1.7092e-10	
         15.5292	         1.98697	         1.98697	    -1.68977e-10	
         15.5561	         1.98488	         1.98488	    -1.69917e-10	
         15.5829	         1.98327	         1.98327	    -1.73797e-10	
         15.6098	         1.98221	         1.98221	     -1.8046e-10	
         15.6367	         1.98176	         1.98176	    -1.89522e-10	
         15.6635	         1.98195	         1.98195	    -2.00285e-10	
         15.6904	         1.98273	         1.98273	    -2.12108e-10	
         15.7173	         1.98404	         1.98404	    -2.24457e-10	
         15.7441	         1.98579	         1.98579	    -2.36787e-10	
          15.771	         1.98787	         1.98787	    -2.48589e-10	
         15.7979	          1.9902	          1.9902	    -2.59425e-10	
         15.8247	         1.99267	         1.99267	    -2.68978e-10	
         15.8516	         1.99519	         1.99519	    -2.77013e-10	
         15.8785	         1.99771	         1.99771	    -2.83372e-10	
         15.9053	         2.00015	         2.00015	    -2.87955e-10	
         15.9322	         2.00249	         2.00249	    -2.90701e-10	
         15.9591	         2.00469	         2.00469	    -2.91592e-10	
         15.9859	         2.00673	         2.00673	    -2.90693e-10	
         16.0128	         2.00857	         2.00857	    -2.88181e-10	
         16.0397	         2.01022	         2.01022	     -2.8434e-10	
         16.0665	         2.01164	         2.01164	    -2.79534e-10	
         16.0934	         2.01283	         2.01283	    -2.74151e-10	
         16.1203	         2.01377	         2.01377	    -2.68535e-10	
         16.1471	         2.01444	         2.01444	    -2.62943e-10	
          16.174	         2.01484	         2.01484	    -2.57526e-10	
         16.2009	         2.01496	         2.01496	    -2.52375e-10	
         16.2277	         2.01478	         2.01478	    -2.47558e-10	
         16.2546	          2.0143	          2.0143	     -2.4315e-10	
         16.2815	          2.0135	          2.0135	    -2.39227e-10	
         16.3083	         2.01237	         2.01237	    -2.35837e-10	
         16.3352	         2.01092	         2.01092	    -2.32982e-10	
         16.3621	         2.00914	         2.00914	    -2.30588e-10	
         16.3889	         2.00706	         2.00706	    -2.28541e-10	
         16.4158	         2.00469	         2.00469	    -2.26693e-10	
         16.4427	         2.00207	         2.00207	     -2.2491e-10	
         16.4695	         1.99925	         1.99925	    -2.23091e-10	
         16.4964	         1.99627	         1.99627	    -2.21197e-10	
         16.5233	         1.99318	         1.99318	    -2.19253e-10	
         16.5501	         1.99001	         1.99001	    -2.17394e-10	
          16.577	         1.98679	         1.98679	    -2.15808e-10	
         16.6039	         1.98354	         1.98354	    -2.14732e-10	
         16.6307	         1.98027	         1.98027	    -2.14371e-10	
         16.6576	         1.97697	         1.97697	    -2.14881e-10	
         16.6845	         1.97365	         1.97365	    -2.16346e-10	
         16.7113	         1.97029	         1.97029	    -2.18772e-10	
         16.7382	         1.96691	         1.96691	    -2.22105e-10	
         16.7651	          1.9635	          1.9635	    -2.26247e-10	
         16.7919	         1.96005	         1.96005	    -2.31106e-10	
         16.8188	          1.9566	          1.9566	    -2.36594e-10	
         16.8457	         1.95316	         1.95316	    -2.42641e-10	
         16.8725	         1.94978	         1.94978	    -2.49184e-10	
         16.8994	         1.94653	         1.94653	    -2.56132e-10	
         16.9263	         1.94349	         1.94349	    -2.63335e-10	
         16.9531	         1.94075	         1.94075	    -2.70541e-10	
           16.98	         1.93844	         1.93844	    -2.77456e-10	
         17.0069	         1.93669	         1.93669	    -2.83096e-10	
         17.0337	         1.93559	         1.93559	    -2.87006e-10	
         17.0606	         1.93521	         1.93521	    -2.89424e-10	
         17.0875	         1.93557	         1.93557	    -2.90139e-10	
         17.1143	         1.93666	         1.93666	    -2.89105e-10	
         17.1412	         1.93843	         1.93843	    -2.86302e-10	
         17.1681	          1.9408	          1.9408	    -2.81758e-10	
          17.195	         1.94368	         1.94368	    -2.75546e-10	
         17.2218	         1.94696	         1.94696	    -2.67825e-10	
         17.2487	         1.95052	         1.95052	      -2.588e-10	
         17.2756	         1.95425	         1.95425	    -2.48733e-10	
         17.3024	         1.95804	         1.95804	    -2.37873e-10	
         17.3293	          1.9618	          1.9618	    -2.26436e-10	
         17.3562	         1.96545	         1.96545	    -2.14815e-10	
          17.383	         1.96894	         1.96894	    -2.03724e-10	
         17.4099	         1.97219	         1.97219	    -1.93832e-10	
         17.4368	         1.97519	         1.97519	    -1.85643e-10	
         17.4636	          1.9779	          1.9779	    -1.79547e-10	
         17.4905	         1.98036	         1.98036	    -1.75825e-10	
         17.5174	         1.98256	         1.98256	     -1.7462e-10	
         17.5442	         1.98457	         1.98457	    -1.75936e-10	
         17.5711	         1.98641	         1.98641	    -1.79605e-10	
          17.598	         1.98814	         1.98814	    -1.85322e-10	
         17.6248	          1.9898	          1.9898	    -1.92645e-10	
         17.6517	         1.99143	         1.99143	    -2.01035e-10	
         17.6786	         1.99308	         1.99308	    -2.09872e-10	
         17.7054	         1.99478	         1.99478	    -2.18495e-10	
         17.7323	         1.99655	         1.99655	    -2.26263e-10	
         17.7592	         1.99842	         1.99842	    -2.32578e-10	
          17.786	          2.0004	          2.0004	    -2.36991e-10	
         17.8129	          2.0025	          2.0025	    -2.39354e-10	
         17.8398	          2.0047	          2.0047	    -2.39984e-10	
         17.8666	         2.00697	         2.00697	    -2.39572e-10	
         17.8935	         2.00926	         2.00926	    -2.38723e-10	
         17.9204	         2.01152	         2.01152	    -2.37663e-10	
         17.9472	         2.01371	         2.01371	    -2.36291e-10	
         17.9741	         2.01578	         2.01578	    -2.34325e-10	
          18.001	         2.01771	         2.01771	    -2.31414e-10	
         18.0278	          2.0195	          2.0195	    -2.27154e-10	
         18.0547	         2.02112	         2.02112	    -2.21181e-10	
         18.0816	         2.02258	         2.02258	    -2.13279e-10	
         18.1084	         2.02386	         2.02386	    -2.03436e-10	
         18.1353	         2.02496	         2.02496	     -1.9179e-10	
         18.1622	         2.02588	         2.02588	    -1.78495e-10	
          18.189	         2.02663	         2.02663	    -1.63754e-10	
         18.2159	          2.0272	          2.0272	    -1.47798e-10	
         18.2428	         2.02761	         2.02761	     -1.3091e-10	
         18.2696	         2.02788	         2.02788	     -1.1344e-10	
         18.2965	           2.028	           2.028	    -9.57741e-11	
         18.3234	         2.02801	         2.02801	    -7.83431e-11	
         18.3502	         2.02792	         2.02792	    -6.16227e-11	
         18.3771	         2.02775	         2.02775	    -4.61307e-11	
          18.404	         2.02751	         2.02751	    -3.24372e-11	
         18.4308	         2.02723	         2.02723	    -2.11404e-11	
         18.4577	         2.02692	         2.02692	     -1.2875e-11	
         18.4846	         2.02659	         2.02659	    -8.23164e-12	
         18.5114	         2.02624	         2.02624	    -7.70894e-12	
         18.5383	         2.02588	         2.02588	    -1.16516e-11	
         18.5652	         2.02548	         2.02548	    -2.01852e-11	
          18.592	         2.02506	         2.02506	    -3.31752e-11	
         18.6189	         2.02459	         2.02459	     -5.0266e-11	
         18.6458	         2.02408	         2.02408	    -7.08797e-11	
         18.6726	         2.02351	         2.02351	    -9.42606e-11	
         18.6995	          2.0229	          2.0229	    -1.19531e-10	
         18.7264	         2.02225	         2.02225	    -1.45711e-10	
         18.7532	         2.02158	         2.02158	    -1.71742e-10	
         18.7801	         2.02091	         2.02091	    -1.96516e-10	
          18.807	         2.02027	         2.02027	    -2.18865e-10	
         18.8338	         2.01966	         2.01966	    -2.37532e-10	
         18.8607	         2.01909	         2.01909	    -2.51633e-10	
         18.8876	         2.01858	         2.01858	    -2.60706e-10	
         18.9144	         2.01813	         2.01813	    -2.64482e-10	
         18.9413	         2.01778	         2.01778	    -2.62861e-10	
         18.9682	         2.01758	         2.01758	     -2.5588e-10	
          18.995	         2.01757	         2.01757	     -2.4369e-10	
         19.0219	         2.01781	         2.01781	    -2.26577e-10	
         19.0488	         2.01832	         2.01832	    -2.05023e-10	
         19.0756	         2.01914	         2.01914	    -1.79707e-10	
         19.1025	         2.02029	         2.02029	     -1.5145e-10	
         19.1294	         2.02176	         2.02176	    -1.21089e-10	
         19.1562	         2.02353	         2.02353	    -8.93752e-11	
         19.1831	         2.02559	         2.02559	    -5.68994e-11	
           19.21	          2.0279	          2.0279	    -2.37752e-11	
         19.2369	         2.03042	         2.03042	     9.54925e-12	
         19.2637	         2.03303	         2.03303	     3.76508e-11	
         19.2906	         2.03556	         2.03556	     6.10378e-11	
         19.3175	         2.03789	         2.03789	     7.93121e-11	
         19.3443	         2.03988	         2.03988	     9.20504e-11	
         19.3712	         2.04142	         2.04142	     9.89662e-11	
         19.3981	         2.04244	         2.04244	     9.99631e-11	
         19.4249	         2.04286	         2.04286	     9.51599e-11	
         19.4518	         2.04266	         2.04266	     8.48903e-11	
         19.4787	         2.04183	         2.04183	     6.96523e-11	
         19.5055	          2.0404	          2.0404	     5.00595e-11	
         19.5324	         2.03846	         2.03846	     2.67786e-11	
         19.5593	         2.03609	         2.03609	     4.91607e-13	
         19.5861	         2.03343	         2.03343	    -2.81095e-11	
          19.613	         2.03063	         2.03063	    -5.83484e-11	
         19.6399	         2.02784	         2.02784	     -8.9571e-11	
         19.6667	         2.02525	         2.02525	    -1.21131e-10	
         19.6936	         2.02299	         2.02299	    -1.52303e-10	
         19.7205	         2.02122	         2.02122	    -1.82269e-10	
         19.7473	         2.02005	         2.02005	    -2.10184e-10	
         19.7742	         2.01954	         2.01954	    -2.35416e-10	
         19.8011	          2.0197	          2.0197	    -2.57636e-10	
         19.8279	         2.02055	         2.02055	      -2.767e-10	
         19.8548	         2.02204	         2.02204	     -2.9259e-10	
         19.8817	         2.02413	         2.02413	    -3.05332e-10	
         19.9085	         2.02674	         2.02674	    -3.15007e-10	
         19.9354	         2.02979	         2.02979	    -3.21712e-10	
         19.9623	         2.03319	         2.03319	     -3.2556e-10	
         19.9891	         2.03682	         2.03682	    -3.26644e-10	
          20.016	         2.04057	         2.04057	    -3.25055e-10	
         20.0429	         2.04434	         2.04434	    -3.20846e-10	
         20.0697	         2.04802	         2.04802	    -3.14041e-10	
         20.0966	         2.05153	         2.05153	    -3.04645e-10	
         20.1235	          2.0548	          2.0548	    -2.92653e-10	
         20.1503	         2.05779	         2.05779	    -2.78205e-10	
         20.1772	         2.06048	         2.06048	    -2.62386e-10	
         20.2041	         2.06287	         2.06287	    -2.43345e-10	
         20.2309	         2.06489	         2.06489	    -2.21244e-10	
         20.2578	         2.06653	         2.06653	    -1.96387e-10	
         20.2847	         2.06779	         2.06779	    -1.69099e-10	
         20.3115	         2.06866	         2.06866	    -1.39805e-10	
         20.3384	         2.06916	         2.06916	    -1.09031e-10	
         20.3653	         2.06929	         2.06929	    -7.74043e-11	
         20.3921	         2.06907	         2.06907	    -4.55951e-11	
          20.419	         2.06853	         2.06853	     -1.4297e-11	
         20.4459	          2.0677	          2.0677	     1.57825e-11	
         20.4727	          2.0666	          2.0666	     4.39595e-11	
         20.4996	         2.06528	         2.06528	     6.95879e-11	
         20.5265	         2.06377	         2.06377	     9.21072e-11	
         20.5533	         2.06212	         2.06212	     1.11032e-10	
         20.5802	         2.06035	         2.06035	     1.25997e-10	
         20.6071	         2.05851	         2.05851	     1.36789e-10	
         20.6339	         2.05664	         2.05664	      1.4336e-10	
         20.6608	         2.05475	         2.05475	     1.45867e-10	
         20.6877	         2.05287	         2.05287	     1.44633e-10	
         20.7145	         2.05103	         2.05103	     1.40137e-10	
         20.7414	         2.04924	         2.04924	     1.32949e-10	
         20.7683	         2.04752	         2.04752	     1.23657e-10	
         20.7951	         2.04588	         2.04588	     1.12819e-10	
          20.822	         2.04436	         2.04436	     1.00902e-10	
         20.8489	         2.04296	         2.04296	     8.83023e-11	
         20.8757	         2.04172	         2.04172	     7.53699e-11	
         20.9026	         2.04065	         2.04065	     6.24181e-11	
         20.9295	         2.03975	         2.03975	     4.96576e-11	
         20.9563	         2.03904	         2.03904	     3.71565e-11	
         20.9832	         2.03852	         2.03852	     2.48526e-11	
         21.0101	          2.0382	          2.0382	     1.26366e-11	
         21.0369	         2.03808	         2.03808	     3.31291e-13	
         21.0638	         2.03817	         2.03817	     -1.2335e-11	
         21.0907	         2.03846	         2.03846	    -2.57461e-11	
         21.1175	         2.03896	         2.03896	    -4.02567e-11	
         21.1444	         2.03964	         2.03964	    -5.59925e-11	
         21.1713	         2.04052	         2.04052	    -7.27409e-11	
         21.1982	         2.04157	         2.04157	     -8.9996e-11	
          21.225	         2.04278	         2.04278	    -1.07071e-10	
         21.2519	         2.04414	         2.04414	    -1.23222e-10	
         21.2788	         2.04563	         2.04563	    -1.37746e-10	
         21.3056	         2.04727	         2.04727	    -1.49989e-10	
         21.3325	         2.04903	         2.04903	    -1.59385e-10	
         21.3594	         2.05094	         2.05094	    -1.65409e-10	
         21.3862	         2.05299	         2.05299	    -1.67549e-10	
         21.4131	         2.05518	         2.05518	    -1.65297e-10	
           21.44	          2.0575	          2.0575	    -1.58321e-10	
         21.4668	          2.0599	          2.0599	    -1.46664e-10	
         21.4937	         2.06233	         2.06233	    -1.30843e-10	
         21.5206	         2.06472	         2.06472	    -1.11734e-10	
         21.5474	         2.06697	         2.06697	    -9.03508e-11	
         21.5743	         2.06899	         2.06899	    -6.76517e-11	
         21.6012	         2.07071	         2.07071	    -4.44369e-11	
          21.628	         2.07204	         2.07204	    -2.13176e-11	
         21.6549	         2.07295	         2.07295	      1.2923e-12	
         21.6818	         2.07338	         2.07338	     2.31881e-11	
         21.7086	         2.07333	         2.07333	     4.35678e-11	
         21.7355	         2.07279	         2.07279	     6.05072e-11	
         21.7624	         2.07177	         2.07177	     7.26583e-11	
         21.7892	         2.07029	         2.07029	     7.94902e-11	
         21.8161	          2.0684	          2.0684	     8.08655e-11	
          21.843	         2.06616	         2.06616	     7.69984e-11	
