        0.085971	      0.00945591	      0.00945591	    -1.64462e-09	
        0.171942	       0.0338973	       0.0338973	    -2.19501e-09	
        0.257913	        0.072757	        0.072757	     1.69531e-09	
        0.343884	        0.125128	        0.125128	      1.2154e-08	
        0.429855	         0.18832	         0.18832	     3.08456e-08	
        0.515826	        0.258475	        0.258475	     5.75777e-08	
        0.601797	        0.331696	        0.331696	     8.82484e-08	
        0.687768	        0.404843	        0.404842	     1.14762e-07	
        0.773739	        0.475735	        0.475735	     1.28406e-07	
         0.85971	        0.542836	        0.542836	     1.24865e-07	
        0.945681	        0.604793	        0.604793	     1.07959e-07	
         1.03165	        0.660234	        0.660234	      8.9461e-08	
         1.11762	        0.708082	        0.708081	     8.63026e-08	
         1.20359	        0.748295	        0.748294	     1.15552e-07	
         1.28957	        0.782596	        0.782596	     1.89294e-07	
         1.37554	        0.814582	        0.814582	     3.09363e-07	
         1.46151	        0.848827	        0.848827	     4.65341e-07	
         1.54748	        0.889236	        0.889235	      6.3603e-07	
         1.63345	        0.937501	          0.9375	     7.95439e-07	
         1.71942	        0.992577	        0.992576	     9.19951e-07	
         1.80539	         1.05126	         1.05126	     9.93131e-07	
         1.89136	         1.10921	          1.1092	     1.00746e-06	
         1.97733	         1.16186	         1.16186	     9.64427e-07	
          2.0633	         1.20509	         1.20509	     8.74884e-07	
         2.14928	         1.23591	         1.23591	     7.58806e-07	
         2.23525	         1.25314	         1.25314	     6.43243e-07	
         2.32122	         1.25798	         1.25798	     5.57471e-07	
         2.40719	         1.25387	         1.25387	      5.2575e-07	
         2.49316	         1.24567	         1.24567	      5.6069e-07	
         2.57913	         1.23824	         1.23823	     6.59771e-07	
          2.6651	          1.2351	          1.2351	     8.06917e-07	
         2.75107	         1.23788	         1.23788	     9.80262e-07	
         2.83704	         1.24644	         1.24644	     1.15854e-06	
         2.92302	         1.25937	         1.25936	     1.32917e-06	
         3.00899	         1.27441	         1.27441	      1.4917e-06	
         3.09496	         1.28896	         1.28896	      1.6555e-06	
         3.18093	         1.30084	         1.30084	     1.83624e-06	
          3.2669	         1.30927	         1.30927	     2.03971e-06	
         3.35287	         1.31564	         1.31564	     2.25204e-06	
         3.43884	         1.32331	         1.32331	     2.44654e-06	
         3.52481	         1.33653	         1.33653	     2.59312e-06	
         3.61078	         1.35866	         1.35866	     2.66745e-06	
         3.69675	         1.39081	         1.39081	     2.66317e-06	
         3.78273	         1.43155	         1.43155	      2.5993e-06	
          3.8687	         1.47767	         1.47767	     2.50417e-06	
         3.95467	         1.52509	         1.52509	     2.39062e-06	
         4.04064	         1.56982	         1.56981	     2.25797e-06	
         4.12661	         1.60869	         1.60869	     2.09848e-06	
         4.21258	         1.63996	         1.63996	     1.90853e-06	
         4.29855	         1.66344	         1.66344	     1.69704e-06	
         4.38452	         1.68058	         1.68058	     1.48397e-06	
         4.47049	         1.69415	         1.69415	     1.29671e-06	
         4.55646	         1.70747	         1.70747	     1.17385e-06	
         4.64244	         1.72349	         1.72349	     1.13981e-06	
         4.72841	         1.74422	         1.74422	     1.17545e-06	
         4.81438	         1.77042	         1.77042	      1.2412e-06	
         4.90035	         1.80157	         1.80157	     1.30192e-06	
         4.98632	         1.83601	         1.83601	     1.34517e-06	
         5.07229	         1.87131	         1.87131	     1.37649e-06	
         5.15826	         1.90503	         1.90503	     1.39801e-06	
         5.24423	         1.93545	         1.93545	     1.41177e-06	
          5.3302	         1.96186	         1.96186	     1.42474e-06	
         5.41618	         1.98455	         1.98455	     1.44062e-06	
         5.50215	         2.00467	         2.00466	     1.48827e-06	
         5.58812	         2.02376	         2.02376	     1.61184e-06	
         5.67409	         2.04312	         2.04312	     1.82951e-06	
         5.76006	         2.06327	         2.06327	     2.11114e-06	
         5.84603	         2.08406	         2.08406	     2.38578e-06	
           5.932	         2.10508	         2.10508	     2.57603e-06	
         6.01797	         2.12614	         2.12614	     2.64519e-06	
         6.10394	          2.1474	          2.1474	     2.60045e-06	
         6.18991	         2.16879	         2.16878	     2.48891e-06	
         6.27589	         2.18962	         2.18961	     2.36375e-06	
         6.36186	         2.20859	         2.20859	     2.25683e-06	
         6.44783	         2.22429	         2.22429	     2.18824e-06	
          6.5338	         2.23594	         2.23594	     2.18298e-06	
         6.61977	         2.24358	         2.24358	     2.27629e-06	
         6.70574	         2.24765	         2.24765	     2.48144e-06	
         6.79171	         2.24864	         2.24863	     2.75309e-06	
         6.87768	         2.24721	         2.24721	     2.98601e-06	
         6.96365	         2.24455	         2.24455	     3.06406e-06	
         7.04962	         2.24187	         2.24186	     2.91714e-06	
          7.1356	         2.23981	          2.2398	     2.55719e-06	
         7.22157	         2.23833	         2.23833	     2.07033e-06	
         7.30754	         2.23749	         2.23749	     1.58495e-06	
         7.39351	         2.23802	         2.23802	       1.231e-06	
         7.47948	         2.24103	         2.24103	     1.06592e-06	
         7.56545	         2.24672	         2.24672	     1.08167e-06	
         7.65142	         2.25383	         2.25383	     1.23842e-06	
         7.73739	         2.26039	         2.26039	      1.4796e-06	
         7.82336	         2.26493	         2.26492	     1.75602e-06	
         7.90934	         2.26728	         2.26728	     2.01485e-06	
         7.99531	         2.26862	         2.26862	     2.22159e-06	
         8.08128	         2.27051	          2.2705	      2.3751e-06	
         8.16725	         2.27392	         2.27392	     2.48281e-06	
         8.25322	         2.27868	         2.27868	     2.53167e-06	
         8.33919	         2.28377	         2.28377	     2.50506e-06	
         8.42516	          2.2883	          2.2883	     2.37727e-06	
         8.51113	          2.2923	          2.2923	     2.12268e-06	
          8.5971	         2.29655	         2.29654	     1.74009e-06	
         8.68307	          2.3018	          2.3018	     1.27824e-06	
         8.76905	         2.30844	         2.30844	     8.51385e-07	
         8.85502	         2.31673	         2.31673	     5.82277e-07	
         8.94099	          2.3267	          2.3267	     4.92755e-07	
         9.02696	         2.33782	         2.33782	     5.03861e-07	
         9.11293	          2.3489	          2.3489	      5.0165e-07	
          9.1989	         2.35869	         2.35869	     3.97525e-07	
         9.28487	         2.36664	         2.36664	     1.60675e-07	
         9.37084	         2.37318	         2.37318	    -1.56694e-07	
         9.45681	         2.37911	         2.37911	    -4.46301e-07	
         9.54279	         2.38501	         2.38501	     -6.1769e-07	
         9.62876	         2.39104	         2.39104	    -6.27258e-07	
         9.71473	         2.39706	         2.39706	    -4.77262e-07	
          9.8007	         2.40301	         2.40301	    -2.26948e-07	
         9.88667	         2.40919	         2.40919	     2.11776e-08	
         9.97264	         2.41603	         2.41603	     1.76969e-07	
         10.0586	         2.42355	         2.42355	     2.52195e-07	
         10.1446	         2.43138	         2.43138	     3.05661e-07	
         10.2306	         2.43941	         2.43941	     3.42968e-07	
         10.3165	         2.44795	         2.44795	     3.54447e-07	
         10.4025	         2.45729	         2.45729	     3.86563e-07	
         10.4885	         2.46726	         2.46726	     5.15343e-07	
         10.5744	         2.47696	         2.47696	     7.47139e-07	
         10.6604	         2.48517	         2.48517	     9.77022e-07	
         10.7464	         2.49069	         2.49069	     1.06021e-06	
         10.8324	         2.49259	         2.49259	     8.91906e-07	
         10.9183	         2.48999	         2.48999	      5.2268e-07	
         11.0043	         2.48298	         2.48298	     1.59405e-07	
         11.0903	         2.47304	         2.47304	    -1.87826e-08	
         11.1762	         2.46277	         2.46277	     7.03681e-08	
         11.2622	         2.45535	         2.45535	     3.75963e-07	
         11.3482	         2.45368	         2.45367	     7.36451e-07	
         11.4341	         2.45872	         2.45872	     9.40774e-07	
         11.5201	          2.4682	          2.4682	     8.72466e-07	
         11.6061	         2.47838	         2.47838	     5.45441e-07	
         11.6921	         2.48635	         2.48635	     7.67777e-08	
          11.778	         2.49111	         2.49111	    -3.90932e-07	
          11.864	         2.49276	         2.49276	    -7.01627e-07	
           11.95	         2.49134	         2.49134	    -7.63934e-07	
         12.0359	         2.48674	         2.48674	    -6.12519e-07	
         12.1219	         2.47899	         2.47899	     -3.4189e-07	
         12.2079	         2.46889	         2.46889	    -6.46128e-08	
         12.2939	         2.45837	         2.45837	     1.62303e-07	
         12.3798	         2.44982	         2.44982	     3.36838e-07	
         12.4658	          2.4454	          2.4454	     3.99262e-07	
         12.5518	         2.44604	         2.44604	     4.49764e-07	
         12.6377	         2.45084	         2.45084	     4.69142e-07	
         12.7237	         2.45799	         2.45799	     3.15046e-07	
         12.8097	         2.46528	         2.46528	    -8.07921e-08	
         12.8957	         2.47058	         2.47058	    -6.46189e-07	
         12.9816	         2.47291	         2.47291	    -1.26864e-06	
         13.0676	          2.4726	          2.4726	    -1.85035e-06	
         13.1536	         2.47097	         2.47097	    -2.30378e-06	
         13.2395	         2.46956	         2.46956	     -2.5452e-06	
         13.3255	         2.46963	         2.46963	    -2.50538e-06	
         13.4115	         2.47192	         2.47193	    -2.22739e-06	
         13.4975	         2.47671	         2.47671	    -1.86151e-06	
         13.5834	         2.48352	         2.48352	    -1.54574e-06	
         13.6694	          2.4913	         2.49131	    -1.24659e-06	
         13.7554	         2.49922	         2.49922	    -1.00225e-06	
         13.8413	           2.507	         2.50701	    -8.69744e-07	
         13.9273	         2.51525	         2.51525	    -8.28903e-07	
         14.0133	          2.5244	          2.5244	    -8.11768e-07	
         14.0992	         2.53357	         2.53357	     -7.7225e-07	
         14.1852	         2.54155	         2.54155	    -6.67652e-07	
         14.2712	         2.54733	         2.54733	    -4.39391e-07	
         14.3572	         2.55047	         2.55047	    -1.89208e-07	
         14.4431	         2.55118	         2.55118	    -5.87994e-08	
         14.5291	         2.55018	         2.55018	    -1.17323e-07	
         14.6151	         2.54868	         2.54868	     -2.9467e-07	
          14.701	          2.5477	          2.5477	    -4.18149e-07	
          14.787	          2.5475	          2.5475	    -3.51066e-07	
          14.873	         2.54723	         2.54723	    -7.83588e-08	
          14.959	         2.54618	         2.54618	     3.93472e-07	
         15.0449	         2.54452	         2.54452	     1.06596e-06	
         15.1309	         2.54303	         2.54303	     1.83958e-06	
         15.2169	         2.54242	         2.54242	     2.53182e-06	
         15.3028	         2.54338	         2.54337	     2.94031e-06	
         15.3888	         2.54685	         2.54684	      2.9264e-06	
         15.4748	         2.55375	         2.55375	     2.51874e-06	
         15.5608	         2.56408	         2.56408	     1.86489e-06	
         15.6467	         2.57701	         2.57701	     1.16979e-06	
         15.7327	         2.59122	         2.59122	     5.91401e-07	
         15.8187	         2.60477	         2.60477	     2.11253e-07	
         15.9046	         2.61544	         2.61544	      1.0697e-07	
         15.9906	         2.62151	         2.62151	      2.7942e-07	
         16.0766	         2.62204	         2.62204	     5.69428e-07	
         16.1626	         2.61701	         2.61701	     7.88309e-07	
         16.2485	         2.60785	         2.60785	     7.91338e-07	
         16.3345	         2.59692	         2.59692	     4.82225e-07	
         16.4205	         2.58711	         2.58711	    -8.17862e-08	
         16.5064	         2.58115	         2.58115	    -6.95838e-07	
         16.5924	         2.58027	         2.58027	    -1.18433e-06	
         16.6784	         2.58377	         2.58377	    -1.43306e-06	
         16.7644	          2.5896	          2.5896	    -1.54169e-06	
         16.8503	         2.59556	         2.59556	    -1.58168e-06	
         16.9363	         2.60028	         2.60028	    -1.49141e-06	
         17.0223	         2.60334	         2.60334	    -1.20522e-06	
         17.1082	         2.60522	         2.60522	    -7.96012e-07	
         17.1942	          2.6066	          2.6066	    -3.19591e-07	
         17.2802	         2.60779	         2.60779	     1.94882e-07	
         17.3661	         2.60916	         2.60916	      6.1136e-07	
         17.4521	         2.61076	         2.61076	     7.84862e-07	
         17.5381	         2.61258	         2.61258	     6.25111e-07	
         17.6241	         2.61477	         2.61476	     1.83497e-07	
           17.71	         2.61754	         2.61754	    -3.16284e-07	
          17.796	         2.62068	         2.62068	    -7.34911e-07	
          17.882	         2.62378	         2.62378	    -1.09028e-06	
         17.9679	         2.62669	         2.62669	    -1.42872e-06	
         18.0539	         2.62926	         2.62926	    -1.76892e-06	
         18.1399	         2.63079	         2.63079	    -2.05756e-06	
         18.2259	         2.63012	         2.63012	    -2.17665e-06	
         18.3118	         2.62677	         2.62677	    -1.97467e-06	
         18.3978	         2.62149	         2.62149	    -1.39322e-06	
         18.4838	          2.6158	          2.6158	    -5.60164e-07	
         18.5697	         2.61165	         2.61165	     2.27376e-07	
         18.6557	         2.61044	         2.61044	     6.00567e-07	
         18.7417	         2.61216	         2.61216	     5.06494e-07	
         18.8277	         2.61634	         2.61634	     1.30736e-07	
         18.9136	           2.622	           2.622	    -3.52792e-07	
         18.9996	         2.62797	         2.62797	    -5.86397e-07	
         19.0856	         2.63309	         2.63309	    -3.89721e-07	
         19.1715	          2.6373	          2.6373	     1.43254e-07	
         19.2575	         2.64108	         2.64108	     7.36737e-07	
         19.3435	         2.64482	         2.64482	     1.07109e-06	
         19.4295	         2.64877	         2.64877	     9.92822e-07	
         19.5154	         2.65293	         2.65293	     6.12544e-07	
         19.6014	         2.65709	         2.65709	      1.9916e-07	
         19.6874	         2.66102	         2.66102	      3.4918e-08	
         19.7733	         2.66445	         2.66444	     2.25317e-07	
         19.8593	         2.66668	         2.66668	     6.51148e-07	
         19.9453	         2.66682	         2.66682	     1.20005e-06	
         20.0313	         2.66401	         2.66401	     1.75829e-06	
         20.1172	         2.65795	         2.65795	     2.21497e-06	
         20.2032	         2.64959	         2.64959	     2.44642e-06	
         20.2892	         2.64115	         2.64115	     2.29765e-06	
         20.3751	         2.63511	         2.63511	     1.72312e-06	
         20.4611	         2.63318	         2.63318	     9.25935e-07	
         20.5471	          2.6358	          2.6358	     1.72684e-07	
          20.633	         2.64175	         2.64175	    -3.10331e-07	
          20.719	         2.64904	         2.64904	    -5.15763e-07	
          20.805	         2.65576	         2.65576	    -6.07975e-07	
          20.891	          2.6607	          2.6607	    -6.90531e-07	
         20.9769	         2.66341	         2.66341	    -8.29562e-07	
         21.0629	         2.66363	         2.66363	    -1.07453e-06	
         21.1489	         2.66175	         2.66175	    -1.29231e-06	
         21.2348	         2.65914	         2.65914	    -1.37904e-06	
         21.3208	         2.65712	         2.65712	    -1.35923e-06	
         21.4068	         2.65641	         2.65641	    -1.29482e-06	
         21.4928	         2.65762	         2.65762	     -1.1372e-06	
         21.5787	         2.66131	         2.66131	    -8.46282e-07	
         21.6647	         2.66723	         2.66723	    -6.47825e-07	
         21.7507	         2.67465	         2.67465	     -6.6943e-07	
         21.8366	         2.68308	         2.68308	    -7.81676e-07	
         21.9226	         2.69201	         2.69201	    -8.23625e-07	
         22.0086	         2.70048	         2.70048	    -7.76918e-07	
         22.0946	          2.7072	          2.7072	    -6.82489e-07	
         22.1805	         2.71162	         2.71162	    -5.14455e-07	
         22.2665	         2.71448	         2.71449	    -1.57746e-07	
         22.3525	         2.71684	         2.71684	     3.95144e-07	
         22.4384	         2.71911	         2.71911	     9.44045e-07	
         22.5244	         2.72045	         2.72045	     1.19964e-06	
         22.6104	         2.71976	         2.71976	     1.11927e-06	
         22.6964	           2.717	           2.717	     8.67465e-07	
         22.7823	         2.71342	         2.71342	      6.5902e-07	
         22.8683	         2.71075	         2.71075	      6.4515e-07	
         22.9543	          2.7099	          2.7099	      8.7744e-07	
         23.0402	         2.71128	         2.71128	     1.28559e-06	
         23.1262	         2.71439	         2.71439	     1.59787e-06	
         23.2122	         2.71784	         2.71784	     1.59174e-06	
         23.2982	         2.71989	         2.71989	     1.42792e-06	
         23.3841	         2.71917	         2.71917	     1.37586e-06	
         23.4701	         2.71499	         2.71499	     1.59977e-06	
         23.5561	          2.7081	          2.7081	     2.11782e-06	
          23.642	         2.70075	         2.70074	     2.75954e-06	
          23.728	         2.69575	         2.69574	     3.23611e-06	
          23.814	         2.69467	         2.69467	     3.41232e-06	
         23.8999	         2.69638	         2.69638	     3.27001e-06	
         23.9859	          2.6984	          2.6984	     2.79697e-06	
         24.0719	         2.69902	         2.69902	     2.03111e-06	
         24.1579	         2.69809	         2.69809	     1.01113e-06	
         24.2438	         2.69695	         2.69695	    -1.77971e-07	
         24.3298	         2.69709	         2.69709	    -1.29617e-06	
         24.4158	         2.69865	         2.69865	    -2.12764e-06	
         24.5017	         2.69994	         2.69995	     -2.6467e-06	
         24.5877	         2.69867	         2.69867	    -2.94102e-06	
         24.6737	         2.69385	         2.69386	    -3.08961e-06	
         24.7597	         2.68697	         2.68697	    -3.08152e-06	
         24.8456	         2.68126	         2.68126	    -2.92731e-06	
         24.9316	         2.67977	         2.67977	    -2.68394e-06	
         25.0176	         2.68401	         2.68402	    -2.20834e-06	
         25.1035	         2.69303	         2.69303	    -1.53497e-06	
         25.1895	         2.70413	         2.70413	    -9.19963e-07	
         25.2755	         2.71461	         2.71461	    -5.87797e-07	
         25.3615	         2.72276	         2.72276	    -5.71744e-07	
         25.4474	         2.72823	         2.72823	     -8.2276e-07	
         25.5334	         2.73179	         2.73179	    -1.29399e-06	
         25.6194	         2.73444	         2.73444	    -1.80762e-06	
         25.7053	         2.73633	         2.73633	    -2.12931e-06	
         25.7913	         2.73712	         2.73713	    -2.25292e-06	
         25.8773	         2.73662	         2.73663	    -2.28318e-06	
         25.9633	         2.73474	         2.73474	    -2.33054e-06	
         26.0492	         2.73163	         2.73163	    -2.40008e-06	
         26.1352	          2.7279	          2.7279	    -2.38432e-06	
         26.2212	         2.72401	         2.72401	    -2.12617e-06	
         26.3071	         2.72022	         2.72022	    -1.55677e-06	
         26.3931	         2.71645	         2.71645	     -8.2638e-07	
         26.4791	         2.71224	         2.71224	    -1.70954e-07	
         26.5651	         2.70749	         2.70749	     3.24016e-07	
          26.651	         2.70247	         2.70247	     7.15032e-07	
          26.737	          2.6976	          2.6976	     1.06978e-06	
          26.823	         2.69349	         2.69349	     1.43768e-06	
         26.9089	         2.69085	         2.69085	     1.83526e-06	
         26.9949	         2.69022	         2.69021	     2.26583e-06	
         27.0809	         2.69171	          2.6917	     2.70217e-06	
         27.1668	         2.69521	         2.69521	     3.27016e-06	
         27.2528	         2.69987	         2.69986	     3.95115e-06	
         27.3388	         2.70439	         2.70438	     4.42492e-06	
         27.4248	         2.70797	         2.70797	     4.36253e-06	
         27.5107	         2.71052	         2.71052	     3.95781e-06	
         27.5967	         2.71208	         2.71208	     3.49841e-06	
         27.6827	         2.71233	         2.71233	     3.19562e-06	
         27.7686	         2.71067	         2.71067	     3.05726e-06	
         27.8546	         2.70683	         2.70683	      2.8827e-06	
         27.9406	         2.70164	         2.70163	     2.56424e-06	
         28.0266	         2.69696	         2.69696	     2.15259e-06	
         28.1125	         2.69474	         2.69474	     1.87368e-06	
         28.1985	         2.69614	         2.69614	     1.96239e-06	
         28.2845	         2.70105	         2.70104	     2.45633e-06	
         28.3704	         2.70803	         2.70803	     3.14474e-06	
         28.4564	         2.71457	         2.71456	     3.81783e-06	
         28.5424	         2.71872	         2.71871	     4.17986e-06	
         28.6284	         2.72031	          2.7203	     3.85898e-06	
         28.7143	         2.72037	         2.72037	     2.77087e-06	
         28.8003	         2.72009	         2.72009	      1.2155e-06	
         28.8863	         2.72005	         2.72005	    -1.99633e-07	
         28.9722	          2.7196	         2.71961	    -8.51131e-07	
         29.0582	         2.71771	         2.71771	    -6.61757e-07	
         29.1442	         2.71394	         2.71394	     1.82993e-07	
         29.2302	         2.70911	         2.70911	     1.18036e-06	
         29.3161	         2.70478	         2.70478	     1.83712e-06	
         29.4021	         2.70252	         2.70252	     1.94356e-06	
         29.4881	          2.7027	         2.70269	     1.62247e-06	
          29.574	         2.70415	         2.70415	     1.12375e-06	
           29.66	         2.70561	          2.7056	     5.55205e-07	
          29.746	         2.70681	         2.70681	      4.7467e-08	
         29.8319	          2.7084	          2.7084	    -2.50769e-07	
         29.9179	         2.71121	         2.71121	    -1.79866e-07	
         30.0039	         2.71541	         2.71541	      3.7451e-07	
         30.0899	         2.72049	         2.72049	     1.38855e-06	
         30.1758	         2.72594	         2.72594	     2.72315e-06	
         30.2618	         2.73119	         2.73118	     3.95347e-06	
         30.3478	         2.73534	         2.73534	     4.70301e-06	
         30.4337	         2.73763	         2.73762	     4.96963e-06	
         30.5197	         2.73802	         2.73802	     5.00731e-06	
         30.6057	         2.73701	           2.737	     5.09475e-06	
         30.6917	         2.73528	         2.73528	      5.3497e-06	
         30.7776	         2.73372	         2.73372	     5.60302e-06	
         30.8636	         2.73264	         2.73264	     5.62056e-06	
         30.9496	         2.73195	         2.73195	     5.24288e-06	
         31.0355	         2.73134	         2.73134	     4.47148e-06	
         31.1215	         2.73036	         2.73035	     3.70976e-06	
         31.2075	         2.72878	         2.72878	     3.17143e-06	
         31.2935	         2.72711	         2.72711	      2.8268e-06	
         31.3794	          2.7262	          2.7262	     2.59101e-06	
         31.4654	         2.72702	         2.72702	     2.26957e-06	
         31.5514	         2.73015	         2.73014	     1.77101e-06	
         31.6373	         2.73523	         2.73523	     9.54715e-07	
         31.7233	         2.74104	         2.74104	    -2.10718e-07	
         31.8093	         2.74634	         2.74634	    -1.51307e-06	
         31.8953	         2.75089	          2.7509	    -2.78134e-06	
         31.9812	         2.75461	         2.75462	    -3.81974e-06	
         32.0672	         2.75712	         2.75713	    -4.57868e-06	
         32.1532	         2.75791	         2.75792	    -5.03998e-06	
         32.2391	         2.75641	         2.75642	    -5.14129e-06	
         32.3251	         2.75225	         2.75225	    -4.82458e-06	
         32.4111	         2.74576	         2.74576	    -4.22498e-06	
         32.4971	         2.73795	         2.73796	    -3.65576e-06	
          32.583	         2.73051	         2.73051	    -3.45108e-06	
          32.669	         2.72539	          2.7254	    -3.75756e-06	
          32.755	         2.72323	         2.72324	    -4.51382e-06	
         32.8409	         2.72334	         2.72335	    -5.55996e-06	
         32.9269	          2.7257	         2.72571	    -6.54944e-06	
         33.0129	         2.73105	         2.73106	    -7.31078e-06	
         33.0988	         2.73869	          2.7387	    -7.72179e-06	
         33.1848	          2.7461	          2.7461	    -7.80748e-06	
         33.2708	         2.75115	         2.75116	    -7.62541e-06	
         33.3568	           2.753	         2.75301	    -7.16569e-06	
         33.4427	         2.75214	         2.75215	    -6.51965e-06	
         33.5287	         2.74969	         2.74969	     -5.8025e-06	
         33.6147	         2.74672	         2.74672	    -4.94912e-06	
         33.7006	         2.74426	         2.74426	    -3.86671e-06	
         33.7866	         2.74313	         2.74313	    -2.74487e-06	
         33.8726	         2.74356	         2.74356	    -1.94933e-06	
         33.9586	         2.74483	         2.74483	    -1.58051e-06	
         34.0445	         2.74558	         2.74558	    -1.41951e-06	
         34.1305	         2.74441	         2.74441	    -1.22759e-06	
         34.2165	         2.74071	         2.74071	    -8.75006e-07	
         34.3024	         2.73522	         2.73522	    -3.35312e-07	
         34.3884	         2.72937	         2.72937	     2.96726e-07	
         34.4744	         2.72408	         2.72408	     6.92143e-07	
         34.5604	         2.71986	         2.71986	     4.98227e-07	
         34.6463	         2.71779	         2.71779	    -3.05464e-07	
         34.7323	         2.71931	         2.71931	    -1.57352e-06	
         34.8183	         2.72472	         2.72472	    -3.01103e-06	
         34.9042	         2.73277	         2.73277	    -4.25723e-06	
         34.9902	         2.74105	         2.74106	     -4.9744e-06	
         35.0762	         2.74735	         2.74736	    -5.01154e-06	
         35.1622	          2.7505	          2.7505	    -4.38335e-06	
         35.2481	         2.75049	         2.75049	    -3.34458e-06	
         35.3341	         2.74844	         2.74844	    -2.34606e-06	
         35.4201	         2.74569	          2.7457	      -1.765e-06	
          35.506	         2.74364	         2.74364	     -1.5566e-06	
          35.592	         2.74255	         2.74255	    -1.63779e-06	
          35.678	         2.74195	         2.74195	    -1.95798e-06	
          35.764	         2.74141	         2.74142	     -2.6045e-06	
         35.8499	         2.74043	         2.74043	     -3.6858e-06	
         35.9359	         2.73888	         2.73889	    -5.17453e-06	
         36.0219	         2.73719	         2.73719	    -6.81607e-06	
         36.1078	         2.73595	         2.73596	    -8.29388e-06	
         36.1938	         2.73549	          2.7355	    -9.18519e-06	
         36.2798	         2.73561	         2.73562	    -9.32249e-06	
         36.3657	         2.73583	         2.73584	    -8.70992e-06	
         36.4517	         2.73537	         2.73537	     -7.4358e-06	
         36.5377	         2.73309	          2.7331	    -5.70331e-06	
         36.6237	         2.72857	         2.72858	    -3.97694e-06	
         36.7096	         2.72267	         2.72267	    -2.62037e-06	
         36.7956	         2.71704	         2.71704	    -1.76403e-06	
         36.8816	         2.71353	         2.71353	    -1.33241e-06	
         36.9675	         2.71332	         2.71332	    -1.19731e-06	
         37.0535	          2.7159	          2.7159	     -1.3549e-06	
         37.1395	         2.72005	         2.72005	    -1.72066e-06	
         37.2255	         2.72485	         2.72485	    -2.23821e-06	
         37.3114	         2.73001	         2.73002	    -2.72091e-06	
         37.3974	         2.73533	         2.73534	    -3.20036e-06	
         37.4834	         2.73997	         2.73997	    -3.36515e-06	
         37.5693	         2.74312	         2.74312	    -3.15921e-06	
         37.6553	         2.74483	         2.74484	    -2.58182e-06	
         37.7413	         2.74586	         2.74586	    -1.74414e-06	
         37.8273	         2.74733	         2.74733	    -8.42331e-07	
         37.9132	         2.74981	         2.74981	     1.46895e-07	
         37.9992	         2.75264	         2.75263	     7.60953e-07	
         38.0852	         2.75514	         2.75514	     7.68506e-07	
         38.1711	         2.75725	         2.75725	     4.38611e-07	
         38.2571	          2.7597	          2.7597	     2.02741e-07	
         38.3431	         2.76345	         2.76345	     4.03458e-07	
         38.4291	         2.76885	         2.76885	      9.4856e-07	
          38.515	         2.77505	         2.77505	      1.3196e-06	
          38.601	         2.78066	         2.78066	     1.41825e-06	
          38.687	         2.78459	         2.78459	     1.59866e-06	
         38.7729	         2.78632	         2.78631	     2.08489e-06	
         38.8589	         2.78619	         2.78619	     2.91631e-06	
         38.9449	         2.78519	         2.78518	       3.923e-06	
         39.0309	         2.78416	         2.78416	     4.82369e-06	
         39.1168	         2.78325	         2.78325	     5.51732e-06	
         39.2028	         2.78154	         2.78153	     5.92193e-06	
         39.2888	         2.77879	         2.77878	     5.99379e-06	
         39.3747	         2.77618	         2.77618	     5.79726e-06	
         39.4607	         2.77512	         2.77511	     5.46609e-06	
         39.5467	          2.7755	         2.77549	     5.31146e-06	
         39.6326	         2.77637	         2.77636	     5.32909e-06	
         39.7186	         2.77674	         2.77673	     5.22464e-06	
         39.8046	         2.77615	         2.77615	     4.74436e-06	
         39.8906	         2.77488	         2.77487	     3.90958e-06	
         39.9765	         2.77346	         2.77346	     3.04041e-06	
         40.0625	         2.77221	          2.7722	     2.44102e-06	
         40.1485	         2.77083	         2.77083	     2.20493e-06	
         40.2344	          2.7686	          2.7686	     2.18306e-06	
         40.3204	         2.76504	         2.76504	     2.14318e-06	
         40.4064	         2.76005	         2.76005	     1.99311e-06	
         40.4924	         2.75436	         2.75436	     1.83865e-06	
         40.5783	         2.74994	         2.74993	     1.74371e-06	
         40.6643	         2.74874	         2.74874	     1.73478e-06	
         40.7503	          2.7514	          2.7514	     2.00031e-06	
         40.8362	         2.75677	         2.75676	     2.58051e-06	
         40.9222	         2.76266	         2.76266	     3.36317e-06	
         41.0082	         2.76724	         2.76724	     4.24818e-06	
         41.0942	         2.76927	         2.76927	     5.09383e-06	
         41.1801	         2.76867	         2.76867	     5.87396e-06	
         41.2661	         2.76649	         2.76648	     6.37714e-06	
         41.3521	         2.76401	         2.76401	     5.95831e-06	
          41.438	         2.76191	         2.76191	     4.32931e-06	
          41.524	         2.76008	         2.76008	     1.92078e-06	
           41.61	         2.75856	         2.75856	    -5.59694e-07	
          41.696	         2.75826	         2.75826	     -2.5465e-06	
         41.7819	          2.7602	         2.76021	    -3.54242e-06	
         41.8679	          2.7645	          2.7645	    -3.42707e-06	
         41.9539	         2.77065	         2.77066	    -2.35237e-06	
         42.0398	         2.77794	         2.77794	    -7.36592e-07	
         42.1258	         2.78539	         2.78539	     1.06791e-06	
         42.2118	         2.79245	         2.79245	     2.93786e-06	
         42.2977	          2.7985	          2.7985	     4.64295e-06	
         42.3837	         2.80283	         2.80282	     5.79649e-06	
         42.4697	          2.8045	         2.80449	     6.13398e-06	
         42.5557	         2.80264	         2.80264	     5.54803e-06	
         42.6416	         2.79669	         2.79669	     4.02665e-06	
         42.7276	         2.78692	         2.78692	     1.76316e-06	
         42.8136	         2.77488	         2.77488	    -7.74282e-07	
         42.8995	         2.76295	         2.76296	    -2.97734e-06	
         42.9855	         2.75368	         2.75368	    -4.29681e-06	
         43.0715	         2.74895	         2.74895	    -4.39051e-06	
         43.1575	         2.74934	         2.74935	    -3.41522e-06	
         43.2434	         2.75396	         2.75397	    -1.80137e-06	
         43.3294	         2.76088	         2.76088	     2.39399e-08	
         43.4154	         2.76799	         2.76799	     1.65812e-06	
         43.5013	         2.77378	         2.77378	     2.79301e-06	
         43.5873	          2.7776	          2.7776	      3.3158e-06	
         43.6733	         2.77966	         2.77965	     3.31031e-06	
         43.7593	         2.78034	         2.78034	     2.96195e-06	
         43.8452	         2.77966	         2.77965	     2.50818e-06	
         43.9312	          2.7775	         2.77749	     1.97805e-06	
         44.0172	         2.77374	         2.77374	     1.35827e-06	
         44.1031	         2.76809	         2.76809	     6.83593e-07	
         44.1891	          2.7607	          2.7607	     1.11752e-07	
         44.2751	         2.75282	         2.75282	    -2.79545e-07	
         44.3611	          2.7467	          2.7467	    -5.14143e-07	
          44.447	         2.74445	         2.74445	    -4.79972e-07	
          44.533	         2.74678	         2.74678	    -2.24546e-07	
          44.619	         2.75336	         2.75336	     2.03051e-07	
         44.7049	         2.76336	         2.76336	     7.68613e-07	
         44.7909	         2.77511	          2.7751	     1.49942e-06	
         44.8769	         2.78604	         2.78604	     2.20704e-06	
         44.9629	         2.79349	         2.79348	     2.54363e-06	
         45.0488	         2.79597	         2.79597	     2.16472e-06	
         45.1348	         2.79358	         2.79358	     1.07652e-06	
         45.2208	         2.78763	         2.78763	    -4.01317e-07	
         45.3067	         2.78034	         2.78035	    -1.86976e-06	
         45.3927	         2.77413	         2.77413	    -3.02405e-06	
         45.4787	         2.77061	         2.77062	    -3.64047e-06	
         45.5646	         2.77018	         2.77019	     -3.6053e-06	
         45.6506	         2.77211	         2.77212	     -3.2713e-06	
         45.7366	         2.77511	         2.77511	    -3.13637e-06	
         45.8226	         2.77795	         2.77796	    -3.27831e-06	
         45.9085	         2.77989	         2.77989	    -3.62584e-06	
         45.9945	         2.78093	         2.78093	    -4.07425e-06	
         46.0805	         2.78156	         2.78156	    -4.34303e-06	
         46.1664	         2.78207	         2.78208	    -4.13568e-06	
         46.2524	         2.78184	         2.78184	    -3.12084e-06	
         46.3384	         2.78018	         2.78018	    -1.91695e-06	
         46.4244	         2.77691	         2.77691	    -1.16258e-06	
         46.5103	         2.77255	         2.77255	    -1.07338e-06	
         46.5963	         2.76798	         2.76798	    -1.29457e-06	
         46.6823	         2.76408	         2.76408	    -1.29607e-06	
         46.7682	         2.76138	         2.76138	      -8.672e-07	
         46.8542	          2.7599	          2.7599	    -1.25623e-07	
         46.9402	         2.75934	         2.75934	     7.74216e-07	
         47.0262	         2.75908	         2.75907	     1.35702e-06	
         47.1121	         2.75875	         2.75875	     1.55684e-06	
         47.1981	         2.75833	         2.75832	      1.4075e-06	
         47.2841	         2.75762	         2.75762	      9.2292e-07	
           47.37	         2.75645	         2.75644	     2.31651e-07	
          47.456	         2.75497	         2.75497	    -2.20458e-07	
          47.542	         2.75309	         2.75309	    -4.64138e-07	
          47.628	         2.75034	         2.75034	    -6.95737e-07	
         47.7139	         2.74664	         2.74665	    -6.42518e-07	
         47.7999	         2.74244	         2.74244	    -1.34765e-07	
         47.8859	         2.73845	         2.73845	     6.28079e-07	
         47.9718	         2.73571	         2.73571	     1.40467e-06	
         48.0578	         2.73514	         2.73514	     1.94041e-06	
         48.1438	         2.73695	         2.73695	     2.05925e-06	
         48.2298	         2.74066	         2.74066	     1.76682e-06	
         48.3157	         2.74568	         2.74568	     1.11003e-06	
         48.4017	         2.75167	         2.75167	     2.68567e-07	
         48.4877	         2.75831	         2.75831	    -6.46761e-07	
         48.5736	         2.76504	         2.76504	     -1.7613e-06	
         48.6596	         2.77139	         2.77139	    -3.09077e-06	
         48.7456	         2.77709	         2.77709	    -4.40281e-06	
         48.8315	         2.78184	         2.78185	     -5.3505e-06	
         48.9175	         2.78566	         2.78567	    -5.30928e-06	
         49.0035	         2.78884	         2.78884	    -4.35269e-06	
         49.0895	          2.7918	          2.7918	    -3.11695e-06	
         49.1754	         2.79465	         2.79466	    -2.15399e-06	
         49.2614	         2.79709	         2.79709	    -1.46026e-06	
         49.3474	         2.79851	         2.79851	     -8.6038e-07	
         49.4333	         2.79886	         2.79886	    -2.64197e-07	
         49.5193	         2.79853	         2.79853	     3.40976e-07	
         49.6053	         2.79785	         2.79785	     1.08771e-06	
         49.6913	         2.79703	         2.79703	     1.73195e-06	
         49.7772	         2.79597	         2.79597	     1.90471e-06	
         49.8632	         2.79415	         2.79415	     1.53534e-06	
         49.9492	         2.79125	         2.79125	     8.54952e-07	
         50.0351	         2.78768	         2.78768	     1.77787e-07	
         50.1211	         2.78423	         2.78423	    -2.19627e-07	
         50.2071	         2.78185	         2.78185	    -1.14933e-07	
         50.2931	         2.78138	         2.78138	     5.28699e-07	
          50.379	         2.78316	         2.78316	     1.43111e-06	
          50.465	         2.78687	         2.78686	      1.8887e-06	
          50.551	         2.79132	         2.79132	     1.54634e-06	
         50.6369	         2.79546	         2.79546	     6.33369e-07	
         50.7229	         2.79839	         2.79839	    -1.16867e-07	
         50.8089	         2.79946	         2.79946	    -1.29732e-07	
         50.8949	         2.79885	         2.79885	     7.26134e-07	
         50.9808	         2.79738	         2.79738	     2.33244e-06	
         51.0668	         2.79519	         2.79518	     4.27792e-06	
         51.1528	         2.79187	         2.79187	     6.06254e-06	
         51.2387	          2.7869	         2.78689	     7.45524e-06	
         51.3247	         2.78028	         2.78027	     8.08181e-06	
         51.4107	         2.77264	         2.77263	      7.8338e-06	
         51.4967	         2.76457	         2.76456	     6.78261e-06	
         51.5826	         2.75719	         2.75718	     5.16476e-06	
         51.6686	         2.75237	         2.75237	     3.31707e-06	
         51.7546	         2.75131	         2.75131	     1.54475e-06	
         51.8405	         2.75378	         2.75378	     5.01349e-07	
         51.9265	         2.75891	         2.75891	      1.7768e-07	
         52.0125	         2.76527	         2.76527	    -9.55494e-08	
         52.0984	          2.7717	         2.77171	    -5.40144e-07	
         52.1844	         2.77766	         2.77766	    -1.12716e-06	
         52.2704	         2.78308	         2.78308	    -1.75875e-06	
         52.3564	         2.78795	         2.78795	    -2.34378e-06	
         52.4423	         2.79123	         2.79123	    -2.68086e-06	
         52.5283	         2.79126	         2.79127	    -2.87555e-06	
         52.6143	          2.7877	         2.78771	    -3.36164e-06	
         52.7002	         2.78177	         2.78177	    -4.33895e-06	
         52.7862	         2.77554	         2.77555	    -5.53922e-06	
         52.8722	         2.77047	         2.77047	    -6.52936e-06	
         52.9582	         2.76717	         2.76718	    -7.22829e-06	
         53.0441	         2.76583	         2.76584	    -7.73231e-06	
         53.1301	         2.76621	         2.76622	    -7.94042e-06	
         53.2161	          2.7681	          2.7681	    -7.56944e-06	
          53.302	         2.77178	         2.77179	    -6.92374e-06	
          53.388	         2.77772	         2.77772	    -6.40144e-06	
          53.474	         2.78593	         2.78594	    -6.39315e-06	
           53.56	         2.79515	         2.79516	    -7.05212e-06	
         53.6459	         2.80323	         2.80323	    -8.20416e-06	
         53.7319	         2.80881	         2.80882	    -9.32877e-06	
         53.8179	         2.81154	         2.81155	      -9.889e-06	
         53.9038	         2.81112	         2.81113	    -9.63822e-06	
         53.9898	         2.80721	         2.80722	    -8.74075e-06	
         54.0758	         2.80051	         2.80052	    -7.82616e-06	
         54.1618	         2.79234	         2.79235	    -7.56702e-06	
         54.2477	         2.78445	         2.78446	     -7.7348e-06	
         54.3337	         2.77881	         2.77882	    -7.80092e-06	
         54.4197	         2.77689	          2.7769	    -7.52882e-06	
         54.5056	         2.77902	         2.77902	    -6.88287e-06	
         54.5916	         2.78429	          2.7843	    -6.05013e-06	
         54.6776	         2.79123	         2.79124	    -5.38656e-06	
         54.7636	         2.79829	          2.7983	    -4.86444e-06	
         54.8495	         2.80449	          2.8045	    -4.49287e-06	
         54.9355	         2.80871	         2.80871	    -4.54244e-06	
         55.0215	         2.80979	         2.80979	    -4.94015e-06	
         55.1074	         2.80724	         2.80725	    -5.33491e-06	
         55.1934	         2.80188	         2.80189	    -5.50731e-06	
         55.2794	         2.79555	         2.79555	    -5.32472e-06	
         55.3653	         2.78953	         2.78953	    -4.91568e-06	
         55.4513	         2.78519	          2.7852	    -4.25054e-06	
         55.5373	         2.78299	         2.78299	    -3.35388e-06	
         55.6233	         2.78204	         2.78204	    -2.30667e-06	
         55.7092	         2.78101	         2.78101	    -1.22356e-06	
         55.7952	         2.77862	         2.77862	    -2.26362e-07	
         55.8812	         2.77465	         2.77465	     5.30662e-07	
         55.9671	         2.77051	         2.77051	     9.64357e-07	
         56.0531	         2.76784	         2.76784	     1.20423e-06	
         56.1391	         2.76773	         2.76773	     1.54022e-06	
         56.2251	         2.77031	         2.77031	      1.7833e-06	
          56.311	         2.77472	         2.77472	     1.59599e-06	
          56.397	         2.77974	         2.77974	     9.13363e-07	
          56.483	         2.78399	         2.78399	    -4.36667e-07	
         56.5689	         2.78614	         2.78614	    -2.05238e-06	
         56.6549	         2.78623	         2.78623	     -3.4587e-06	
         56.7409	         2.78507	         2.78507	    -4.48396e-06	
         56.8269	         2.78301	         2.78301	    -5.15807e-06	
         56.9128	         2.77967	         2.77967	    -5.61381e-06	
         56.9988	         2.77525	         2.77526	    -6.37739e-06	
         57.0848	         2.77079	          2.7708	    -7.38856e-06	
         57.1707	         2.76745	         2.76746	     -7.9971e-06	
         57.2567	         2.76621	         2.76622	    -7.95809e-06	
         57.3427	         2.76749	         2.76749	    -7.60255e-06	
         57.4287	         2.77073	         2.77074	    -7.60029e-06	
         57.5146	         2.77466	         2.77467	    -8.10373e-06	
         57.6006	         2.77773	         2.77774	    -8.75542e-06	
         57.6866	         2.77933	         2.77934	    -8.98247e-06	
         57.7725	         2.77985	         2.77986	    -8.51757e-06	
         57.8585	         2.78012	         2.78012	    -7.36346e-06	
         57.9445	         2.78089	          2.7809	    -5.66093e-06	
         58.0304	         2.78258	         2.78258	    -3.95949e-06	
         58.1164	         2.78467	         2.78467	     -2.9244e-06	
         58.2024	         2.78655	         2.78656	    -2.02005e-06	
         58.2884	         2.78796	         2.78796	    -1.14958e-06	
         58.3743	           2.789	           2.789	    -2.06885e-07	
         58.4603	         2.78955	         2.78955	     6.81292e-07	
         58.5463	         2.78891	         2.78891	     1.32987e-06	
         58.6322	         2.78628	         2.78628	     1.51319e-06	
         58.7182	         2.78165	         2.78164	     1.01998e-06	
         58.8042	         2.77593	         2.77593	    -4.96109e-10	
         58.8902	         2.77041	         2.77041	    -1.30133e-06	
         58.9761	         2.76567	         2.76568	    -2.42394e-06	
         59.0621	         2.76164	         2.76165	    -3.45428e-06	
         59.1481	         2.75865	         2.75866	    -4.59635e-06	
          59.234	         2.75735	         2.75736	    -5.88412e-06	
           59.32	         2.75716	         2.75717	    -7.02836e-06	
          59.406	         2.75698	         2.75699	     -7.4192e-06	
          59.492	         2.75591	         2.75592	    -6.83572e-06	
         59.5779	         2.75364	         2.75364	    -5.51844e-06	
         59.6639	          2.7504	         2.75041	    -3.94845e-06	
         59.7499	         2.74693	         2.74693	    -2.57611e-06	
         59.8358	         2.74456	         2.74457	    -1.51254e-06	
         59.9218	         2.74451	         2.74451	    -8.49801e-07	
         60.0078	         2.74692	         2.74692	     -4.3943e-07	
         60.0938	         2.75195	         2.75195	    -8.39431e-08	
         60.1797	         2.75949	         2.75949	     6.85067e-08	
         60.2657	         2.76774	         2.76774	     -1.6726e-07	
         60.3517	         2.77467	         2.77467	    -1.05728e-06	
         60.4376	         2.77917	         2.77917	    -2.56744e-06	
         60.5236	         2.78138	         2.78138	    -4.15776e-06	
         60.6096	         2.78238	         2.78239	    -5.15367e-06	
         60.6956	         2.78348	         2.78348	    -5.15375e-06	
         60.7815	         2.78521	         2.78522	     -4.1719e-06	
         60.8675	         2.78676	         2.78676	     -2.5262e-06	
         60.9535	         2.78701	         2.78701	    -1.05054e-06	
         61.0394	         2.78601	         2.78601	    -7.23103e-07	
         61.1254	           2.785	           2.785	    -2.10826e-06	
         61.2114	         2.78509	         2.78509	    -4.65151e-06	
         61.2973	         2.78562	         2.78563	    -7.23863e-06	
         61.3833	         2.78484	         2.78485	    -9.29697e-06	
         61.4693	         2.78145	         2.78146	    -1.08869e-05	
         61.5553	         2.77595	         2.77596	    -1.18986e-05	
         61.6412	         2.77036	         2.77037	    -1.23261e-05	
         61.7272	         2.76704	         2.76705	    -1.23464e-05	
         61.8132	         2.76732	         2.76734	    -1.20444e-05	
         61.8991	         2.77123	         2.77124	    -1.12064e-05	
         61.9851	         2.77756	         2.77757	    -9.79554e-06	
         62.0711	         2.78459	          2.7846	    -8.03495e-06	
         62.1571	         2.79026	         2.79026	    -6.10694e-06	
          62.243	         2.79277	         2.79278	    -4.05733e-06	
          62.329	         2.79171	         2.79172	    -2.05059e-06	
          62.415	         2.78786	         2.78786	     1.38641e-08	
         62.5009	         2.78267	         2.78267	      1.8985e-06	
         62.5869	         2.77806	         2.77805	     2.74403e-06	
         62.6729	         2.77553	         2.77553	     1.65536e-06	
         62.7589	          2.7756	          2.7756	    -1.50741e-06	
         62.8448	         2.77807	         2.77808	    -5.87792e-06	
         62.9308	         2.78238	         2.78239	    -9.89117e-06	
         63.0168	         2.78755	         2.78757	    -1.21904e-05	
         63.1027	         2.79274	         2.79275	     -1.2185e-05	
         63.1887	         2.79761	         2.79762	    -1.00811e-05	
         63.2747	          2.8019	         2.80191	    -6.80841e-06	
         63.3607	         2.80506	         2.80506	    -3.30014e-06	
         63.4466	         2.80667	         2.80667	    -6.85975e-07	
         63.5326	          2.8067	         2.80669	     4.98945e-07	
         63.6186	         2.80568	         2.80568	     4.34005e-07	
         63.7045	         2.80419	         2.80419	    -1.82544e-07	
         63.7905	         2.80267	         2.80267	    -7.54325e-07	
         63.8765	         2.80149	         2.80149	    -1.03397e-06	
         63.9625	         2.80075	         2.80075	    -1.37616e-06	
         64.0484	         2.80022	         2.80022	    -2.34315e-06	
         64.1344	         2.80024	         2.80024	    -4.27544e-06	
         64.2204	         2.80185	         2.80186	    -7.07014e-06	
         64.3063	         2.80573	         2.80574	    -9.97379e-06	
         64.3923	         2.81071	         2.81072	    -1.20347e-05	
         64.4783	         2.81438	         2.81439	    -1.27114e-05	
         64.5642	         2.81529	          2.8153	    -1.21927e-05	
         64.6502	         2.81354	         2.81355	    -1.11159e-05	
         64.7362	         2.80989	          2.8099	     -9.8314e-06	
         64.8222	         2.80574	         2.80575	     -8.6041e-06	
         64.9081	         2.80277	         2.80278	    -7.64602e-06	
         64.9941	         2.80199	         2.80199	    -6.92006e-06	
         65.0801	         2.80304	         2.80305	    -6.56833e-06	
          65.166	         2.80457	         2.80458	    -6.82853e-06	
          65.252	          2.8055	         2.80551	    -7.59483e-06	
          65.338	         2.80535	         2.80536	    -8.49634e-06	
          65.424	         2.80479	          2.8048	    -9.20392e-06	
         65.5099	         2.80459	          2.8046	    -9.13275e-06	
         65.5959	         2.80531	         2.80532	    -8.16771e-06	
         65.6819	         2.80669	          2.8067	    -6.63195e-06	
         65.7678	         2.80782	         2.80783	    -5.11822e-06	
         65.8538	         2.80808	         2.80808	    -4.05301e-06	
         65.9398	          2.8075	         2.80751	      -3.644e-06	
         66.0258	         2.80678	         2.80678	    -3.86941e-06	
         66.1117	         2.80609	         2.80609	    -4.63173e-06	
         66.1977	         2.80496	         2.80496	     -5.7327e-06	
         66.2837	         2.80324	         2.80325	    -7.06998e-06	
         66.3696	         2.80109	         2.80109	    -8.32611e-06	
         66.4556	         2.79877	         2.79878	    -8.94273e-06	
         66.5416	         2.79646	         2.79647	    -8.31403e-06	
         66.6276	         2.79442	         2.79442	    -6.12962e-06	
         66.7135	         2.79289	         2.79289	    -3.00878e-06	
         66.7995	         2.79183	         2.79183	     2.06062e-07	
         66.8855	         2.79141	         2.79141	     2.87329e-06	
         66.9714	         2.79188	         2.79187	     4.29128e-06	
         67.0574	         2.79375	         2.79374	     4.11191e-06	
         67.1434	         2.79828	         2.79828	     2.29181e-06	
         67.2294	          2.8061	          2.8061	    -2.12844e-07	
         67.3153	         2.81635	         2.81635	    -2.34067e-06	
         67.4013	         2.82707	         2.82708	    -3.47189e-06	
         67.4873	         2.83589	         2.83589	    -4.00724e-06	
         67.5732	         2.84101	         2.84101	    -4.43006e-06	
         67.6592	         2.84181	         2.84181	     -5.0759e-06	
         67.7452	         2.83878	         2.83878	    -5.82065e-06	
         67.8311	         2.83319	          2.8332	    -6.45684e-06	
         67.9171	         2.82699	           2.827	    -6.62821e-06	
         68.0031	         2.82169	          2.8217	    -5.86932e-06	
         68.0891	         2.81741	         2.81742	    -4.06942e-06	
          68.175	         2.81392	         2.81392	    -1.61153e-06	
          68.261	         2.81133	         2.81133	     5.50832e-07	
          68.347	         2.81014	         2.81013	     2.15546e-06	
         68.4329	         2.81057	         2.81057	     3.39156e-06	
         68.5189	         2.81183	         2.81183	     4.97762e-06	
         68.6049	         2.81258	         2.81257	     6.91966e-06	
         68.6909	         2.81106	         2.81105	     8.74689e-06	
         68.7768	         2.80638	         2.80637	     1.01665e-05	
         68.8628	         2.79923	         2.79922	     1.10515e-05	
         68.9488	          2.7914	         2.79139	     1.08105e-05	
         69.0347	         2.78522	         2.78521	     9.66863e-06	
         69.1207	         2.78236	         2.78235	     8.04999e-06	
         69.2067	          2.7825	         2.78249	     6.57884e-06	
         69.2927	         2.78451	          2.7845	     5.49611e-06	
         69.3786	         2.78752	         2.78751	     4.44687e-06	
         69.4646	         2.79175	         2.79175	     3.13248e-06	
         69.5506	         2.79805	         2.79805	     1.57778e-06	
         69.6365	         2.80688	         2.80688	     3.47235e-07	
         69.7225	         2.81721	         2.81721	      2.3991e-08	
         69.8085	         2.82669	         2.82669	     8.95243e-07	
         69.8945	         2.83319	         2.83318	      2.7028e-06	
         69.9804	         2.83543	         2.83542	     4.53019e-06	
         70.0664	         2.83358	         2.83358	      6.0466e-06	
         70.1524	         2.82889	         2.82888	     7.14468e-06	
         70.2383	         2.82265	         2.82265	     7.56971e-06	
         70.3243	         2.81617	         2.81616	     7.46612e-06	
         70.4103	         2.81077	         2.81076	     7.09968e-06	
         70.4962	         2.80748	         2.80747	     6.83643e-06	
         70.5822	         2.80675	         2.80674	     6.74973e-06	
         70.6682	         2.80819	         2.80818	     6.66254e-06	
         70.7542	         2.81112	         2.81112	     6.32543e-06	
         70.8401	         2.81452	         2.81451	     5.34887e-06	
         70.9261	          2.8175	          2.8175	     3.90599e-06	
         71.0121	         2.81957	         2.81957	     2.54262e-06	
          71.098	         2.82045	         2.82045	     1.42928e-06	
          71.184	          2.8202	          2.8202	     7.81258e-07	
           71.27	         2.81957	         2.81957	      6.9223e-07	
          71.356	         2.81965	         2.81965	     1.18387e-06	
         71.4419	         2.82179	         2.82178	     2.31899e-06	
         71.5279	         2.82674	         2.82674	     3.43487e-06	
         71.6139	         2.83361	         2.83361	     4.05882e-06	
         71.6998	         2.84051	         2.84051	     3.78153e-06	
         71.7858	         2.84494	         2.84493	     3.00171e-06	
         71.8718	         2.84473	         2.84473	     2.06742e-06	
         71.9578	         2.83948	         2.83948	     1.35649e-06	
         72.0437	         2.83104	         2.83104	      1.2561e-06	
         72.1297	         2.82209	         2.82208	     1.58795e-06	
         72.2157	         2.81445	         2.81445	     1.94676e-06	
         72.3016	         2.80894	         2.80894	     2.19371e-06	
         72.3876	         2.80565	         2.80565	     2.43633e-06	
         72.4736	         2.80425	         2.80424	     2.71882e-06	
         72.5596	         2.80477	         2.80477	     3.01288e-06	
         72.6455	          2.8076	          2.8076	     2.52011e-06	
         72.7315	         2.81299	         2.81299	     6.34789e-07	
         72.8175	         2.82059	         2.82059	    -2.35393e-06	
         72.9034	          2.8291	          2.8291	    -5.43152e-06	
         72.9894	         2.83663	         2.83664	    -7.57542e-06	
         73.0754	         2.84185	         2.84186	    -8.10083e-06	
         73.1614	         2.84417	         2.84417	    -6.99651e-06	
         73.2473	         2.84359	         2.84359	    -4.71836e-06	
         73.3333	         2.84051	         2.84051	    -1.81051e-06	
         73.4193	         2.83555	         2.83555	     9.10705e-07	
         73.5052	         2.82932	         2.82932	     3.22059e-06	
         73.5912	         2.82242	         2.82242	     5.18597e-06	
         73.6772	          2.8157	          2.8157	     6.53755e-06	
         73.7631	         2.81045	         2.81045	     6.52908e-06	
         73.8491	         2.80807	         2.80806	     4.66715e-06	
         73.9351	         2.80895	         2.80894	     2.12221e-06	
         74.0211	         2.81224	         2.81224	    -2.08615e-07	
          74.107	         2.81673	         2.81673	    -1.56063e-06	
          74.193	         2.82106	         2.82106	    -1.60272e-06	
          74.279	         2.82393	         2.82393	    -5.65815e-07	
         74.3649	         2.82497	         2.82497	     1.10182e-06	
         74.4509	          2.8252	          2.8252	     2.69068e-06	
         74.5369	         2.82587	         2.82587	     3.61461e-06	
         74.6229	          2.8277	         2.82769	     3.98479e-06	
         74.7088	         2.82982	         2.82981	     4.19563e-06	
         74.7948	         2.83041	         2.83041	     4.35307e-06	
         74.8808	         2.82869	         2.82869	     4.36485e-06	
         74.9667	         2.82548	         2.82548	     4.22383e-06	
         75.0527	         2.82192	         2.82191	     3.97917e-06	
         75.1387	         2.81941	          2.8194	     3.80245e-06	
         75.2247	         2.81916	         2.81915	     3.93896e-06	
         75.3106	         2.82116	         2.82116	     4.42294e-06	
         75.3966	         2.82417	         2.82417	      5.3219e-06	
         75.4826	         2.82699	         2.82698	     6.47407e-06	
         75.5685	         2.82951	          2.8295	     7.60719e-06	
         75.6545	          2.8318	         2.83179	     8.51485e-06	
         75.7405	         2.83365	         2.83364	     9.33548e-06	
         75.8265	         2.83459	         2.83458	      9.8144e-06	
         75.9124	         2.83429	         2.83428	      9.1986e-06	
         75.9984	         2.83255	         2.83254	     7.21833e-06	
         76.0844	          2.8293	          2.8293	     4.30686e-06	
         76.1703	         2.82522	         2.82522	     1.15028e-06	
         76.2563	         2.82173	         2.82173	    -8.57809e-07	
         76.3423	         2.82019	         2.82019	    -9.31709e-07	
         76.4283	         2.82119	         2.82118	     6.31274e-07	
         76.5142	         2.82388	         2.82388	     2.85422e-06	
         76.6002	         2.82663	         2.82662	     4.76172e-06	
         76.6862	         2.82867	         2.82867	      5.6905e-06	
         76.7721	          2.8303	          2.8303	     5.74822e-06	
         76.8581	         2.83168	         2.83168	     5.52459e-06	
         76.9441	         2.83259	         2.83259	     5.42661e-06	
           77.03	         2.83245	         2.83244	     5.56006e-06	
          77.116	         2.83056	         2.83056	     5.72574e-06	
          77.202	         2.82681	          2.8268	     5.55466e-06	
          77.288	         2.82206	         2.82205	     4.93646e-06	
         77.3739	         2.81767	         2.81766	     3.92318e-06	
         77.4599	         2.81409	         2.81409	     2.66324e-06	
         77.5459	         2.81132	         2.81132	     1.92425e-06	
         77.6318	         2.80928	         2.80928	     2.11914e-06	
         77.7178	         2.80818	         2.80817	     3.23203e-06	
         77.8038	          2.8082	          2.8082	     4.91771e-06	
         77.8898	         2.80884	         2.80883	     6.59888e-06	
         77.9757	          2.8091	         2.80909	     7.62684e-06	
         78.0617	          2.8085	          2.8085	      7.9289e-06	
         78.1477	          2.8073	         2.80729	      7.6185e-06	
