       0.0268671	     0.000760858	     0.000778902	    -1.80434e-05	
       0.0537342	      0.00254457	      0.00260445	    -5.98804e-05	
       0.0806013	      0.00505117	      0.00516912	    -0.000117941	
        0.107468	      0.00814854	       0.0083369	    -0.000188361	
        0.134336	       0.0117838	       0.0120527	    -0.000268885	
        0.161203	        0.015954	       0.0163122	     -0.00035824	
         0.18807	       0.0206884	       0.0211443	    -0.000455817	
        0.214937	       0.0260353	       0.0265967	    -0.000561454	
        0.241804	       0.0320503	       0.0327256	    -0.000675262	
        0.268671	       0.0387883	       0.0395858	    -0.000797487	
        0.295538	       0.0462952	       0.0472236	    -0.000928445	
        0.322405	       0.0546034	       0.0556719	     -0.00106845	
        0.349272	       0.0637286	       0.0649464	     -0.00121782	
         0.37614	       0.0736686	       0.0750455	     -0.00137685	
        0.403007	       0.0844046	       0.0859505	      -0.0015459	
        0.429874	       0.0959037	       0.0976291	     -0.00172538	
        0.456741	        0.108123	        0.110039	     -0.00191584	
        0.483608	        0.121014	        0.123132	     -0.00211795	
        0.510475	        0.134527	         0.13686	     -0.00233249	
        0.537342	        0.148619	        0.151179	     -0.00256033	
        0.564209	        0.163253	        0.166055	      -0.0028023	
        0.591076	        0.178404	        0.181463	     -0.00305913	
        0.617944	        0.194059	         0.19739	     -0.00333125	
        0.644811	         0.21022	        0.213838	     -0.00361867	
        0.671678	        0.226896	        0.230817	      -0.0039208	
        0.698545	        0.244108	        0.248345	     -0.00423633	
        0.725412	         0.26188	        0.266443	      -0.0045631	
        0.752279	        0.280235	        0.285133	     -0.00489804	
        0.779146	        0.299195	        0.304432	     -0.00523715	
        0.806013	        0.318771	        0.324347	      -0.0055755	
         0.83288	        0.338967	        0.344875	     -0.00590734	
        0.859748	        0.359771	        0.365997	     -0.00622622	
        0.886615	        0.381157	        0.387682	     -0.00652522	
        0.913482	        0.403085	        0.409882	     -0.00679711	
        0.940349	        0.425497	        0.432532	     -0.00703467	
        0.967216	        0.448324	        0.455555	     -0.00723082	
        0.994083	        0.471482	        0.478861	     -0.00737896	
         1.02095	        0.494878	        0.502351	     -0.00747315	
         1.04782	        0.518408	        0.525917	     -0.00750838	
         1.07468	        0.541966	        0.549447	     -0.00748077	
         1.10155	        0.565441	        0.572828	     -0.00738772	
         1.12842	         0.58872	        0.595948	     -0.00722812	
         1.15529	        0.611696	        0.618698	      -0.0070024	
         1.18215	        0.634264	        0.640977	     -0.00671261	
         1.20902	        0.656329	        0.662691	     -0.00636248	
         1.23589	        0.677802	         0.68376	     -0.00595733	
         1.26275	        0.698608	        0.704112	     -0.00550406	
         1.28962	        0.718681	        0.723692	     -0.00501096	
         1.31649	        0.737969	        0.742457	     -0.00448762	
         1.34336	        0.756435	        0.760379	     -0.00394468	
         1.37022	        0.774052	        0.777446	     -0.00339368	
         1.39709	        0.790811	        0.793657	     -0.00284677	
         1.42396	        0.806712	        0.809028	     -0.00231647	
         1.45082	         0.82177	        0.823585	     -0.00181546	
         1.47769	        0.836011	        0.837367	     -0.00135631	
         1.50456	        0.849471	        0.850422	    -0.000951263	
         1.53143	        0.862195	        0.862807	    -0.000612074	
         1.55829	        0.874237	        0.874586	    -0.000349809	
         1.58516	        0.885654	        0.885829	    -0.000174732	
         1.61203	        0.896511	        0.896607	    -9.61922e-05	
         1.63889	        0.906873	        0.906995	    -0.000122328	
         1.66576	        0.916808	        0.917067	    -0.000259786	
         1.69263	        0.926382	        0.926896	    -0.000513705	
          1.7195	        0.935662	        0.936549	    -0.000887611	
         1.74636	         0.94471	        0.946093	     -0.00138326	
         1.77323	        0.953585	        0.955586	     -0.00200044	
          1.8001	        0.962341	        0.965078	     -0.00273683	
         1.82696	        0.971026	        0.974614	     -0.00358781	
         1.85383	        0.979681	        0.984227	     -0.00454634	
          1.8807	        0.988337	         0.99394	     -0.00560287	
         1.90756	         0.99702	         1.00377	     -0.00674535	
         1.93443	         1.00575	         1.01371	     -0.00795931	
          1.9613	         1.01452	         1.02375	     -0.00922806	
         1.98817	         1.02334	         1.03387	      -0.0105329	
         2.01503	          1.0322	         1.04405	      -0.0118538	
          2.0419	         1.04107	         1.05424	      -0.0131696	
         2.06877	         1.04992	         1.06438	      -0.0144593	
         2.09563	         1.05874	         1.07444	      -0.0157022	
          2.1225	         1.06746	         1.08434	      -0.0168788	
         2.14937	         1.07607	         1.09404	      -0.0179712	
         2.17624	         1.08451	         1.10347	      -0.0189637	
          2.2031	         1.09274	         1.11258	      -0.0198442	
         2.22997	         1.10073	         1.12134	      -0.0206043	
         2.25684	         1.10845	         1.12969	      -0.0212373	
          2.2837	         1.11585	         1.13759	      -0.0217385	
         2.31057	         1.12292	         1.14502	      -0.0221063	
         2.33744	         1.12962	         1.15196	      -0.0223419	
         2.36431	         1.13594	         1.15839	       -0.022449	
         2.39117	         1.14187	          1.1643	      -0.0224335	
         2.41804	         1.14742	         1.16972	      -0.0223024	
         2.44491	         1.15261	         1.17467	      -0.0220626	
         2.47177	         1.15745	         1.17917	      -0.0217208	
         2.49864	         1.16196	         1.18325	      -0.0212897	
         2.52551	         1.16618	         1.18696	      -0.0207802	
         2.55238	         1.17014	         1.19035	      -0.0202038	
         2.57924	         1.17387	         1.19345	      -0.0195728	
         2.60611	         1.17742	         1.19632	      -0.0188997	
         2.63298	          1.1808	         1.19899	       -0.018198	
         2.65984	         1.18404	         1.20153	      -0.0174818	
         2.68671	         1.18718	         1.20394	      -0.0167664	
         2.71358	         1.19022	         1.20629	      -0.0160676	
         2.74045	         1.19318	         1.20858	      -0.0154014	
         2.76731	         1.19607	         1.21085	      -0.0147838	
         2.79418	          1.1989	         1.21313	      -0.0142298	
         2.82105	         1.20167	         1.21542	      -0.0137528	
         2.84791	         1.20437	         1.21774	      -0.0133638	
         2.87478	         1.20702	         1.22009	      -0.0130715	
         2.90165	         1.20961	         1.22249	      -0.0128818	
         2.92852	         1.21212	         1.22492	      -0.0127975	
         2.95538	         1.21455	         1.22737	      -0.0128185	
         2.98225	         1.21691	         1.22985	      -0.0129413	
         3.00912	         1.21918	         1.23234	      -0.0131591	
         3.03598	         1.22136	         1.23482	      -0.0134626	
         3.06285	         1.22345	         1.23729	      -0.0138397	
         3.08972	         1.22547	         1.23974	      -0.0142767	
         3.11658	          1.2274	         1.24216	      -0.0147589	
         3.14345	         1.22927	         1.24454	      -0.0152711	
         3.17032	         1.23109	         1.24689	      -0.0157987	
         3.19719	         1.23288	         1.24921	      -0.0163282	
         3.22405	         1.23466	          1.2515	      -0.0168478	
         3.25092	         1.23645	          1.2538	      -0.0173471	
         3.27779	         1.23829	          1.2561	      -0.0178179	
         3.30465	          1.2402	         1.25845	      -0.0182536	
         3.33152	          1.2422	         1.26085	      -0.0186489	
         3.35839	         1.24434	         1.26334	      -0.0190001	
         3.38526	         1.24664	         1.26595	      -0.0193045	
         3.41212	         1.24913	         1.26869	      -0.0195608	
         3.43899	         1.25183	          1.2716	      -0.0197689	
         3.46586	         1.25477	          1.2747	      -0.0199299	
         3.49272	         1.25798	         1.27803	      -0.0200456	
         3.51959	         1.26148	          1.2816	      -0.0201183	
         3.54646	         1.26529	         1.28545	      -0.0201504	
         3.57333	         1.26945	         1.28959	      -0.0201414	
         3.60019	         1.27397	         1.29406	      -0.0200931	
         3.62706	         1.27886	         1.29887	      -0.0200092	
         3.65393	         1.28415	         1.30404	      -0.0198874	
         3.68079	         1.28984	         1.30956	      -0.0197236	
         3.70766	         1.29596	         1.31547	      -0.0195129	
         3.73453	         1.30252	         1.32177	      -0.0192503	
          3.7614	         1.30953	         1.32846	      -0.0189309	
         3.78826	         1.31701	         1.33556	      -0.0185507	
         3.81513	         1.32495	         1.34306	      -0.0181068	
           3.842	         1.33335	         1.35095	      -0.0175981	
         3.86886	         1.34219	         1.35922	      -0.0170263	
         3.89573	         1.35145	         1.36785	       -0.016396	
          3.9226	         1.36109	          1.3768	      -0.0157152	
         3.94947	         1.37107	         1.38606	      -0.0149953	
         3.97633	         1.38135	          1.3956	      -0.0142495	
          4.0032	         1.39188	         1.40538	      -0.0134929	
         4.03007	         1.40262	         1.41536	      -0.0127405	
         4.05693	         1.41349	          1.4255	      -0.0120064	
          4.0838	         1.42444	         1.43574	      -0.0113026	
         4.11067	          1.4354	         1.44604	      -0.0106397	
         4.13754	         1.44629	         1.45632	      -0.0100262	
          4.1644	         1.45705	         1.46652	      -0.0094693	
         4.19127	          1.4676	         1.47657	     -0.00897465	
         4.21814	         1.47787	         1.48642	     -0.00854723	
           4.245	          1.4878	         1.49599	     -0.00819195	
         4.27187	         1.49734	         1.50525	      -0.0079144	
         4.29874	         1.50643	         1.51415	     -0.00772136	
          4.3256	         1.51504	         1.52266	     -0.00762083	
         4.35247	         1.52315	         1.53077	      -0.0076217	
         4.37934	         1.53074	         1.53848	     -0.00773287	
         4.40621	         1.53784	          1.5458	     -0.00796221	
         4.43307	         1.54444	         1.55276	     -0.00831532	
         4.45994	         1.55059	         1.55938	     -0.00879431	
         4.48681	          1.5563	          1.5657	     -0.00939649	
         4.51367	         1.56164	         1.57176	      -0.0101134	
         4.54054	         1.56665	         1.57758	      -0.0109303	
         4.56741	         1.57139	         1.58322	      -0.0118264	
         4.59428	         1.57593	          1.5887	      -0.0127718	
         4.62114	         1.58033	         1.59405	      -0.0137181	
         4.64801	         1.58467	         1.59927	      -0.0145944	
         4.67488	         1.58899	         1.60431	      -0.0153249	
         4.70174	         1.59329	         1.60914	      -0.0158494	
         4.72861	         1.59756	         1.61369	      -0.0161317	
         4.75548	         1.60175	         1.61791	      -0.0161578	
         4.78235	         1.60581	         1.62174	       -0.015933	
         4.80921	         1.60967	         1.62514	      -0.0154779	
         4.83608	         1.61327	         1.62809	      -0.0148246	
         4.86295	         1.61656	         1.63057	      -0.0140134	
         4.88981	         1.61949	         1.63258	      -0.0130895	
         4.91668	         1.62205	         1.63415	      -0.0121001	
         4.94355	         1.62422	         1.63531	      -0.0110918	
         4.97042	         1.62601	         1.63612	      -0.0101081	
         4.99728	         1.62747	         1.63666	     -0.00918804	
         5.02415	         1.62865	         1.63701	     -0.00836552	
         5.05102	         1.62962	         1.63728	     -0.00766794	
         5.07788	         1.63048	         1.63759	     -0.00711505	
         5.10475	         1.63133	         1.63805	     -0.00671861	
         5.13162	          1.6323	         1.63878	     -0.00648354	
         5.15849	         1.63348	         1.63989	     -0.00640993	
         5.18535	         1.63497	         1.64146	      -0.0064949	
         5.21222	         1.63685	         1.64358	     -0.00673343	
         5.23909	         1.63919	         1.64631	     -0.00711794	
         5.26595	         1.64206	         1.64969	     -0.00763668	
         5.29282	         1.64548	         1.65375	     -0.00827151	
         5.31969	         1.64951	          1.6585	     -0.00899501	
         5.34655	         1.65417	         1.66394	      -0.0097678	
         5.37342	         1.65948	         1.67002	      -0.0105411	
         5.40029	         1.66544	         1.67671	      -0.0112701	
         5.42716	           1.672	         1.68393	      -0.0119249	
         5.45402	         1.67906	         1.69155	       -0.012488	
         5.48089	         1.68652	         1.69947	      -0.0129487	
         5.50776	         1.69425	         1.70755	      -0.0132995	
         5.53462	         1.70214	         1.71568	      -0.0135355	
         5.56149	         1.71012	         1.72377	      -0.0136537	
         5.58836	         1.71809	         1.73175	      -0.0136544	
         5.61523	         1.72599	         1.73953	      -0.0135399	
         5.64209	         1.73375	         1.74707	      -0.0133158	
         5.66896	          1.7413	         1.75429	      -0.0129895	
         5.69583	         1.74858	         1.76115	      -0.0125715	
         5.72269	         1.75552	         1.76759	      -0.0120745	
         5.74956	         1.76206	         1.77357	       -0.011514	
         5.77643	         1.76815	         1.77906	       -0.010908	
          5.8033	         1.77375	         1.78403	       -0.010276	
         5.83016	         1.77883	         1.78847	      -0.0096389	
         5.85703	         1.78338	         1.79239	      -0.0090173	
          5.8839	         1.78738	         1.79581	      -0.0084307	
         5.91076	         1.79085	         1.79875	     -0.00789604	
         5.93763	         1.79382	         1.80125	     -0.00742653	
          5.9645	         1.79634	         1.80337	     -0.00703045	
         5.99137	         1.79843	         1.80514	     -0.00671037	
         6.01823	         1.80018	         1.80664	     -0.00646267	
          6.0451	         1.80163	         1.80791	     -0.00627762	
         6.07197	         1.80285	         1.80899	     -0.00614005	
         6.09883	         1.80391	         1.80994	     -0.00603043	
          6.1257	         1.80487	         1.81079	     -0.00592626	
         6.15257	         1.80578	         1.81158	     -0.00580351	
         6.17944	         1.80668	         1.81232	     -0.00563799	
          6.2063	         1.80763	         1.81304	     -0.00540655	
         6.23317	         1.80864	         1.81373	     -0.00508854	
         6.26004	         1.80972	         1.81439	     -0.00466775	
          6.2869	         1.81088	         1.81501	     -0.00413502	
         6.31377	         1.81209	         1.81558	     -0.00349028	
         6.34064	         1.81335	         1.81609	     -0.00274402	
         6.36751	         1.81463	         1.81655	     -0.00192009	
         6.39437	         1.81592	         1.81697	     -0.00104824	
         6.42124	         1.81722	         1.81737	    -0.000150553	
         6.44811	         1.81853	         1.81779	     0.000745003	
         6.47497	         1.81988	         1.81827	      0.00160664	
         6.50184	         1.82127	         1.81887	      0.00240198	
         6.52871	         1.82274	         1.81964	      0.00310089	
         6.55557	         1.82432	         1.82064	      0.00367754	
         6.58244	         1.82601	          1.8219	      0.00410883	
         6.60931	         1.82782	         1.82345	      0.00436865	
         6.63618	         1.82973	          1.8253	       0.0044307	
         6.66304	         1.83171	         1.82744	      0.00427533	
         6.68991	         1.83376	         1.82986	      0.00389173	
         6.71678	         1.83583	         1.83255	      0.00327851	
         6.74364	         1.83792	         1.83548	      0.00244425	
         6.77051	         1.84001	          1.8386	      0.00140745	
         6.79738	         1.84208	         1.84188	     0.000195871	
         6.82425	         1.84413	         1.84529	     -0.00115533	
         6.85111	         1.84616	         1.84876	     -0.00260652	
         6.87798	         1.84815	         1.85226	     -0.00411731	
         6.90485	         1.85009	         1.85574	     -0.00564995	
         6.93171	         1.85197	         1.85914	     -0.00717053	
         6.95858	         1.85377	         1.86242	     -0.00864734	
         6.98545	         1.85548	         1.86552	      -0.0100489	
         7.01232	         1.85707	         1.86841	      -0.0113433	
         7.03918	         1.85855	         1.87105	      -0.0124986	
         7.06605	         1.85993	         1.87341	      -0.0134841	
         7.09292	          1.8612	         1.87547	      -0.0142717	
         7.11978	         1.86237	         1.87721	      -0.0148382	
         7.14665	         1.86343	          1.8786	      -0.0151666	
         7.17352	         1.86439	         1.87963	      -0.0152464	
         7.20039	         1.86521	         1.88029	      -0.0150729	
         7.22725	         1.86589	         1.88054	      -0.0146458	
         7.25412	          1.8664	         1.88037	      -0.0139693	
         7.28099	         1.86672	         1.87977	      -0.0130524	
         7.30785	         1.86681	         1.87872	      -0.0119093	
         7.33472	         1.86666	         1.87722	      -0.0105607	
         7.36159	         1.86624	         1.87527	     -0.00903288	
         7.38846	         1.86554	          1.8729	     -0.00735769	
         7.41532	         1.86458	         1.87015	     -0.00557105	
         7.44219	         1.86336	         1.86708	     -0.00371169	
         7.46906	         1.86195	         1.86377	      -0.0018197	
         7.49592	         1.86038	         1.86032	     6.21364e-05	
         7.52279	         1.85874	         1.85685	      0.00188667	
         7.54966	         1.85709	         1.85348	      0.00360568	
         7.57653	         1.85549	         1.85031	      0.00517496	
         7.60339	         1.85402	         1.84746	      0.00655953	
         7.63026	         1.85273	           1.845	      0.00773782	
         7.65713	         1.85166	         1.84297	      0.00869634	
         7.68399	         1.85079	         1.84138	      0.00941228	
         7.71086	         1.85007	         1.84022	      0.00984908	
         7.73773	         1.84943	         1.83945	      0.00997795	
         7.76459	         1.84884	         1.83901	      0.00982938	
         7.79146	         1.84825	         1.83882	       0.0094284	
         7.81833	         1.84764	         1.83883	       0.0088029	
          7.8452	         1.84697	         1.83898	      0.00798706	
         7.87206	         1.84624	         1.83922	      0.00702093	
         7.89893	         1.84544	         1.83949	      0.00594914	
          7.9258	         1.84457	         1.83975	      0.00481947	
         7.95266	         1.84365	         1.83997	      0.00368418	
         7.97953	         1.84271	          1.8401	      0.00261192	
          8.0064	         1.84176	         1.84011	      0.00165063	
         8.03327	         1.84075	         1.83996	     0.000793978	
         8.06013	         1.83966	         1.83961	     4.71078e-05	
           8.087	         1.83847	         1.83906	    -0.000582096	
         8.11387	         1.83722	         1.83831	     -0.00108905	
         8.14073	          1.8359	         1.83737	     -0.00147283	
          8.1676	         1.83456	          1.8363	     -0.00173548	
         8.19447	         1.83325	         1.83513	     -0.00188174	
         8.22134	         1.83199	         1.83391	     -0.00192007	
          8.2482	         1.83086	         1.83271	     -0.00185749	
         8.27507	         1.82985	         1.83154	       -0.001691	
         8.30194	          1.8289	         1.83035	     -0.00144767	
          8.3288	         1.82797	         1.82913	     -0.00116042	
         8.35567	           1.827	         1.82785	     -0.00085254	
         8.38254	         1.82597	         1.82651	    -0.000539735	
         8.40941	         1.82486	         1.82509	    -0.000231161	
         8.43627	         1.82367	          1.8236	     6.97308e-05	
         8.46314	         1.82241	         1.82205	     0.000364005	
         8.49001	         1.82109	         1.82043	     0.000655667	
         8.51687	         1.81972	         1.81877	     0.000950608	
         8.54374	         1.81831	         1.81706	      0.00124964	
         8.57061	         1.81684	         1.81531	       0.0015361	
         8.59748	         1.81531	         1.81351	      0.00179614	
         8.62434	         1.81369	         1.81166	      0.00202606	
         8.65121	         1.81198	         1.80974	       0.0022429	
         8.67808	         1.81017	         1.80772	      0.00244767	
         8.70494	         1.80826	         1.80563	      0.00263022	
         8.73181	         1.80627	          1.8035	      0.00277249	
         8.75868	         1.80423	         1.80138	      0.00285095	
         8.78555	          1.8022	         1.79936	      0.00283879	
         8.81241	         1.80026	         1.79755	      0.00270778	
         8.83928	         1.79851	         1.79608	      0.00243071	
         8.86615	         1.79708	         1.79509	      0.00198533	
         8.89301	         1.79609	         1.79473	      0.00136033	
         8.91988	         1.79568	         1.79512	     0.000561197	
         8.94675	         1.79597	         1.79636	    -0.000388604	
         8.97361	         1.79703	         1.79847	     -0.00144244	
         9.00048	         1.79889	         1.80141	      -0.0025109	
         9.02735	         1.80155	         1.80505	     -0.00350389	
         9.05422	         1.80489	         1.80925	     -0.00436726	
         9.08108	         1.80875	         1.81383	      -0.0050775	
         9.10795	         1.81297	          1.8186	     -0.00562719	
         9.13482	         1.81737	         1.82339	     -0.00601938	
         9.16168	         1.82177	         1.82804	     -0.00626503	
         9.18855	         1.82603	         1.83241	     -0.00638133	
         9.21542	            1.83	         1.83639	     -0.00639024	
         9.24229	         1.83357	         1.83989	     -0.00631683	
         9.26915	         1.83665	         1.84284	     -0.00618719	
         9.29602	         1.83919	         1.84522	     -0.00602626	
         9.32289	         1.84116	         1.84701	     -0.00585638	
         9.34975	         1.84256	         1.84826	     -0.00569697	
         9.37662	         1.84345	         1.84902	     -0.00556517	
         9.40349	         1.84389	         1.84937	     -0.00547568	
         9.43036	         1.84399	         1.84942	     -0.00543734	
         9.45722	         1.84385	          1.8493	     -0.00544794	
         9.48409	          1.8436	          1.8491	     -0.00549341	
         9.51096	         1.84338	         1.84893	     -0.00555225	
         9.53782	         1.84329	         1.84888	     -0.00559956	
         9.56469	         1.84344	         1.84904	     -0.00560889	
         9.59156	         1.84391	         1.84946	     -0.00555339	
         9.61843	         1.84477	         1.85018	     -0.00540693	
         9.64529	         1.84605	          1.8512	     -0.00514412	
         9.67216	         1.84777	         1.85252	     -0.00475027	
         9.69903	         1.84988	         1.85411	     -0.00423118	
         9.72589	         1.85233	         1.85593	     -0.00360436	
         9.75276	         1.85502	         1.85791	     -0.00289449	
         9.77963	         1.85784	         1.85997	      -0.0021301	
          9.8065	         1.86065	         1.86199	      -0.0013428	
         9.83336	         1.86331	         1.86388	    -0.000567753	
         9.86023	         1.86569	         1.86553	     0.000156868	
          9.8871	         1.86762	         1.86683	     0.000791595	
         9.91396	           1.869	          1.8677	      0.00129793	
         9.94083	          1.8697	         1.86806	      0.00164047	
          9.9677	         1.86963	         1.86784	      0.00178855	
         9.99457	         1.86871	         1.86699	      0.00171702	
         10.0214	          1.8669	         1.86549	       0.0014066	
         10.0483	         1.86418	         1.86334	     0.000843852	
         10.0752	         1.86058	         1.86056	     2.12758e-05	
          10.102	         1.85613	         1.85719	     -0.00106226	
         10.1289	         1.85093	         1.85333	     -0.00240076	
         10.1558	         1.84509	         1.84907	      -0.0039801	
         10.1826	         1.83877	         1.84455	     -0.00577731	
         10.2095	         1.83215	         1.83992	     -0.00776061	
         10.2364	         1.82545	         1.83534	     -0.00989071	
         10.2632	         1.81886	         1.83098	      -0.0121233	
         10.2901	          1.8126	         1.82701	      -0.0144117	
          10.317	         1.80687	         1.82357	      -0.0167071	
         10.3438	         1.80182	         1.82078	      -0.0189583	
         10.3707	          1.7976	         1.81871	      -0.0211102	
         10.3976	         1.79431	         1.81741	      -0.0231041	
         10.4244	         1.79201	         1.81689	      -0.0248789	
         10.4513	         1.79074	         1.81712	       -0.026374	
         10.4782	         1.79053	         1.81806	      -0.0275366	
          10.505	         1.79133	         1.81966	      -0.0283294	
         10.5319	          1.7931	         1.82184	      -0.0287347	
         10.5588	         1.79578	         1.82454	      -0.0287562	
         10.5856	          1.7993	         1.82773	      -0.0284253	
         10.6125	          1.8036	          1.8314	      -0.0278003	
         10.6394	         1.80864	         1.83554	      -0.0269028	
         10.6662	         1.81437	         1.84006	      -0.0256971	
         10.6931	         1.82076	         1.84489	      -0.0241336	
           10.72	         1.82777	         1.84995	      -0.0221759	
         10.7468	         1.83525	         1.85515	      -0.0199048	
         10.7737	         1.84303	         1.86044	      -0.0174123	
         10.8006	         1.85098	         1.86576	       -0.014784	
         10.8274	         1.85896	         1.87107	      -0.0121035	
         10.8543	         1.86687	         1.87631	     -0.00944682	
         10.8812	         1.87458	         1.88146	     -0.00687837	
          10.908	         1.88202	         1.88647	     -0.00445532	
         10.9349	         1.88907	          1.8913	     -0.00223257	
         10.9618	         1.89566	         1.89592	     -0.00025923	
         10.9886	         1.90173	         1.90031	      0.00142616	
         11.0155	         1.90724	         1.90445	      0.00279821	
         11.0424	         1.91217	         1.90833	      0.00384599	
         11.0692	         1.91652	         1.91195	      0.00457336	
         11.0961	         1.92032	         1.91532	      0.00499751	
          11.123	          1.9236	         1.91845	      0.00514522	
         11.1499	         1.92639	         1.92134	      0.00504779	
         11.1767	         1.92876	         1.92402	      0.00473557	
         11.2036	         1.93073	          1.9265	      0.00422981	
         11.2305	         1.93233	         1.92876	      0.00356859	
         11.2573	          1.9336	         1.93081	      0.00278952	
         11.2842	         1.93455	         1.93263	      0.00192313	
         11.3111	         1.93523	         1.93423	      0.00100251	
         11.3379	         1.93568	         1.93562	     6.20964e-05	
         11.3648	         1.93594	         1.93681	    -0.000864718	
         11.3917	         1.93607	         1.93782	     -0.00174817	
         11.4185	         1.93609	         1.93865	     -0.00256492	
         11.4454	         1.93603	         1.93933	     -0.00330014	
         11.4723	         1.93592	         1.93986	     -0.00394757	
         11.4991	         1.93577	         1.94028	     -0.00450758	
          11.526	         1.93561	          1.9406	     -0.00498409	
         11.5529	         1.93547	         1.94085	     -0.00538167	
         11.5797	         1.93537	         1.94108	     -0.00570323	
         11.6066	         1.93537	         1.94132	     -0.00594839	
         11.6335	          1.9355	         1.94162	     -0.00611278	
         11.6603	         1.93584	         1.94202	     -0.00618815	
         11.6872	         1.93642	         1.94259	     -0.00616353	
         11.7141	         1.93731	         1.94333	     -0.00602772	
         11.7409	         1.93852	          1.9443	     -0.00577346	
         11.7678	         1.94008	         1.94548	     -0.00540215	
         11.7947	         1.94196	         1.94689	     -0.00492633	
         11.8215	         1.94414	          1.9485	      -0.0043681	
         11.8484	         1.94656	         1.95031	     -0.00375375	
         11.8753	         1.94919	         1.95229	     -0.00310602	
         11.9021	         1.95196	          1.9544	     -0.00243647	
          11.929	         1.95485	         1.95659	     -0.00174262	
         11.9559	         1.95781	         1.95882	     -0.00101107	
         11.9827	         1.96081	         1.96103	    -0.000223849	
         12.0096	         1.96382	         1.96318	     0.000633926	
         12.0365	         1.96679	         1.96522	       0.0015712	
         12.0633	         1.96969	          1.9671	      0.00259378	
         12.0902	         1.97247	         1.96876	      0.00370474	
         12.1171	         1.97507	         1.97017	      0.00490258	
         12.1439	         1.97745	         1.97127	      0.00618019	
         12.1708	         1.97954	         1.97201	      0.00752537	
         12.1977	         1.98128	         1.97235	      0.00892212	
         12.2245	         1.98259	         1.97224	       0.0103513	
         12.2514	         1.98342	         1.97162	       0.0117905	
         12.2783	         1.98369	         1.97048	       0.0132124	
         12.3051	         1.98338	          1.9688	        0.014582	
          12.332	         1.98246	          1.9666	       0.0158544	
         12.3589	         1.98091	         1.96394	       0.0169727	
         12.3857	         1.97876	         1.96089	       0.0178677	
         12.4126	         1.97604	         1.95758	        0.018457	
         12.4395	         1.97279	         1.95414	       0.0186536	
         12.4663	         1.96909	         1.95065	       0.0184473	
         12.4932	         1.96503	         1.94718	       0.0178446	
         12.5201	         1.96071	         1.94386	        0.016851	
         12.5469	         1.95625	         1.94077	       0.0154854	
         12.5738	         1.95181	         1.93802	       0.0137865	
         12.6007	         1.94752	          1.9357	       0.0118175	
         12.6275	         1.94353	         1.93386	      0.00966493	
         12.6544	         1.93995	         1.93252	      0.00743076	
         12.6813	         1.93689	         1.93167	      0.00522104	
         12.7081	         1.93441	         1.93128	      0.00313677	
          12.735	         1.93255	         1.93128	      0.00126772	
         12.7619	         1.93129	          1.9316	    -0.000312011	
         12.7887	         1.93062	         1.93216	     -0.00154715	
         12.8156	         1.93047	         1.93287	     -0.00240282	
         12.8425	         1.93077	         1.93364	     -0.00286453	
         12.8693	         1.93144	         1.93437	     -0.00293663	
         12.8962	         1.93237	         1.93501	     -0.00263945	
         12.9231	         1.93347	         1.93548	     -0.00200599	
         12.9499	         1.93468	         1.93576	     -0.00107883	
         12.9768	         1.93592	         1.93583	     9.17855e-05	
         13.0037	         1.93717	         1.93572	      0.00144699	
         13.0305	          1.9384	         1.93548	      0.00291802	
         13.0574	         1.93959	         1.93516	       0.0044338	
         13.0843	         1.94077	         1.93484	      0.00593344	
         13.1111	         1.94196	         1.93459	      0.00737384	
          13.138	         1.94319	         1.93446	      0.00872669	
         13.1649	         1.94447	         1.93451	      0.00996031	
         13.1918	         1.94578	         1.93474	       0.0110357	
         13.2186	          1.9471	         1.93517	       0.0119277	
         13.2455	          1.9484	         1.93576	       0.0126325	
         13.2724	         1.94964	         1.93648	        0.013164	
         13.2992	         1.95081	         1.93727	       0.0135454	
         13.3261	         1.95186	         1.93806	        0.013799	
          13.353	         1.95274	         1.93881	       0.0139343	
         13.3798	         1.95338	         1.93943	       0.0139529	
         13.4067	         1.95372	         1.93987	       0.0138513	
         13.4336	         1.95371	         1.94009	        0.013621	
         13.4604	         1.95331	         1.94006	       0.0132524	
         13.4873	          1.9525	         1.93976	       0.0127376	
         13.5142	         1.95126	         1.93919	       0.0120719	
          13.541	          1.9496	         1.93835	       0.0112549	
         13.5679	         1.94756	         1.93727	       0.0102906	
         13.5948	         1.94517	         1.93599	      0.00918614	
         13.6216	          1.9425	         1.93455	      0.00795035	
         13.6485	         1.93963	         1.93304	      0.00659291	
         13.6754	         1.93665	         1.93152	      0.00512529	
         13.7022	         1.93366	          1.9301	       0.0035648	
         13.7291	          1.9308	         1.92886	      0.00193957	
          13.756	         1.92819	          1.9279	     0.000291013	
         13.7828	         1.92597	         1.92729	     -0.00132783	
         13.8097	         1.92426	         1.92711	     -0.00285782	
         13.8366	         1.92318	         1.92742	     -0.00424127	
         13.8634	         1.92284	         1.92827	     -0.00542951	
         13.8903	         1.92331	          1.9297	     -0.00639104	
         13.9172	          1.9246	         1.93172	     -0.00712345	
          13.944	         1.92667	         1.93433	     -0.00765342	
         13.9709	         1.92946	         1.93747	     -0.00801257	
         13.9978	         1.93285	         1.94107	     -0.00821738	
         14.0246	         1.93675	         1.94501	     -0.00825877	
         14.0515	         1.94102	         1.94912	     -0.00810112	
         14.0784	         1.94551	         1.95322	     -0.00771379	
         14.1052	         1.95002	         1.95712	     -0.00709693	
         14.1321	         1.95439	         1.96065	     -0.00626651	
          14.159	         1.95844	         1.96369	     -0.00525197	
         14.1858	         1.96204	         1.96614	     -0.00409698	
         14.2127	         1.96508	         1.96794	      -0.0028586	
         14.2396	         1.96747	         1.96908	     -0.00160438	
         14.2664	         1.96917	         1.96958	    -0.000407651	
         14.2933	         1.97016	          1.9695	     0.000658724	
         14.3202	         1.97046	         1.96893	      0.00152904	
          14.347	         1.97013	         1.96798	       0.0021512	
         14.3739	         1.96926	         1.96676	      0.00249173	
         14.4008	         1.96796	         1.96542	       0.0025393	
         14.4276	          1.9664	         1.96409	       0.0023071	
         14.4545	         1.96475	         1.96291	       0.0018363	
         14.4814	         1.96321	         1.96201	      0.00119776	
         14.5082	         1.96194	          1.9615	     0.000437832	
         14.5351	         1.96107	         1.96146	      -0.0003901	
          14.562	         1.96075	         1.96195	     -0.00120226	
         14.5888	         1.96112	         1.96299	     -0.00187007	
         14.6157	         1.96225	         1.96455	     -0.00229925	
         14.6426	         1.96411	         1.96659	     -0.00247772	
         14.6694	         1.96664	         1.96901	     -0.00236816	
         14.6963	         1.96975	         1.97167	     -0.00191796	
         14.7232	         1.97335	         1.97444	     -0.00108284	
           14.75	         1.97734	         1.97718	     0.000158163	
         14.7769	         1.98158	         1.97978	      0.00179652	
         14.8038	         1.98594	         1.98215	      0.00379453	
         14.8306	          1.9903	         1.98421	       0.0060907	
         14.8575	         1.99453	         1.98592	      0.00860691	
         14.8844	         1.99853	         1.98727	       0.0112548	
         14.9112	         2.00222	         1.98828	       0.0139411	
         14.9381	         2.00555	         1.98898	       0.0165717	
          14.965	          2.0085	         1.98945	       0.0190558	
         14.9918	         2.01105	         1.98974	       0.0213085	
         15.0187	         2.01318	         1.98993	       0.0232534	
         15.0456	         2.01491	         1.99009	       0.0248259	
         15.0724	         2.01623	         1.99026	       0.0259774	
         15.0993	         2.01714	         1.99046	       0.0266801	
         15.1262	         2.01764	         1.99071	       0.0269311	
         15.1531	         2.01772	         1.99096	       0.0267542	
         15.1799	         2.01739	         1.99119	       0.0261987	
         15.2068	         2.01666	         1.99132	        0.025332	
         15.2337	         2.01553	          1.9913	       0.0242286	
         15.2605	         2.01403	         1.99107	       0.0229585	
         15.2874	         2.01215	         1.99056	       0.0215822	
         15.3143	         2.00991	         1.98976	        0.020154	
         15.3411	         2.00736	         1.98863	       0.0187244	
          15.368	         2.00454	          1.9872	       0.0173391	
         15.3949	         2.00154	          1.9855	       0.0160356	
         15.4217	         1.99842	         1.98358	       0.0148395	
         15.4486	          1.9953	         1.98154	       0.0137624	
         15.4755	         1.99228	         1.97948	       0.0128052	
         15.5023	         1.98947	          1.9775	       0.0119746	
         15.5292	         1.98697	         1.97568	       0.0112858	
         15.5561	         1.98488	         1.97413	       0.0107484	
         15.5829	         1.98327	          1.9729	       0.0103653	
         15.6098	         1.98221	         1.97208	       0.0101379	
         15.6367	         1.98176	         1.97169	       0.0100714	
         15.6635	         1.98195	          1.9718	       0.0101518	
         15.6904	         1.98273	         1.97245	       0.0102846	
         15.7173	         1.98404	         1.97359	       0.0104475	
         15.7441	         1.98579	         1.97511	       0.0106798	
          15.771	         1.98787	         1.97689	       0.0109847	
         15.7979	          1.9902	         1.97885	       0.0113499	
         15.8247	         1.99267	         1.98091	       0.0117527	
         15.8516	         1.99519	         1.98303	       0.0121626	
         15.8785	         1.99771	         1.98516	       0.0125426	
         15.9053	         2.00015	          1.9873	       0.0128501	
         15.9322	         2.00249	         1.98946	       0.0130379	
         15.9591	         2.00469	         1.99164	       0.0130563	
         15.9859	         2.00673	         1.99387	       0.0128575	
         16.0128	         2.00857	         1.99617	       0.0124046	
         16.0397	         2.01022	         1.99854	        0.011681	
         16.0665	         2.01164	         2.00094	       0.0106972	
         16.0934	         2.01283	         2.00334	       0.0094894	
         16.1203	         2.01377	         2.00565	        0.008113	
         16.1471	         2.01444	         2.00781	      0.00663543	
          16.174	         2.01484	         2.00971	      0.00512889	
         16.2009	         2.01496	         2.01129	      0.00366317	
         16.2277	         2.01478	         2.01248	       0.0022985	
         16.2546	          2.0143	         2.01322	      0.00108023	
         16.2815	          2.0135	         2.01346	     3.61152e-05	
         16.3083	         2.01237	          2.0132	    -0.000823594	
         16.3352	         2.01092	         2.01242	     -0.00150371	
         16.3621	         2.00914	         2.01116	     -0.00201948	
         16.3889	         2.00706	         2.00945	     -0.00239083	
         16.4158	         2.00469	         2.00732	     -0.00263694	
         16.4427	         2.00207	         2.00484	     -0.00277236	
         16.4695	         1.99925	         2.00205	     -0.00280527	
         16.4964	         1.99627	         1.99901	     -0.00273786	
         16.5233	         1.99318	         1.99575	     -0.00256803	
         16.5501	         1.99001	          1.9923	     -0.00229151	
          16.577	         1.98679	          1.9887	     -0.00190426	
         16.6039	         1.98354	         1.98495	     -0.00140526	
         16.6307	         1.98027	         1.98107	    -0.000799336	
         16.6576	         1.97697	         1.97707	     -9.9581e-05	
         16.6845	         1.97365	         1.97297	     0.000671095	
         16.7113	         1.97029	         1.96881	      0.00147949	
         16.7382	         1.96691	         1.96463	      0.00228289	
         16.7651	          1.9635	         1.96046	      0.00303132	
         16.7919	         1.96005	         1.95638	      0.00367129	
         16.8188	          1.9566	         1.95245	       0.0041508	
         16.8457	         1.95316	         1.94874	      0.00442495	
         16.8725	         1.94978	         1.94532	      0.00446167	
         16.8994	         1.94653	         1.94229	      0.00424652	
         16.9263	         1.94349	          1.9397	      0.00378602	
         16.9531	         1.94075	         1.93764	      0.00310869	
           16.98	         1.93844	         1.93618	      0.00226348	
         17.0069	         1.93669	         1.93537	      0.00131958	
         17.0337	         1.93559	         1.93525	     0.000339489	
         17.0606	         1.93521	         1.93584	    -0.000627239	
         17.0875	         1.93557	         1.93709	      -0.0015178	
         17.1143	         1.93666	         1.93893	     -0.00226872	
         17.1412	         1.93843	         1.94126	     -0.00282906	
         17.1681	          1.9408	         1.94397	     -0.00316686	
          17.195	         1.94368	         1.94695	     -0.00326949	
         17.2218	         1.94696	          1.9501	     -0.00314124	
         17.2487	         1.95052	         1.95332	     -0.00279967	
         17.2756	         1.95425	         1.95652	     -0.00227135	
         17.3024	         1.95804	         1.95962	     -0.00158707	
         17.3293	          1.9618	         1.96257	    -0.000777653	
         17.3562	         1.96545	         1.96533	     0.000123751	
          17.383	         1.96894	         1.96786	      0.00107353	
         17.4099	         1.97219	         1.97017	      0.00202365	
         17.4368	         1.97519	         1.97225	      0.00293433	
         17.4636	          1.9779	         1.97413	      0.00377904	
         17.4905	         1.98036	         1.97581	      0.00454516	
         17.5174	         1.98256	         1.97733	      0.00523309	
         17.5442	         1.98457	         1.97871	       0.0058547	
         17.5711	         1.98641	         1.97998	      0.00643168	
          17.598	         1.98814	         1.98115	      0.00699363	
         17.6248	          1.9898	         1.98222	      0.00757629	
         17.6517	         1.99143	         1.98321	       0.0082193	
         17.6786	         1.99308	         1.98412	      0.00896368	
         17.7054	         1.99478	         1.98493	       0.0098487	
         17.7323	         1.99655	         1.98564	       0.0109084	
         17.7592	         1.99842	         1.98625	       0.0121676	
          17.786	          2.0004	         1.98677	       0.0136379	
         17.8129	          2.0025	         1.98719	       0.0153113	
         17.8398	          2.0047	         1.98755	       0.0171533	
         17.8666	         2.00697	         1.98788	       0.0190966	
         17.8935	         2.00926	         1.98822	       0.0210437	
         17.9204	         2.01152	         1.98866	       0.0228636	
         17.9472	         2.01371	         1.98927	       0.0244375	
         17.9741	         2.01578	            1.99	        0.025774	
          18.001	         2.01771	         1.99085	        0.026867	
         18.0278	          2.0195	         1.99179	        0.027707	
         18.0547	         2.02112	         1.99284	        0.028283	
         18.0816	         2.02258	         1.99399	       0.0285835	
         18.1084	         2.02386	         1.99526	       0.0285978	
         18.1353	         2.02496	         1.99664	       0.0283204	
         18.1622	         2.02588	         1.99812	         0.02776	
          18.189	         2.02663	         1.99968	        0.026944	
         18.2159	          2.0272	         2.00129	       0.0259118	
         18.2428	         2.02761	         2.00291	       0.0247055	
         18.2696	         2.02788	         2.00451	       0.0233674	
         18.2965	           2.028	         2.00607	       0.0219386	
         18.3234	         2.02801	         2.00755	       0.0204585	
         18.3502	         2.02792	         2.00896	       0.0189648	
         18.3771	         2.02775	         2.01026	       0.0174921	
          18.404	         2.02751	         2.01144	       0.0160707	
         18.4308	         2.02723	         2.01251	       0.0147249	
         18.4577	         2.02692	         2.01345	       0.0134706	
         18.4846	         2.02659	         2.01428	       0.0123139	
         18.5114	         2.02624	         2.01499	       0.0112508	
         18.5383	         2.02588	         2.01561	        0.010268	
         18.5652	         2.02548	         2.01614	      0.00934518	
          18.592	         2.02506	          2.0166	      0.00845965	
         18.6189	         2.02459	           2.017	      0.00759088	
         18.6458	         2.02408	         2.01735	      0.00672615	
         18.6726	         2.02351	         2.01764	      0.00586516	
         18.6995	          2.0229	         2.01787	      0.00502271	
         18.7264	         2.02225	         2.01802	      0.00422853	
         18.7532	         2.02158	         2.01805	      0.00352439	
         18.7801	         2.02091	         2.01795	      0.00295885	
          18.807	         2.02027	         2.01769	      0.00257959	
         18.8338	         2.01966	         2.01724	      0.00241837	
         18.8607	         2.01909	         2.01661	      0.00248657	
         18.8876	         2.01858	         2.01578	      0.00279189	
         18.9144	         2.01813	         2.01479	      0.00334111	
         18.9413	         2.01778	         2.01364	      0.00414152	
         18.9682	         2.01758	         2.01238	      0.00520535	
          18.995	         2.01757	         2.01104	      0.00653108	
         19.0219	         2.01781	         2.00971	      0.00809767	
         19.0488	         2.01832	         2.00846	      0.00986329	
         19.0756	         2.01914	         2.00738	       0.0117648	
         19.1025	         2.02029	         2.00657	       0.0137203	
         19.1294	         2.02176	         2.00612	       0.0156355	
         19.1562	         2.02353	         2.00612	       0.0174166	
         19.1831	         2.02559	         2.00661	       0.0189882	
           19.21	          2.0279	         2.00759	       0.0203053	
         19.2369	         2.03042	         2.00906	       0.0213588	
         19.2637	         2.03303	         2.01095	       0.0220804	
         19.2906	         2.03556	         2.01314	       0.0224239	
         19.3175	         2.03789	          2.0155	       0.0223839	
         19.3443	         2.03988	         2.01791	       0.0219709	
         19.3712	         2.04142	         2.02022	       0.0212058	
         19.3981	         2.04244	         2.02232	        0.020113	
         19.4249	         2.04286	         2.02414	       0.0187234	
         19.4518	         2.04266	         2.02555	       0.0171033	
         19.4787	         2.04183	         2.02648	       0.0153453	
         19.5055	          2.0404	         2.02686	       0.0135394	
         19.5324	         2.03846	         2.02669	       0.0117702	
         19.5593	         2.03609	         2.02597	       0.0101184	
         19.5861	         2.03343	         2.02477	       0.0086591	
          19.613	         2.03063	         2.02317	      0.00745928	
         19.6399	         2.02784	         2.02127	       0.0065745	
         19.6667	         2.02525	          2.0192	      0.00604558	
         19.6936	         2.02299	          2.0171	      0.00589392	
         19.7205	         2.02122	         2.01511	      0.00611465	
         19.7473	         2.02005	         2.01338	      0.00667037	
         19.7742	         2.01954	         2.01203	      0.00750214	
         19.8011	          2.0197	         2.01116	      0.00854201	
         19.8279	         2.02055	         2.01083	      0.00971958	
         19.8548	         2.02204	         2.01107	       0.0109739	
         19.8817	         2.02413	         2.01187	        0.012259	
         19.9085	         2.02674	         2.01319	       0.0135463	
         19.9354	         2.02979	         2.01497	        0.014823	
         19.9623	         2.03319	          2.0171	       0.0160863	
         19.9891	         2.03682	         2.01948	       0.0173368	
          20.016	         2.04057	         2.02199	       0.0185749	
         20.0429	         2.04434	         2.02454	       0.0197985	
         20.0697	         2.04802	         2.02702	       0.0210022	
         20.0966	         2.05153	         2.02936	       0.0221784	
         20.1235	          2.0548	         2.03148	       0.0233192	
         20.1503	         2.05779	         2.03336	       0.0244227	
         20.1772	         2.06048	         2.03498	       0.0255095	
         20.2041	         2.06287	         2.03631	       0.0265523	
         20.2309	         2.06489	         2.03739	       0.0275002	
         20.2578	         2.06653	         2.03821	       0.0283169	
         20.2847	         2.06779	         2.03882	       0.0289702	
         20.3115	         2.06866	         2.03923	       0.0294292	
         20.3384	         2.06916	         2.03949	       0.0296631	
         20.3653	         2.06929	         2.03965	       0.0296411	
         20.3921	         2.06907	         2.03974	       0.0293355	
          20.419	         2.06853	         2.03981	       0.0287254	
         20.4459	          2.0677	          2.0399	       0.0277968	
         20.4727	          2.0666	         2.04006	       0.0265426	
         20.4996	         2.06528	         2.04032	       0.0249616	
         20.5265	         2.06377	         2.04071	       0.0230611	
         20.5533	         2.06212	         2.04126	       0.0208582	
         20.5802	         2.06035	         2.04197	       0.0183783	
         20.6071	         2.05851	         2.04286	       0.0156497	
         20.6339	         2.05664	         2.04394	        0.012701	
         20.6608	         2.05475	         2.04518	      0.00956511	
         20.6877	         2.05287	         2.04659	      0.00628598	
         20.7145	         2.05103	         2.04811	      0.00292146	
         20.7414	         2.04924	          2.0497	    -0.000457799	
         20.7683	         2.04752	         2.05129	     -0.00377281	
         20.7951	         2.04588	         2.05282	     -0.00694144	
          20.822	         2.04436	         2.05424	     -0.00988383	
         20.8489	         2.04296	         2.05549	      -0.0125288	
         20.8757	         2.04172	         2.05654	      -0.0148216	
         20.9026	         2.04065	         2.05738	      -0.0167322	
         20.9295	         2.03975	         2.05801	      -0.0182622	
         20.9563	         2.03904	         2.05848	      -0.0194406	
         20.9832	         2.03852	         2.05875	      -0.0202346	
         21.0101	          2.0382	         2.05877	      -0.0205731	
         21.0369	         2.03808	         2.05849	      -0.0204095	
         21.0638	         2.03817	         2.05789	      -0.0197202	
         21.0907	         2.03846	         2.05696	      -0.0185016	
         21.1175	         2.03896	         2.05572	      -0.0167661	
         21.1444	         2.03964	         2.05418	      -0.0145389	
         21.1713	         2.04052	         2.05238	      -0.0118594	
         21.1982	         2.04157	         2.05035	     -0.00878267	
          21.225	         2.04278	         2.04816	     -0.00537933	
         21.2519	         2.04414	         2.04587	     -0.00173246	
         21.2788	         2.04563	         2.04357	      0.00206826	
         21.3056	         2.04727	         2.04133	      0.00593276	
         21.3325	         2.04903	         2.03926	      0.00977619	
         21.3594	         2.05094	         2.03742	       0.0135229	
         21.3862	         2.05299	         2.03588	       0.0171078	
         21.4131	         2.05518	         2.03471	       0.0204756	
           21.44	          2.0575	         2.03392	       0.0235768	
         21.4668	          2.0599	         2.03354	       0.0263649	
         21.4937	         2.06233	         2.03354	       0.0287956	
         21.5206	         2.06472	         2.03389	       0.0308291	
         21.5474	         2.06697	         2.03453	       0.0324328	
         21.5743	         2.06899	         2.03541	       0.0335829	
         21.6012	         2.07071	         2.03644	       0.0342637	
          21.628	         2.07204	         2.03758	       0.0344677	
         21.6549	         2.07295	         2.03875	       0.0341956	
         21.6818	         2.07338	         2.03993	        0.033455	
         21.7086	         2.07333	         2.04108	       0.0322544	
         21.7355	         2.07279	          2.0422	       0.0305938	
         21.7624	         2.07177	         2.04329	       0.0284728	
         21.7892	         2.07029	         2.04438	       0.0259081	
         21.8161	          2.0684	         2.04546	       0.0229371	
          21.843	         2.06616	         2.04655	        0.019613	
