       0.0486896	      0.00181135	      0.00181135	    -9.57506e-12	
       0.0973793	      0.00640596	      0.00640596	    -3.30022e-11	
        0.146069	       0.0134806	       0.0134806	    -6.84376e-11	
        0.194759	       0.0231423	       0.0231423	    -1.13933e-10	
        0.243448	       0.0357878	       0.0357878	      -1.646e-10	
        0.292138	       0.0520523	       0.0520523	    -2.10308e-10	
        0.340827	       0.0727171	       0.0727171	    -2.36273e-10	
        0.389517	       0.0985613	       0.0985613	    -2.25638e-10	
        0.438207	        0.130179	        0.130179	    -1.62137e-10	
        0.486896	        0.167813	        0.167813	    -3.42282e-11	
        0.535586	        0.211248	        0.211248	     1.63657e-10	
        0.584276	        0.259796	        0.259796	     4.31203e-10	
        0.632965	        0.312344	        0.312344	     7.62783e-10	
        0.681655	        0.367469	        0.367469	     1.14886e-09	
        0.730344	        0.423572	        0.423572	     1.57703e-09	
        0.779034	         0.47902	         0.47902	     2.03412e-09	
        0.827724	        0.532276	        0.532276	     2.50631e-09	
        0.876413	        0.582003	        0.582003	     2.98072e-09	
        0.925103	        0.627146	        0.627146	     3.44624e-09	
        0.973793	        0.666977	        0.666977	     3.89407e-09	
         1.02248	        0.701122	        0.701122	     4.31799e-09	
         1.07117	        0.729562	        0.729562	     4.71457e-09	
         1.11986	        0.752617	        0.752617	     5.08336e-09	
         1.16855	        0.770914	        0.770914	     5.42701e-09	
         1.21724	        0.785333	        0.785333	     5.75168e-09	
         1.26593	         0.79694	         0.79694	     6.06736e-09	
         1.31462	        0.806901	        0.806901	     6.38802e-09	
         1.36331	        0.816379	        0.816379	     6.73117e-09	
           1.412	        0.826428	        0.826428	     7.11654e-09	
         1.46069	        0.837895	        0.837895	     7.56384e-09	
         1.50938	         0.85134	         0.85134	     8.08985e-09	
         1.55807	        0.867004	        0.867004	     8.70586e-09	
         1.60676	        0.884814	        0.884814	     9.41612e-09	
         1.65545	         0.90443	         0.90443	     1.02178e-08	
         1.70414	        0.925326	        0.925326	     1.11024e-08	
         1.75283	        0.946872	        0.946872	     1.20575e-08	
         1.80152	         0.96842	         0.96842	     1.30693e-08	
         1.85021	        0.989365	        0.989365	     1.41236e-08	
          1.8989	          1.0092	          1.0092	     1.52068e-08	
         1.94759	         1.02753	         1.02753	     1.63055e-08	
         1.99627	          1.0441	          1.0441	     1.74059e-08	
         2.04496	         1.05876	         1.05876	     1.84923e-08	
         2.09365	         1.07149	         1.07149	     1.95455e-08	
         2.14234	         1.08236	         1.08236	     2.05403e-08	
         2.19103	         1.09153	         1.09153	     2.14457e-08	
         2.23972	         1.09924	         1.09924	     2.22276e-08	
         2.28841	         1.10579	         1.10579	     2.28546e-08	
          2.3371	         1.11157	         1.11157	     2.33045e-08	
         2.38579	           1.117	           1.117	     2.35693e-08	
         2.43448	         1.12255	         1.12255	     2.36556e-08	
         2.48317	          1.1287	          1.1287	     2.35825e-08	
         2.53186	         1.13588	         1.13588	     2.33766e-08	
         2.58055	         1.14443	         1.14443	     2.30678e-08	
         2.62924	         1.15462	         1.15462	     2.26877e-08	
         2.67793	         1.16657	         1.16657	      2.2268e-08	
         2.72662	         1.18025	         1.18025	     2.18395e-08	
         2.77531	         1.19549	         1.19549	     2.14297e-08	
           2.824	         1.21197	         1.21197	      2.1061e-08	
         2.87269	         1.22922	         1.22922	     2.07492e-08	
         2.92138	         1.24671	         1.24671	      2.0504e-08	
         2.97007	          1.2638	          1.2638	     2.03296e-08	
         3.01876	         1.27987	         1.27987	     2.02248e-08	
         3.06745	         1.29433	         1.29433	     2.01835e-08	
         3.11614	          1.3067	          1.3067	     2.01953e-08	
         3.16483	         1.31659	         1.31659	     2.02445e-08	
         3.21352	         1.32384	         1.32384	     2.03111e-08	
         3.26221	         1.32843	         1.32843	     2.03724e-08	
         3.31089	          1.3306	          1.3306	      2.0406e-08	
         3.35958	         1.33079	         1.33079	     2.03944e-08	
         3.40827	         1.32961	         1.32961	     2.03293e-08	
         3.45696	         1.32781	         1.32781	     2.02174e-08	
         3.50565	         1.32622	         1.32621	     2.00876e-08	
         3.55434	         1.32566	         1.32566	     1.99969e-08	
         3.60303	          1.3269	          1.3269	     2.00291e-08	
         3.65172	         1.33057	         1.33057	     2.02834e-08	
         3.70041	         1.33713	         1.33713	     2.08539e-08	
          3.7491	         1.34683	         1.34683	     2.18048e-08	
         3.79779	         1.35967	         1.35967	     2.31491e-08	
         3.84648	         1.37544	         1.37544	     2.48394e-08	
         3.89517	         1.39368	         1.39368	     2.67757e-08	
         3.94386	         1.41374	         1.41374	     2.88277e-08	
         3.99255	         1.43486	         1.43486	     3.08612e-08	
         4.04124	         1.45624	         1.45624	     3.27567e-08	
         4.08993	         1.47714	         1.47714	     3.44184e-08	
         4.13862	         1.49692	         1.49692	     3.57773e-08	
         4.18731	         1.51512	         1.51512	     3.67901e-08	
           4.236	         1.53147	         1.53147	     3.74374e-08	
         4.28469	          1.5459	          1.5459	     3.77219e-08	
         4.33338	          1.5585	          1.5585	     3.76673e-08	
         4.38207	         1.56955	         1.56955	      3.7316e-08	
         4.43076	          1.5794	          1.5794	     3.67254e-08	
         4.47945	         1.58848	         1.58848	     3.59621e-08	
         4.52814	         1.59724	         1.59724	     3.50961e-08	
         4.57683	         1.60609	         1.60609	     3.41969e-08	
         4.62552	         1.61543	         1.61543	     3.33333e-08	
          4.6742	         1.62558	         1.62558	     3.25725e-08	
         4.72289	         1.63682	         1.63682	     3.19792e-08	
         4.77158	         1.64933	         1.64933	     3.16104e-08	
         4.82027	         1.66319	         1.66319	     3.15109e-08	
         4.86896	         1.67838	         1.67838	     3.17067e-08	
         4.91765	         1.69475	         1.69475	     3.22009e-08	
         4.96634	         1.71209	         1.71209	     3.29701e-08	
         5.01503	         1.73011	         1.73011	     3.39664e-08	
         5.06372	         1.74847	         1.74847	     3.51253e-08	
         5.11241	         1.76687	         1.76687	     3.63769e-08	
          5.1611	         1.78504	         1.78504	     3.76563e-08	
         5.20979	         1.80282	         1.80282	     3.89104e-08	
         5.25848	         1.82015	         1.82015	     4.00995e-08	
         5.30717	         1.83708	         1.83708	     4.11941e-08	
         5.35586	          1.8537	          1.8537	     4.21661e-08	
         5.40455	         1.87013	         1.87013	     4.29825e-08	
         5.45324	         1.88643	         1.88643	     4.36051e-08	
         5.50193	         1.90258	         1.90258	     4.39987e-08	
         5.55062	         1.91845	         1.91845	     4.41433e-08	
         5.59931	         1.93386	         1.93386	     4.40401e-08	
           5.648	         1.94851	         1.94851	     4.37061e-08	
         5.69669	          1.9621	          1.9621	     4.31599e-08	
         5.74538	         1.97432	         1.97432	      4.2408e-08	
         5.79407	          1.9849	          1.9849	     4.14388e-08	
         5.84276	         1.99363	         1.99363	     4.02318e-08	
         5.89145	         2.00038	         2.00038	     3.87768e-08	
         5.94014	         2.00511	         2.00511	     3.70972e-08	
         5.98882	          2.0079	          2.0079	     3.52656e-08	
         6.03751	         2.00895	         2.00895	     3.34033e-08	
          6.0862	         2.00854	         2.00854	     3.16638e-08	
         6.13489	         2.00705	         2.00705	     3.02037e-08	
         6.18358	         2.00489	         2.00489	     2.91516e-08	
         6.23227	         2.00248	         2.00248	     2.85799e-08	
         6.28096	         2.00017	         2.00017	      2.8488e-08	
         6.32965	         1.99825	         1.99825	     2.88016e-08	
         6.37834	         1.99692	         1.99692	     2.93895e-08	
         6.42703	         1.99629	         1.99629	     3.00926e-08	
         6.47572	         1.99643	         1.99643	      3.0759e-08	
         6.52441	         1.99733	         1.99733	     3.12755e-08	
          6.5731	         1.99902	         1.99902	     3.15878e-08	
         6.62179	         2.00154	         2.00154	     3.17032e-08	
         6.67048	         2.00493	         2.00493	     3.16751e-08	
         6.71917	         2.00928	         2.00928	     3.15761e-08	
         6.76786	         2.01463	         2.01463	     3.14698e-08	
         6.81655	         2.02096	         2.02096	     3.13892e-08	
         6.86524	         2.02813	         2.02813	     3.13312e-08	
         6.91393	         2.03588	         2.03588	     3.12672e-08	
         6.96262	         2.04386	         2.04386	     3.11662e-08	
         7.01131	         2.05164	         2.05164	     3.10144e-08	
            7.06	         2.05881	         2.05881	     3.08233e-08	
         7.10869	         2.06497	         2.06497	       3.062e-08	
         7.15738	         2.06983	         2.06983	     3.04265e-08	
         7.20607	         2.07319	         2.07319	      3.0239e-08	
         7.25476	         2.07503	         2.07503	     3.00185e-08	
         7.30344	         2.07546	         2.07546	     2.96962e-08	
         7.35213	         2.07472	         2.07472	     2.91901e-08	
         7.40082	         2.07314	         2.07314	     2.84274e-08	
         7.44951	         2.07106	         2.07106	     2.73659e-08	
          7.4982	         2.06879	         2.06879	      2.6006e-08	
         7.54689	         2.06656	         2.06656	     2.43876e-08	
         7.59558	          2.0645	          2.0645	      2.2575e-08	
         7.64427	          2.0627	          2.0627	     2.06451e-08	
         7.69296	         2.06126	         2.06126	      1.8685e-08	
         7.74165	         2.06034	         2.06034	     1.67934e-08	
         7.79034	         2.06023	         2.06023	     1.50737e-08	
         7.83903	         2.06126	         2.06126	      1.3619e-08	
         7.88772	         2.06375	         2.06375	     1.24973e-08	
         7.93641	         2.06796	         2.06796	      1.1743e-08	
          7.9851	         2.07395	         2.07395	     1.13544e-08	
         8.03379	         2.08161	         2.08161	     1.12997e-08	
         8.08248	         2.09062	         2.09062	     1.15313e-08	
         8.13117	         2.10047	         2.10047	     1.20058e-08	
         8.17986	         2.11061	         2.11061	     1.27022e-08	
         8.22855	         2.12051	         2.12051	     1.36275e-08	
         8.27724	         2.12975	         2.12975	     1.48082e-08	
         8.32593	          2.1381	          2.1381	     1.62708e-08	
         8.37462	          2.1455	          2.1455	     1.80189e-08	
         8.42331	         2.15206	         2.15206	     2.00171e-08	
           8.472	         2.15797	         2.15797	     2.21873e-08	
         8.52069	          2.1634	          2.1634	     2.44197e-08	
         8.56938	         2.16844	         2.16844	     2.65903e-08	
         8.61806	         2.17302	         2.17302	     2.85778e-08	
         8.66675	         2.17695	         2.17695	     3.02768e-08	
         8.71544	         2.17993	         2.17993	      3.1607e-08	
         8.76413	          2.1817	          2.1817	     3.25195e-08	
         8.81282	         2.18208	         2.18208	     3.29985e-08	
         8.86151	         2.18107	         2.18107	     3.30576e-08	
          8.9102	         2.17882	         2.17882	     3.27316e-08	
         8.95889	         2.17565	         2.17565	     3.20674e-08	
         9.00758	         2.17197	         2.17197	     3.11228e-08	
         9.05627	         2.16824	         2.16824	     2.99709e-08	
         9.10496	         2.16489	         2.16489	     2.87062e-08	
         9.15365	         2.16228	         2.16228	     2.74408e-08	
         9.20234	         2.16061	         2.16061	     2.62884e-08	
         9.25103	         2.15994	         2.15994	     2.53406e-08	
         9.29972	         2.16018	         2.16018	     2.46488e-08	
         9.34841	         2.16118	         2.16118	     2.42222e-08	
          9.3971	         2.16274	         2.16274	     2.40413e-08	
         9.44579	         2.16469	         2.16469	     2.40744e-08	
         9.49448	         2.16696	         2.16696	      2.4291e-08	
         9.54317	         2.16954	         2.16954	     2.46682e-08	
         9.59186	         2.17251	         2.17251	     2.51887e-08	
         9.64055	         2.17601	         2.17601	     2.58318e-08	
         9.68924	         2.18017	         2.18017	     2.65605e-08	
         9.73793	         2.18508	         2.18508	     2.73128e-08	
         9.78662	         2.19073	         2.19073	     2.80021e-08	
         9.83531	         2.19695	         2.19695	     2.85282e-08	
           9.884	         2.20347	         2.20347	     2.87962e-08	
         9.93268	         2.20991	         2.20991	     2.87403e-08	
         9.98137	         2.21578	         2.21578	     2.83441e-08	
         10.0301	          2.2206	          2.2206	       2.765e-08	
         10.0788	         2.22391	         2.22391	     2.67523e-08	
         10.1274	         2.22538	         2.22538	     2.57744e-08	
         10.1761	         2.22485	         2.22485	     2.48392e-08	
         10.2248	         2.22237	         2.22237	      2.4041e-08	
         10.2735	          2.2182	          2.2182	     2.34269e-08	
         10.3222	         2.21278	         2.21278	     2.29914e-08	
         10.3709	         2.20664	         2.20664	     2.26855e-08	
         10.4196	         2.20039	         2.20039	     2.24351e-08	
         10.4683	         2.19463	         2.19463	     2.21621e-08	
          10.517	         2.18987	         2.18987	     2.18022e-08	
         10.5657	         2.18656	         2.18656	     2.13175e-08	
         10.6143	         2.18505	         2.18505	     2.07054e-08	
          10.663	         2.18557	         2.18557	     2.00044e-08	
         10.7117	         2.18822	         2.18822	     1.92902e-08	
         10.7604	         2.19296	         2.19296	     1.86575e-08	
         10.8091	         2.19961	         2.19961	     1.81927e-08	
         10.8578	         2.20792	         2.20792	     1.79511e-08	
         10.9065	         2.21752	         2.21752	     1.79488e-08	
         10.9552	         2.22793	         2.22793	     1.81694e-08	
         11.0039	         2.23855	         2.23855	     1.85788e-08	
         11.0525	          2.2487	          2.2487	     1.91365e-08	
         11.1012	         2.25769	         2.25769	     1.98069e-08	
         11.1499	         2.26496	         2.26496	     2.05697e-08	
         11.1986	         2.27014	         2.27014	     2.14228e-08	
         11.2473	         2.27307	         2.27307	     2.23725e-08	
          11.296	         2.27382	         2.27382	     2.34162e-08	
         11.3447	         2.27267	         2.27267	     2.45268e-08	
         11.3934	         2.27002	         2.27002	     2.56457e-08	
         11.4421	          2.2663	          2.2663	     2.66868e-08	
         11.4908	         2.26194	         2.26194	     2.75513e-08	
         11.5394	         2.25731	         2.25731	     2.81514e-08	
         11.5881	         2.25265	         2.25265	     2.84375e-08	
         11.6368	         2.24813	         2.24813	     2.84218e-08	
         11.6855	         2.24381	         2.24381	      2.8184e-08	
         11.7342	         2.23972	         2.23972	     2.78531e-08	
         11.7829	         2.23583	         2.23583	     2.75688e-08	
         11.8316	          2.2321	          2.2321	     2.74418e-08	
         11.8803	         2.22849	         2.22849	     2.75285e-08	
          11.929	         2.22498	         2.22498	     2.78296e-08	
         11.9776	         2.22155	         2.22155	     2.83067e-08	
         12.0263	         2.21824	         2.21824	     2.89074e-08	
          12.075	         2.21514	         2.21514	     2.95885e-08	
         12.1237	         2.21236	         2.21236	     3.03262e-08	
         12.1724	         2.21002	         2.21002	     3.11184e-08	
         12.2211	         2.20827	         2.20827	     3.19826e-08	
         12.2698	         2.20723	         2.20723	     3.29505e-08	
         12.3185	         2.20699	         2.20699	     3.40541e-08	
         12.3672	         2.20759	         2.20759	     3.52983e-08	
         12.4159	           2.209	           2.209	     3.66315e-08	
         12.4645	         2.21112	         2.21112	      3.7938e-08	
         12.5132	         2.21384	         2.21384	       3.906e-08	
         12.5619	         2.21707	         2.21707	     3.98346e-08	
         12.6106	         2.22077	         2.22077	     4.01228e-08	
         12.6593	         2.22495	         2.22495	     3.98246e-08	
          12.708	         2.22965	         2.22965	      3.8883e-08	
         12.7567	         2.23486	         2.23486	     3.72873e-08	
         12.8054	         2.24051	         2.24051	     3.50785e-08	
         12.8541	         2.24645	         2.24645	      3.2356e-08	
         12.9028	         2.25245	         2.25245	     2.92775e-08	
         12.9514	         2.25827	         2.25827	     2.60491e-08	
         13.0001	         2.26364	         2.26364	     2.29045e-08	
         13.0488	         2.26833	         2.26833	     2.00796e-08	
         13.0975	         2.27212	         2.27212	     1.77847e-08	
         13.1462	         2.27486	         2.27486	     1.61766e-08	
         13.1949	         2.27647	         2.27647	     1.53364e-08	
         13.2436	         2.27698	         2.27698	     1.52596e-08	
         13.2923	         2.27648	         2.27648	      1.5864e-08	
          13.341	         2.27515	         2.27515	     1.70197e-08	
         13.3896	          2.2732	          2.2732	     1.85916e-08	
         13.4383	         2.27087	         2.27087	     2.04775e-08	
          13.487	         2.26843	         2.26843	     2.26177e-08	
         13.5357	         2.26613	         2.26613	     2.49673e-08	
         13.5844	         2.26423	         2.26423	      2.7454e-08	
         13.6331	           2.263	           2.263	     2.99572e-08	
         13.6818	         2.26271	         2.26271	     3.23285e-08	
         13.7305	         2.26359	         2.26359	     3.44358e-08	
         13.7792	         2.26578	         2.26578	     3.61954e-08	
         13.8279	         2.26929	         2.26929	     3.75685e-08	
         13.8765	         2.27394	         2.27394	     3.85303e-08	
         13.9252	         2.27942	         2.27942	     3.90495e-08	
         13.9739	         2.28525	         2.28525	     3.90939e-08	
         14.0226	         2.29095	         2.29095	     3.86547e-08	
         14.0713	         2.29603	         2.29603	     3.77673e-08	
           14.12	         2.30009	         2.30009	     3.65168e-08	
         14.1687	         2.30286	         2.30286	     3.50263e-08	
         14.2174	         2.30425	         2.30425	     3.34325e-08	
         14.2661	         2.30433	         2.30433	     3.18555e-08	
         14.3148	         2.30327	         2.30327	     3.03728e-08	
         14.3634	         2.30139	         2.30139	      2.9007e-08	
         14.4121	         2.29901	         2.29901	     2.77333e-08	
         14.4608	         2.29646	         2.29646	     2.65071e-08	
         14.5095	         2.29401	         2.29401	     2.53059e-08	
         14.5582	         2.29183	         2.29183	     2.41661e-08	
         14.6069	         2.29003	         2.29003	     2.31947e-08	
         14.6556	         2.28861	         2.28861	     2.25449e-08	
         14.7043	         2.28753	         2.28753	      2.2368e-08	
          14.753	         2.28677	         2.28677	     2.27671e-08	
         14.8016	         2.28633	         2.28633	     2.37671e-08	
         14.8503	         2.28627	         2.28627	     2.53067e-08	
          14.899	         2.28666	         2.28666	     2.72535e-08	
         14.9477	         2.28754	         2.28754	     2.94391e-08	
         14.9964	         2.28887	         2.28887	     3.16978e-08	
         15.0451	         2.29055	         2.29055	     3.38868e-08	
         15.0938	         2.29242	         2.29242	     3.58874e-08	
         15.1425	         2.29426	         2.29426	     3.75991e-08	
         15.1912	         2.29586	         2.29586	     3.89353e-08	
         15.2399	         2.29701	         2.29701	     3.98234e-08	
         15.2885	         2.29749	         2.29749	       4.021e-08	
         15.3372	         2.29717	         2.29717	     4.00734e-08	
         15.3859	           2.296	           2.296	     3.94415e-08	
         15.4346	         2.29406	         2.29406	     3.84086e-08	
         15.4833	         2.29153	         2.29153	      3.7145e-08	
          15.532	         2.28872	         2.28872	     3.58921e-08	
         15.5807	         2.28599	         2.28599	     3.49459e-08	
         15.6294	         2.28371	         2.28371	     3.46204e-08	
         15.6781	         2.28218	         2.28218	     3.51856e-08	
         15.7268	         2.28165	         2.28165	     3.67829e-08	
         15.7754	         2.28225	         2.28225	     3.93624e-08	
         15.8241	         2.28401	         2.28401	     4.26814e-08	
         15.8728	         2.28681	         2.28681	     4.63714e-08	
         15.9215	          2.2904	          2.2904	     5.00301e-08	
         15.9702	         2.29439	         2.29439	     5.32985e-08	
         16.0189	         2.29836	         2.29836	     5.59043e-08	
         16.0676	          2.3019	          2.3019	     5.76757e-08	
         16.1163	         2.30469	         2.30469	     5.85351e-08	
          16.165	          2.3066	          2.3066	     5.84857e-08	
         16.2136	         2.30765	         2.30765	     5.76025e-08	
         16.2623	         2.30802	         2.30802	     5.60351e-08	
          16.311	         2.30794	         2.30794	      5.4012e-08	
         16.3597	         2.30769	         2.30768	     5.18219e-08	
         16.4084	         2.30744	         2.30744	     4.97625e-08	
         16.4571	         2.30734	         2.30734	     4.80737e-08	
         16.5058	         2.30738	         2.30738	     4.68886e-08	
         16.5545	         2.30753	         2.30753	     4.62233e-08	
         16.6032	         2.30768	         2.30768	     4.59995e-08	
         16.6519	         2.30774	         2.30774	     4.60837e-08	
         16.7005	         2.30765	         2.30765	      4.6328e-08	
         16.7492	          2.3074	          2.3074	     4.66034e-08	
         16.7979	         2.30703	         2.30703	     4.68196e-08	
         16.8466	          2.3066	          2.3066	     4.69286e-08	
         16.8953	         2.30617	         2.30617	     4.69177e-08	
          16.944	         2.30578	         2.30578	     4.68008e-08	
         16.9927	         2.30544	         2.30544	     4.66173e-08	
         17.0414	         2.30507	         2.30507	     4.64356e-08	
         17.0901	         2.30456	         2.30456	     4.63513e-08	
         17.1388	         2.30376	         2.30376	      4.6473e-08	
         17.1874	         2.30254	         2.30254	     4.68994e-08	
         17.2361	         2.30078	         2.30078	     4.76959e-08	
         17.2848	          2.2984	          2.2984	     4.88835e-08	
         17.3335	         2.29543	         2.29543	     5.04444e-08	
         17.3822	         2.29196	         2.29196	     5.23397e-08	
         17.4309	         2.28819	         2.28819	     5.45275e-08	
         17.4796	         2.28443	         2.28443	      5.6967e-08	
         17.5283	         2.28102	         2.28102	     5.96068e-08	
          17.577	         2.27833	         2.27833	     6.23629e-08	
         17.6256	         2.27668	         2.27668	     6.50988e-08	
         17.6743	         2.27631	         2.27631	     6.76249e-08	
          17.723	         2.27733	         2.27733	     6.97274e-08	
         17.7717	         2.27975	         2.27975	     7.12221e-08	
         17.8204	         2.28343	         2.28343	     7.20105e-08	
         17.8691	         2.28815	         2.28815	     7.21091e-08	
         17.9178	         2.29362	         2.29362	      7.1636e-08	
         17.9665	         2.29954	         2.29954	     7.07653e-08	
         18.0152	         2.30561	         2.30561	     6.96688e-08	
         18.0639	         2.31155	         2.31155	     6.84652e-08	
         18.1125	         2.31712	         2.31712	     6.71938e-08	
         18.1612	         2.32208	         2.32208	     6.58203e-08	
         18.2099	          2.3262	          2.3262	     6.42702e-08	
         18.2586	         2.32927	         2.32927	      6.2475e-08	
         18.3073	         2.33106	         2.33106	     6.04138e-08	
          18.356	         2.33142	         2.33142	     5.81373e-08	
         18.4047	         2.33022	         2.33022	     5.57643e-08	
         18.4534	         2.32748	         2.32748	     5.34507e-08	
         18.5021	          2.3233	          2.3233	     5.13386e-08	
         18.5507	         2.31798	         2.31798	     4.95002e-08	
         18.5994	          2.3119	          2.3119	     4.78985e-08	
         18.6481	         2.30554	         2.30554	      4.6382e-08	
         18.6968	         2.29935	         2.29935	     4.47269e-08	
         18.7455	         2.29368	         2.29368	     4.27178e-08	
         18.7942	         2.28868	         2.28868	      4.0236e-08	
         18.8429	         2.28435	         2.28435	     3.73081e-08	
         18.8916	         2.28057	         2.28057	     3.40962e-08	
         18.9403	         2.27716	         2.27716	      3.0852e-08	
          18.989	         2.27399	         2.27399	     2.78677e-08	
         19.0376	         2.27102	         2.27102	     2.54286e-08	
         19.0863	         2.26833	         2.26833	     2.37564e-08	
          19.135	          2.2661	          2.2661	     2.29577e-08	
         19.1837	         2.26452	         2.26452	     2.30073e-08	
         19.2324	         2.26376	         2.26376	     2.37778e-08	
         19.2811	         2.26392	         2.26392	     2.50959e-08	
         19.3298	         2.26496	         2.26496	     2.68032e-08	
         19.3785	         2.26671	         2.26671	     2.88105e-08	
         19.4272	         2.26892	         2.26892	      3.1137e-08	
         19.4759	         2.27128	         2.27128	     3.39181e-08	
         19.5245	         2.27347	         2.27347	     3.73703e-08	
         19.5732	         2.27523	         2.27523	      4.1722e-08	
         19.6219	         2.27634	         2.27634	     4.71304e-08	
         19.6706	         2.27669	         2.27669	     5.36139e-08	
         19.7193	         2.27623	         2.27623	     6.10239e-08	
          19.768	         2.27507	         2.27507	     6.90616e-08	
         19.8167	         2.27337	         2.27337	     7.73253e-08	
         19.8654	         2.27134	         2.27134	      8.5368e-08	
         19.9141	         2.26918	         2.26918	     9.27481e-08	
         19.9627	         2.26705	         2.26705	      9.9074e-08	
         20.0114	         2.26505	         2.26505	     1.04049e-07	
         20.0601	         2.26321	         2.26321	     1.07512e-07	
         20.1088	         2.26155	         2.26155	     1.09472e-07	
         20.1575	         2.26008	         2.26008	     1.10097e-07	
         20.2062	          2.2588	          2.2588	     1.09671e-07	
         20.2549	         2.25769	         2.25769	     1.08532e-07	
         20.3036	         2.25676	         2.25676	     1.07007e-07	
         20.3523	           2.256	           2.256	      1.0538e-07	
          20.401	         2.25537	         2.25537	     1.03882e-07	
         20.4496	          2.2548	          2.2548	     1.02692e-07	
         20.4983	         2.25423	         2.25423	     1.01927e-07	
          20.547	         2.25359	         2.25359	     1.01634e-07	
         20.5957	          2.2529	          2.2529	     1.01784e-07	
         20.6444	         2.25223	         2.25223	     1.02289e-07	
         20.6931	         2.25172	         2.25172	      1.0303e-07	
         20.7418	         2.25152	         2.25152	     1.03884e-07	
         20.7905	         2.25177	         2.25177	     1.04746e-07	
         20.8392	         2.25253	         2.25253	     1.05531e-07	
         20.8879	         2.25377	         2.25377	     1.06186e-07	
         20.9365	         2.25539	         2.25539	      1.0669e-07	
         20.9852	         2.25727	         2.25727	     1.07045e-07	
         21.0339	         2.25929	         2.25929	     1.07262e-07	
         21.0826	         2.26136	         2.26136	     1.07331e-07	
         21.1313	         2.26345	         2.26345	     1.07208e-07	
           21.18	         2.26555	         2.26555	     1.06839e-07	
         21.2287	         2.26765	         2.26765	     1.06191e-07	
         21.2774	         2.26973	         2.26973	     1.05295e-07	
         21.3261	         2.27172	         2.27172	     1.04246e-07	
         21.3747	         2.27351	         2.27351	     1.03173e-07	
         21.4234	         2.27493	         2.27493	       1.022e-07	
         21.4721	         2.27584	         2.27584	     1.01416e-07	
         21.5208	         2.27611	         2.27611	     1.00881e-07	
         21.5695	         2.27567	         2.27567	     1.00639e-07	
         21.6182	          2.2746	          2.2746	     1.00724e-07	
         21.6669	         2.27307	         2.27307	     1.01134e-07	
         21.7156	         2.27135	         2.27135	     1.01807e-07	
         21.7643	         2.26971	         2.26971	     1.02612e-07	
          21.813	         2.26841	         2.26841	     1.03383e-07	
         21.8616	         2.26764	         2.26764	     1.03968e-07	
         21.9103	          2.2675	          2.2675	     1.04282e-07	
          21.959	         2.26799	         2.26799	     1.04315e-07	
         22.0077	         2.26905	         2.26905	     1.04109e-07	
         22.0564	         2.27055	         2.27055	     1.03698e-07	
         22.1051	         2.27235	         2.27235	     1.03079e-07	
         22.1538	         2.27427	         2.27427	     1.02217e-07	
         22.2025	          2.2761	          2.2761	     1.01093e-07	
         22.2512	         2.27762	         2.27762	     9.97737e-08	
         22.2999	         2.27862	         2.27862	     9.84418e-08	
         22.3485	         2.27893	         2.27893	     9.73902e-08	
         22.3972	         2.27842	         2.27842	      9.6971e-08	
         22.4459	         2.27705	         2.27705	      9.7519e-08	
         22.4946	         2.27487	         2.27487	      9.9268e-08	
         22.5433	         2.27199	         2.27199	     1.02281e-07	
          22.592	         2.26863	         2.26863	     1.06416e-07	
         22.6407	         2.26504	         2.26504	      1.1134e-07	
         22.6894	          2.2615	          2.2615	     1.16586e-07	
         22.7381	         2.25828	         2.25828	     1.21642e-07	
         22.7867	         2.25562	         2.25562	     1.26028e-07	
         22.8354	         2.25366	         2.25366	     1.29364e-07	
         22.8841	         2.25246	         2.25246	     1.31407e-07	
         22.9328	         2.25197	         2.25197	     1.32072e-07	
         22.9815	           2.252	           2.252	      1.3143e-07	
         23.0302	         2.25227	         2.25227	     1.29682e-07	
         23.0789	         2.25249	         2.25249	     1.27104e-07	
         23.1276	         2.25237	         2.25237	     1.23987e-07	
         23.1763	         2.25173	         2.25173	     1.20599e-07	
          23.225	         2.25044	         2.25044	     1.17186e-07	
         23.2736	         2.24851	         2.24851	     1.13985e-07	
         23.3223	         2.24607	         2.24607	     1.11223e-07	
          23.371	         2.24336	         2.24336	     1.09089e-07	
         23.4197	         2.24072	         2.24072	     1.07682e-07	
         23.4684	         2.23861	         2.23861	      1.0697e-07	
         23.5171	          2.2375	          2.2375	      1.0678e-07	
         23.5658	          2.2379	          2.2379	     1.06831e-07	
         23.6145	         2.24019	         2.24019	     1.06814e-07	
         23.6632	         2.24462	         2.24462	     1.06489e-07	
         23.7119	          2.2512	          2.2512	     1.05791e-07	
         23.7605	         2.25965	         2.25965	      1.0489e-07	
         23.8092	         2.26942	         2.26942	     1.04136e-07	
         23.8579	         2.27977	         2.27977	     1.03925e-07	
         23.9066	         2.28995	         2.28995	     1.04549e-07	
         23.9553	         2.29927	         2.29927	     1.06097e-07	
          24.004	         2.30718	         2.30718	     1.08425e-07	
         24.0527	         2.31327	         2.31327	     1.11183e-07	
         24.1014	         2.31727	         2.31727	     1.13911e-07	
         24.1501	         2.31906	         2.31906	      1.1615e-07	
         24.1987	         2.31862	         2.31862	      1.1754e-07	
         24.2474	         2.31608	         2.31608	     1.17879e-07	
         24.2961	         2.31166	         2.31166	     1.17117e-07	
         24.3448	          2.3057	          2.3057	     1.15328e-07	
         24.3935	         2.29864	         2.29864	     1.12658e-07	
         24.4422	         2.29096	         2.29096	     1.09296e-07	
         24.4909	         2.28316	         2.28316	     1.05464e-07	
         24.5396	         2.27566	         2.27566	     1.01416e-07	
         24.5883	         2.26883	         2.26883	      9.7416e-08	
          24.637	         2.26291	         2.26291	     9.37063e-08	
         24.6856	         2.25803	         2.25803	     9.04705e-08	
         24.7343	         2.25425	         2.25425	     8.78201e-08	
          24.783	         2.25157	         2.25157	     8.57895e-08	
         24.8317	         2.24998	         2.24998	     8.43367e-08	
         24.8804	         2.24947	         2.24947	     8.33528e-08	
         24.9291	          2.2501	          2.2501	     8.26867e-08	
         24.9778	         2.25199	         2.25199	     8.21691e-08	
         25.0265	         2.25525	         2.25525	     8.16243e-08	
         25.0752	         2.25995	         2.25995	     8.08749e-08	
         25.1239	         2.26599	         2.26599	     7.97554e-08	
         25.1725	         2.27307	         2.27307	     7.81399e-08	
         25.2212	         2.28072	         2.28072	     7.59658e-08	
         25.2699	         2.28834	         2.28834	     7.32367e-08	
         25.3186	         2.29532	         2.29532	     7.00071e-08	
         25.3673	         2.30114	         2.30114	      6.6365e-08	
          25.416	         2.30544	         2.30544	     6.24176e-08	
         25.4647	         2.30808	         2.30808	      5.8283e-08	
         25.5134	         2.30908	         2.30908	     5.40849e-08	
         25.5621	         2.30867	         2.30867	     4.99545e-08	
         25.6107	         2.30711	         2.30711	     4.60396e-08	
         25.6594	         2.30471	         2.30471	     4.25125e-08	
         25.7081	         2.30173	         2.30173	     3.95713e-08	
         25.7568	         2.29835	         2.29835	     3.74358e-08	
         25.8055	         2.29469	         2.29469	     3.63465e-08	
         25.8542	         2.29079	         2.29079	     3.65552e-08	
         25.9029	         2.28668	         2.28668	     3.82748e-08	
         25.9516	         2.28241	         2.28241	     4.15949e-08	
         26.0003	         2.27808	         2.27808	     4.64052e-08	
          26.049	         2.27389	         2.27389	     5.23691e-08	
         26.0976	         2.27011	         2.27011	     5.89523e-08	
         26.1463	         2.26711	         2.26711	     6.55026e-08	
          26.195	         2.26525	         2.26525	      7.1383e-08	
         26.2437	          2.2648	          2.2648	     7.61456e-08	
         26.2924	         2.26585	         2.26585	     7.96715e-08	
         26.3411	         2.26827	         2.26827	     8.21699e-08	
         26.3898	         2.27169	         2.27169	     8.40262e-08	
         26.4385	         2.27565	         2.27565	     8.56154e-08	
         26.4872	         2.27965	         2.27965	     8.71883e-08	
         26.5358	          2.2833	          2.2833	     8.88382e-08	
         26.5845	          2.2863	          2.2863	     9.04996e-08	
         26.6332	         2.28851	         2.28851	     9.19559e-08	
         26.6819	         2.28991	         2.28991	     9.28608e-08	
         26.7306	         2.29056	         2.29056	     9.27947e-08	
         26.7793	         2.29063	         2.29063	     9.13619e-08	
          26.828	         2.29031	         2.29031	     8.83091e-08	
         26.8767	         2.28982	         2.28982	     8.36292e-08	
         26.9254	         2.28939	         2.28939	      7.7609e-08	
         26.9741	         2.28925	         2.28925	     7.07999e-08	
         27.0227	         2.28957	         2.28957	     6.39269e-08	
         27.0714	         2.29046	         2.29046	     5.77754e-08	
         27.1201	         2.29194	         2.29194	     5.30863e-08	
         27.1688	         2.29396	         2.29396	     5.04558e-08	
         27.2175	         2.29642	         2.29642	     5.02362e-08	
         27.2662	         2.29912	         2.29912	     5.24626e-08	
         27.3149	         2.30188	         2.30188	      5.6845e-08	
         27.3636	          2.3045	          2.3045	      6.2836e-08	
         27.4123	         2.30681	         2.30681	     6.97453e-08	
          27.461	         2.30872	         2.30872	     7.68665e-08	
         27.5096	         2.31016	         2.31016	     8.35861e-08	
         27.5583	         2.31112	         2.31112	     8.94593e-08	
          27.607	         2.31163	         2.31163	     9.42411e-08	
         27.6557	         2.31171	         2.31171	     9.78738e-08	
         27.7044	         2.31139	         2.31139	     1.00442e-07	
         27.7531	         2.31074	         2.31074	      1.0211e-07	
         27.8018	         2.30985	         2.30985	      1.0307e-07	
         27.8505	         2.30883	         2.30883	     1.03496e-07	
         27.8992	         2.30781	         2.30781	     1.03534e-07	
         27.9478	         2.30687	         2.30687	     1.03292e-07	
         27.9965	         2.30608	         2.30608	     1.02869e-07	
         28.0452	         2.30547	         2.30547	     1.02372e-07	
         28.0939	         2.30502	         2.30502	     1.01924e-07	
         28.1426	         2.30474	         2.30474	     1.01649e-07	
         28.1913	         2.30469	         2.30469	     1.01621e-07	
           28.24	         2.30496	         2.30496	     1.01822e-07	
         28.2887	         2.30566	         2.30566	     1.02106e-07	
         28.3374	          2.3069	          2.3069	     1.02188e-07	
         28.3861	         2.30875	         2.30875	     1.01667e-07	
         28.4347	         2.31116	         2.31116	     1.00098e-07	
         28.4834	         2.31395	         2.31395	     9.70998e-08	
         28.5321	         2.31684	         2.31684	     9.25023e-08	
         28.5808	         2.31949	         2.31949	     8.64635e-08	
         28.6295	         2.32154	         2.32154	     7.94922e-08	
         28.6782	         2.32267	         2.32267	     7.23468e-08	
         28.7269	         2.32266	         2.32266	     6.58481e-08	
         28.7756	         2.32142	         2.32142	     6.06893e-08	
         28.8243	         2.31903	         2.31903	     5.73112e-08	
          28.873	         2.31568	         2.31568	     5.58602e-08	
         28.9216	          2.3117	          2.3117	     5.62144e-08	
         28.9703	         2.30741	         2.30741	     5.80553e-08	
          29.019	         2.30315	         2.30315	     6.09656e-08	
         29.0677	         2.29914	         2.29914	     6.45245e-08	
         29.1164	         2.29551	         2.29551	      6.8366e-08	
         29.1651	         2.29231	         2.29231	     7.21805e-08	
         29.2138	         2.28952	         2.28952	     7.56836e-08	
         29.2625	         2.28713	         2.28713	     7.85917e-08	
         29.3112	         2.28511	         2.28511	     8.06291e-08	
         29.3598	         2.28346	         2.28346	     8.15614e-08	
         29.4085	         2.28218	         2.28218	     8.12366e-08	
         29.4572	         2.28128	         2.28128	       7.962e-08	
         29.5059	          2.2807	          2.2807	     7.68067e-08	
         29.5546	         2.28035	         2.28035	     7.30039e-08	
         29.6033	         2.28013	         2.28012	     6.84836e-08	
          29.652	          2.2799	          2.2799	     6.35356e-08	
         29.7007	         2.27959	         2.27959	     5.84493e-08	
         29.7494	         2.27921	         2.27921	     5.35297e-08	
         29.7981	         2.27884	         2.27884	     4.91231e-08	
         29.8467	         2.27865	         2.27865	     4.56167e-08	
         29.8954	         2.27887	         2.27887	     4.33991e-08	
         29.9441	         2.27975	         2.27975	     4.27985e-08	
         29.9928	         2.28147	         2.28147	     4.40243e-08	
         30.0415	         2.28412	         2.28412	     4.71333e-08	
         30.0902	         2.28761	         2.28761	     5.20256e-08	
         30.1389	         2.29173	         2.29173	     5.84706e-08	
         30.1876	         2.29612	         2.29612	     6.61488e-08	
         30.2363	         2.30042	         2.30042	     7.46857e-08	
          30.285	         2.30427	         2.30427	     8.36562e-08	
         30.3336	         2.30744	         2.30744	     9.25657e-08	
         30.3823	         2.30984	         2.30984	     1.00837e-07	
          30.431	         2.31154	         2.31154	     1.07836e-07	
         30.4797	          2.3127	          2.3127	     1.12956e-07	
         30.5284	         2.31359	         2.31359	     1.15737e-07	
         30.5771	         2.31445	         2.31445	     1.15985e-07	
         30.6258	         2.31544	         2.31544	     1.13824e-07	
         30.6745	          2.3166	          2.3166	     1.09669e-07	
         30.7232	         2.31785	         2.31785	      1.0412e-07	
         30.7718	         2.31902	         2.31902	     9.78334e-08	
         30.8205	         2.31982	         2.31982	      9.1427e-08	
         30.8692	         2.31994	         2.31994	     8.54143e-08	
         30.9179	         2.31907	         2.31907	     8.01781e-08	
         30.9666	         2.31697	         2.31697	     7.59637e-08	
         31.0153	         2.31347	         2.31347	     7.28898e-08	
          31.064	         2.30859	         2.30859	     7.09808e-08	
         31.1127	         2.30255	         2.30255	     7.02177e-08	
         31.1614	         2.29573	         2.29573	     7.05894e-08	
         31.2101	         2.28868	         2.28868	     7.21122e-08	
         31.2587	         2.28199	         2.28198	     7.47895e-08	
         31.3074	         2.27622	         2.27622	     7.85192e-08	
         31.3561	         2.27183	         2.27183	     8.29998e-08	
         31.4048	         2.26908	         2.26908	     8.76989e-08	
         31.4535	         2.26803	         2.26803	     9.19185e-08	
         31.5022	         2.26861	         2.26861	     9.49304e-08	
         31.5509	         2.27062	         2.27062	     9.61279e-08	
         31.5996	         2.27382	         2.27382	     9.51492e-08	
         31.6483	         2.27798	         2.27798	      9.1953e-08	
          31.697	         2.28287	         2.28287	     8.68262e-08	
         31.7456	         2.28832	         2.28832	     8.03217e-08	
         31.7943	         2.29415	         2.29415	     7.31373e-08	
          31.843	         2.30022	         2.30022	     6.59694e-08	
         31.8917	         2.30633	         2.30633	     5.93753e-08	
         31.9404	         2.31224	         2.31224	      5.3687e-08	
         31.9891	         2.31767	         2.31767	     4.90104e-08	
         32.0378	         2.32226	         2.32226	     4.53032e-08	
         32.0865	         2.32569	         2.32569	     4.24792e-08	
         32.1352	         2.32768	         2.32768	     4.04811e-08	
         32.1838	         2.32805	         2.32805	     3.93075e-08	
         32.2325	         2.32679	         2.32679	     3.90061e-08	
         32.2812	         2.32407	         2.32407	     3.96435e-08	
         32.3299	         2.32019	         2.32019	     4.12505e-08	
         32.3786	         2.31557	         2.31557	     4.37459e-08	
         32.4273	         2.31069	         2.31069	     4.68734e-08	
          32.476	         2.30601	         2.30601	      5.0211e-08	
         32.5247	         2.30198	         2.30198	     5.32749e-08	
         32.5734	         2.29894	         2.29894	     5.56678e-08	
         32.6221	         2.29716	         2.29716	     5.72016e-08	
         32.6707	         2.29677	         2.29677	      5.7943e-08	
         32.7194	         2.29776	         2.29776	     5.81759e-08	
         32.7681	         2.30002	         2.30002	     5.83099e-08	
         32.8168	         2.30332	         2.30332	     5.87716e-08	
         32.8655	         2.30737	         2.30737	      5.9913e-08	
         32.9142	         2.31184	         2.31184	     6.19544e-08	
         32.9629	         2.31632	         2.31632	     6.49519e-08	
         33.0116	         2.32041	         2.32041	     6.87833e-08	
         33.0603	         2.32374	         2.32374	     7.31601e-08	
         33.1089	         2.32603	         2.32603	      7.7677e-08	
         33.1576	          2.3271	          2.3271	     8.18859e-08	
         33.2063	         2.32686	         2.32686	     8.53679e-08	
          33.255	         2.32537	         2.32537	     8.77795e-08	
         33.3037	         2.32277	         2.32277	     8.88715e-08	
         33.3524	         2.31926	         2.31926	     8.84951e-08	
         33.4011	         2.31514	         2.31514	     8.66089e-08	
         33.4498	         2.31072	         2.31072	     8.32888e-08	
         33.4985	         2.30633	         2.30633	     7.87306e-08	
         33.5472	         2.30228	         2.30228	     7.32399e-08	
         33.5958	         2.29886	         2.29886	     6.72092e-08	
         33.6445	         2.29632	         2.29632	     6.10861e-08	
         33.6932	         2.29475	         2.29475	     5.53361e-08	
         33.7419	         2.29415	         2.29415	     5.04031e-08	
         33.7906	         2.29432	         2.29432	     4.66737e-08	
         33.8393	         2.29498	         2.29498	     4.44474e-08	
          33.888	         2.29577	         2.29577	      4.3914e-08	
         33.9367	         2.29636	         2.29636	       4.513e-08	
         33.9854	         2.29652	         2.29652	     4.79899e-08	
         34.0341	         2.29613	         2.29613	     5.22017e-08	
         34.0827	         2.29521	         2.29521	     5.72955e-08	
         34.1314	         2.29383	         2.29383	     6.26914e-08	
         34.1801	         2.29213	         2.29213	     6.78211e-08	
         34.2288	         2.29021	         2.29021	     7.22618e-08	
         34.2775	         2.28817	         2.28817	     7.58267e-08	
         34.3262	         2.28611	         2.28611	     7.85743e-08	
         34.3749	         2.28413	         2.28413	     8.07435e-08	
         34.4236	         2.28244	         2.28244	     8.26453e-08	
         34.4723	         2.28131	         2.28131	     8.45469e-08	
         34.5209	         2.28106	         2.28106	     8.65785e-08	
         34.5696	         2.28201	         2.28201	     8.86995e-08	
         34.6183	         2.28437	         2.28437	     9.07399e-08	
          34.667	          2.2882	          2.2882	     9.24958e-08	
         34.7157	         2.29333	         2.29333	      9.3821e-08	
         34.7644	         2.29938	         2.29938	     9.46728e-08	
         34.8131	         2.30587	         2.30587	     9.51221e-08	
         34.8618	         2.31229	         2.31229	     9.53517e-08	
         34.9105	         2.31823	         2.31823	       9.564e-08	
         34.9592	         2.32337	         2.32337	     9.63106e-08	
         35.0078	         2.32755	         2.32755	     9.76417e-08	
         35.0565	          2.3307	          2.3307	     9.97661e-08	
         35.1052	         2.33283	         2.33283	     1.02609e-07	
         35.1539	         2.33394	         2.33394	     1.05898e-07	
         35.2026	         2.33404	         2.33404	     1.09231e-07	
         35.2513	         2.33315	         2.33315	     1.12182e-07	
            35.3	         2.33132	         2.33132	     1.14397e-07	
         35.3487	         2.32868	         2.32868	     1.15671e-07	
         35.3974	         2.32546	         2.32546	      1.1599e-07	
         35.4461	           2.322	           2.322	      1.1553e-07	
         35.4947	         2.31867	         2.31867	     1.14608e-07	
         35.5434	         2.31579	         2.31579	     1.13594e-07	
         35.5921	         2.31362	         2.31362	     1.12819e-07	
         35.6408	         2.31227	         2.31227	     1.12481e-07	
         35.6895	         2.31174	         2.31174	     1.12584e-07	
         35.7382	         2.31192	         2.31192	     1.12925e-07	
         35.7869	         2.31259	         2.31259	     1.13172e-07	
         35.8356	         2.31348	         2.31348	     1.13002e-07	
         35.8843	         2.31426	         2.31426	     1.12249e-07	
         35.9329	          2.3146	          2.3146	     1.10988e-07	
         35.9816	          2.3142	          2.3142	     1.09513e-07	
         36.0303	         2.31283	         2.31283	     1.08233e-07	
          36.079	         2.31042	         2.31042	     1.07544e-07	
         36.1277	         2.30709	         2.30709	     1.07696e-07	
         36.1764	         2.30313	         2.30313	     1.08717e-07	
         36.2251	         2.29904	         2.29904	      1.1038e-07	
         36.2738	         2.29544	         2.29544	     1.12223e-07	
         36.3225	         2.29295	         2.29295	     1.13616e-07	
         36.3712	         2.29209	         2.29209	     1.13883e-07	
         36.4198	         2.29315	         2.29315	     1.12488e-07	
         36.4685	         2.29612	         2.29612	     1.09237e-07	
         36.5172	         2.30069	         2.30069	     1.04394e-07	
         36.5659	         2.30633	         2.30633	     9.86261e-08	
         36.6146	         2.31237	         2.31237	     9.28252e-08	
         36.6633	         2.31814	         2.31814	     8.79117e-08	
          36.712	         2.32301	         2.32301	     8.46734e-08	
         36.7607	         2.32649	         2.32649	     8.36659e-08	
         36.8094	         2.32826	         2.32826	     8.51547e-08	
         36.8581	         2.32823	         2.32823	     8.90861e-08	
         36.9067	         2.32645	         2.32645	     9.50789e-08	
         36.9554	         2.32317	         2.32317	      1.0245e-07	
         37.0041	         2.31872	         2.31872	      1.1029e-07	
         37.0528	         2.31344	         2.31344	     1.17597e-07	
         37.1015	         2.30761	         2.30761	      1.2344e-07	
         37.1502	         2.30138	         2.30138	     1.27125e-07	
         37.1989	         2.29481	         2.29481	     1.28319e-07	
         37.2476	         2.28786	         2.28786	     1.27109e-07	
         37.2963	         2.28053	         2.28053	     1.23976e-07	
         37.3449	         2.27292	         2.27292	     1.19688e-07	
         37.3936	         2.26525	         2.26525	     1.15114e-07	
         37.4423	         2.25783	         2.25783	     1.11039e-07	
          37.491	         2.25106	         2.25106	     1.08006e-07	
         37.5397	         2.24525	         2.24525	     1.06232e-07	
         37.5884	         2.24068	         2.24068	     1.05623e-07	
         37.6371	          2.2375	          2.2375	      1.0588e-07	
         37.6858	         2.23581	         2.23581	     1.06633e-07	
         37.7345	         2.23563	         2.23563	     1.07562e-07	
         37.7832	         2.23697	         2.23697	     1.08453e-07	
         37.8318	         2.23977	         2.23977	     1.09194e-07	
         37.8805	         2.24389	         2.24389	     1.09759e-07	
         37.9292	         2.24906	         2.24906	     1.10189e-07	
         37.9779	         2.25494	         2.25494	     1.10594e-07	
         38.0266	         2.26112	         2.26112	     1.11155e-07	
         38.0753	         2.26717	         2.26717	     1.12078e-07	
          38.124	         2.27272	         2.27272	     1.13498e-07	
         38.1727	         2.27748	         2.27748	      1.1539e-07	
         38.2214	         2.28124	         2.28124	     1.17536e-07	
         38.2701	         2.28394	         2.28394	     1.19576e-07	
         38.3187	         2.28567	         2.28567	     1.21139e-07	
         38.3674	         2.28666	         2.28666	     1.21975e-07	
         38.4161	         2.28728	         2.28728	     1.22048e-07	
         38.4648	         2.28798	         2.28798	     1.21543e-07	
         38.5135	         2.28916	         2.28916	     1.20786e-07	
         38.5622	         2.29111	         2.29111	     1.20108e-07	
         38.6109	         2.29393	         2.29393	     1.19715e-07	
         38.6596	         2.29748	         2.29748	     1.19618e-07	
         38.7083	         2.30147	         2.30147	     1.19657e-07	
         38.7569	         2.30556	         2.30556	     1.19595e-07	
         38.8056	         2.30937	         2.30937	     1.19239e-07	
         38.8543	         2.31262	         2.31262	      1.1854e-07	
          38.903	          2.3151	          2.3151	     1.17645e-07	
         38.9517	         2.31667	         2.31667	     1.16893e-07	
         39.0004	         2.31732	         2.31732	     1.16771e-07	
         39.0491	         2.31713	         2.31713	     1.17821e-07	
         39.0978	         2.31627	         2.31627	     1.20516e-07	
         39.1465	         2.31498	         2.31498	      1.2513e-07	
         39.1952	         2.31347	         2.31347	     1.31645e-07	
         39.2438	         2.31191	         2.31191	      1.3972e-07	
         39.2925	         2.31041	         2.31041	     1.48732e-07	
         39.3412	         2.30902	         2.30902	     1.57888e-07	
         39.3899	         2.30775	         2.30774	     1.66359e-07	
         39.4386	         2.30664	         2.30664	     1.73419e-07	
         39.4873	         2.30579	         2.30579	     1.78548e-07	
          39.536	         2.30529	         2.30529	     1.81476e-07	
         39.5847	         2.30527	         2.30527	      1.8217e-07	
         39.6334	         2.30583	         2.30583	     1.80771e-07	
         39.6821	         2.30705	         2.30705	     1.77512e-07	
         39.7307	         2.30898	         2.30898	     1.72624e-07	
         39.7794	         2.31163	         2.31163	     1.66278e-07	
         39.8281	         2.31496	         2.31496	     1.58588e-07	
         39.8768	         2.31888	         2.31888	     1.49687e-07	
         39.9255	         2.32321	         2.32321	     1.39832e-07	
         39.9742	         2.32773	         2.32773	     1.29436e-07	
         40.0229	         2.33219	         2.33219	      1.1902e-07	
         40.0716	         2.33631	         2.33631	      1.0911e-07	
         40.1203	         2.33985	         2.33985	      1.0016e-07	
         40.1689	         2.34258	         2.34258	     9.25094e-08	
         40.2176	         2.34439	         2.34439	     8.63667e-08	
         40.2663	         2.34521	         2.34521	     8.18144e-08	
          40.315	         2.34505	         2.34505	     7.88192e-08	
         40.3637	         2.34401	         2.34401	     7.72528e-08	
         40.4124	         2.34225	         2.34225	     7.69125e-08	
         40.4611	         2.33996	         2.33996	      7.7537e-08	
         40.5098	         2.33736	         2.33736	     7.88274e-08	
         40.5585	         2.33465	         2.33465	     8.04845e-08	
         40.6072	         2.33198	         2.33198	     8.22702e-08	
         40.6558	         2.32944	         2.32944	      8.4073e-08	
         40.7045	         2.32704	         2.32704	     8.59461e-08	
         40.7532	          2.3248	          2.3248	      8.8087e-08	
         40.8019	         2.32277	         2.32277	     9.07565e-08	
         40.8506	         2.32103	         2.32103	     9.41616e-08	
         40.8993	         2.31969	         2.31969	     9.83447e-08	
          40.948	         2.31891	         2.31891	     1.03134e-07	
         40.9967	         2.31881	         2.31881	     1.08193e-07	
         41.0454	         2.31951	         2.31951	     1.13155e-07	
          41.094	         2.32104	         2.32104	     1.17745e-07	
         41.1427	         2.32345	         2.32345	      1.2183e-07	
         41.1914	         2.32671	         2.32671	     1.25383e-07	
