       0.0486896	      0.00181135	      0.00181135	     6.26711e-09	
       0.0973793	      0.00640596	      0.00640594	     2.26039e-08	
        0.146069	       0.0134806	       0.0134805	     4.78649e-08	
        0.194759	       0.0231423	       0.0231422	     8.08664e-08	
        0.243448	       0.0357878	       0.0357877	     1.20406e-07	
        0.292138	       0.0520523	       0.0520522	     1.64253e-07	
        0.340827	       0.0727171	       0.0727169	     2.11121e-07	
        0.389517	       0.0985613	        0.098561	     2.59366e-07	
        0.438207	        0.130179	        0.130179	      3.0835e-07	
        0.486896	        0.167813	        0.167812	     3.58896e-07	
        0.535586	        0.211248	        0.211248	     4.09678e-07	
        0.584276	        0.259796	        0.259795	      4.6832e-07	
        0.632965	        0.312344	        0.312343	     5.27382e-07	
        0.681655	        0.367469	        0.367468	     5.86627e-07	
        0.730344	        0.423572	        0.423571	     6.41094e-07	
        0.779034	         0.47902	        0.479019	     6.83396e-07	
        0.827724	        0.532276	        0.532275	      7.0391e-07	
        0.876413	        0.582003	        0.582003	     6.91563e-07	
        0.925103	        0.627146	        0.627145	     6.35649e-07	
        0.973793	        0.666977	        0.666976	     5.26028e-07	
         1.02248	        0.701122	        0.701121	     3.55514e-07	
         1.07117	        0.729562	        0.729562	     1.20943e-07	
         1.11986	        0.752617	        0.752618	    -1.75852e-07	
         1.16855	        0.770914	        0.770915	    -5.27518e-07	
         1.21724	        0.785333	        0.785334	     -9.2115e-07	
         1.26593	         0.79694	        0.796941	    -1.33872e-06	
         1.31462	        0.806901	        0.806902	    -1.75794e-06	
         1.36331	        0.816379	        0.816381	    -2.15361e-06	
           1.412	        0.826428	        0.826431	    -2.49944e-06	
         1.46069	        0.837895	        0.837898	    -2.77041e-06	
         1.50938	         0.85134	        0.851343	    -2.94548e-06	
         1.55807	        0.867004	        0.867007	    -3.01038e-06	
         1.60676	        0.884814	        0.884817	    -2.95997e-06	
         1.65545	         0.90443	        0.904433	    -2.79965e-06	
         1.70414	        0.925326	        0.925329	    -2.54566e-06	
         1.75283	        0.946872	        0.946875	    -2.22404e-06	
         1.80152	         0.96842	        0.968421	    -1.86848e-06	
         1.85021	        0.989365	        0.989367	     -1.5172e-06	
          1.8989	          1.0092	          1.0092	    -1.20907e-06	
         1.94759	         1.02753	         1.02753	    -9.79539e-07	
         1.99627	          1.0441	          1.0441	    -8.56813e-07	
         2.04496	         1.05876	         1.05876	    -8.59287e-07	
         2.09365	         1.07149	         1.07149	    -9.94623e-07	
         2.14234	         1.08236	         1.08236	    -1.26009e-06	
         2.19103	         1.09153	         1.09153	      -1.643e-06	
         2.23972	         1.09924	         1.09924	     -2.1215e-06	
         2.28841	         1.10579	         1.10579	    -2.66655e-06	
          2.3371	         1.11157	         1.11157	    -3.24449e-06	
         2.38579	           1.117	           1.117	    -3.81835e-06	
         2.43448	         1.12255	         1.12256	     -4.3485e-06	
         2.48317	          1.1287	         1.12871	    -4.79702e-06	
         2.53186	         1.13588	         1.13588	    -5.13762e-06	
         2.58055	         1.14443	         1.14444	    -5.36383e-06	
         2.62924	         1.15462	         1.15463	    -5.48751e-06	
         2.67793	         1.16657	         1.16657	    -5.52948e-06	
         2.72662	         1.18025	         1.18025	    -5.51059e-06	
         2.77531	         1.19549	          1.1955	    -5.44796e-06	
           2.824	         1.21197	         1.21197	    -5.35599e-06	
         2.87269	         1.22922	         1.22923	    -5.24918e-06	
         2.92138	         1.24671	         1.24671	    -5.14476e-06	
         2.97007	          1.2638	          1.2638	    -5.06432e-06	
         3.01876	         1.27987	         1.27987	    -5.03427e-06	
         3.06745	         1.29433	         1.29434	    -5.08451e-06	
         3.11614	          1.3067	          1.3067	    -5.24539e-06	
         3.16483	         1.31659	          1.3166	    -5.54326e-06	
         3.21352	         1.32384	         1.32384	    -5.99497e-06	
         3.26221	         1.32843	         1.32844	    -6.60212e-06	
         3.31089	          1.3306	         1.33061	    -7.34639e-06	
         3.35958	         1.33079	          1.3308	    -8.18787e-06	
         3.40827	         1.32961	         1.32962	    -9.06753e-06	
         3.45696	         1.32781	         1.32782	    -9.91309e-06	
         3.50565	         1.32622	         1.32623	    -1.06466e-05	
         3.55434	         1.32566	         1.32567	    -1.11921e-05	
         3.60303	          1.3269	         1.32691	    -1.14827e-05	
         3.65172	         1.33057	         1.33058	    -1.14658e-05	
         3.70041	         1.33713	         1.33714	    -1.11071e-05	
          3.7491	         1.34683	         1.34684	    -1.03971e-05	
         3.79779	         1.35967	         1.35968	    -9.36014e-06	
         3.84648	         1.37544	         1.37545	    -8.06459e-06	
         3.89517	         1.39368	         1.39369	    -6.62298e-06	
         3.94386	         1.41374	         1.41375	    -5.16982e-06	
         3.99255	         1.43486	         1.43487	    -3.82694e-06	
         4.04124	         1.45624	         1.45624	       -2.68e-06	
         4.08993	         1.47714	         1.47714	    -1.77503e-06	
         4.13862	         1.49692	         1.49692	      -1.127e-06	
         4.18731	         1.51512	         1.51512	    -7.29984e-07	
           4.236	         1.53147	         1.53147	    -5.63614e-07	
         4.28469	          1.5459	          1.5459	    -5.95001e-07	
         4.33338	          1.5585	          1.5585	    -7.77667e-07	
         4.38207	         1.56955	         1.56955	    -1.04963e-06	
         4.43076	          1.5794	          1.5794	    -1.33229e-06	
         4.47945	         1.58848	         1.58849	    -1.53137e-06	
         4.52814	         1.59724	         1.59724	     -1.5411e-06	
         4.57683	         1.60609	         1.60609	    -1.25373e-06	
         4.62552	         1.61543	         1.61543	    -5.76015e-07	
          4.6742	         1.62558	         1.62558	     5.48444e-07	
         4.72289	         1.63682	         1.63682	     2.11774e-06	
         4.77158	         1.64933	         1.64933	      4.0618e-06	
         4.82027	         1.66319	         1.66319	     6.25115e-06	
         4.86896	         1.67838	         1.67837	      8.5219e-06	
         4.91765	         1.69475	         1.69474	     1.07078e-05	
         4.96634	         1.71209	         1.71208	      1.2671e-05	
         5.01503	         1.73011	         1.73009	     1.43246e-05	
         5.06372	         1.74847	         1.74846	     1.56397e-05	
         5.11241	         1.76687	         1.76685	     1.66319e-05	
          5.1611	         1.78504	         1.78502	     1.73356e-05	
         5.20979	         1.80282	          1.8028	     1.77775e-05	
         5.25848	         1.82015	         1.82013	     1.79647e-05	
         5.30717	         1.83708	         1.83706	     1.78919e-05	
         5.35586	          1.8537	         1.85369	     1.75597e-05	
         5.40455	         1.87013	         1.87012	      1.6992e-05	
         5.45324	         1.88643	         1.88641	     1.62418e-05	
         5.50193	         1.90258	         1.90256	     1.53856e-05	
         5.55062	         1.91845	         1.91844	     1.45126e-05	
         5.59931	         1.93386	         1.93384	     1.37141e-05	
           5.648	         1.94851	          1.9485	     1.30747e-05	
         5.69669	          1.9621	         1.96209	     1.26626e-05	
         5.74538	         1.97432	         1.97431	       1.252e-05	
         5.79407	          1.9849	         1.98489	      1.2655e-05	
         5.84276	         1.99363	         1.99362	     1.30389e-05	
         5.89145	         2.00038	         2.00036	     1.36105e-05	
         5.94014	         2.00511	         2.00509	      1.4283e-05	
         5.98882	          2.0079	         2.00789	     1.49531e-05	
         6.03751	         2.00895	         2.00893	     1.55117e-05	
          6.0862	         2.00854	         2.00853	     1.58594e-05	
         6.13489	         2.00705	         2.00704	     1.59244e-05	
         6.18358	         2.00489	         2.00488	     1.56782e-05	
         6.23227	         2.00248	         2.00246	     1.51423e-05	
         6.28096	         2.00017	         2.00015	     1.43826e-05	
         6.32965	         1.99825	         1.99823	     1.34935e-05	
         6.37834	         1.99692	          1.9969	     1.25769e-05	
         6.42703	         1.99629	         1.99628	     1.17237e-05	
         6.47572	         1.99643	         1.99641	     1.10048e-05	
         6.52441	         1.99733	         1.99732	     1.04745e-05	
          6.5731	         1.99902	         1.99901	     1.01761e-05	
         6.62179	         2.00154	         2.00152	     1.01443e-05	
         6.67048	         2.00493	         2.00492	     1.04028e-05	
         6.71917	         2.00928	         2.00927	     1.09585e-05	
         6.76786	         2.01463	         2.01462	     1.17982e-05	
         6.81655	         2.02096	         2.02094	     1.28861e-05	
         6.86524	         2.02813	         2.02811	     1.41666e-05	
         6.91393	         2.03588	         2.03586	     1.55676e-05	
         6.96262	         2.04386	         2.04384	     1.70052e-05	
         7.01131	         2.05164	         2.05162	     1.83848e-05	
            7.06	         2.05881	         2.05879	     1.96017e-05	
         7.10869	         2.06497	         2.06495	     2.05407e-05	
         7.15738	         2.06983	          2.0698	     2.10793e-05	
         7.20607	         2.07319	         2.07317	     2.11002e-05	
         7.25476	         2.07503	         2.07501	      2.0515e-05	
         7.30344	         2.07546	         2.07544	     1.92949e-05	
         7.35213	         2.07472	          2.0747	     1.74968e-05	
         7.40082	         2.07314	         2.07312	     1.52731e-05	
         7.44951	         2.07106	         2.07104	     1.28582e-05	
          7.4982	         2.06879	         2.06878	      1.0534e-05	
         7.54689	         2.06656	         2.06655	     8.58156e-06	
         7.59558	          2.0645	          2.0645	     7.23324e-06	
         7.64427	          2.0627	          2.0627	     6.63613e-06	
         7.69296	         2.06126	         2.06125	     6.83342e-06	
         7.74165	         2.06034	         2.06034	     7.76495e-06	
         7.79034	         2.06023	         2.06023	     9.28619e-06	
         7.83903	         2.06126	         2.06125	      1.1203e-05	
         7.88772	         2.06375	         2.06374	     1.33134e-05	
         7.93641	         2.06796	         2.06794	     1.54416e-05	
          7.9851	         2.07395	         2.07393	     1.74534e-05	
         8.03379	         2.08161	          2.0816	     1.92545e-05	
         8.08248	         2.09062	          2.0906	     2.07805e-05	
         8.13117	         2.10047	         2.10045	     2.19848e-05	
         8.17986	         2.11061	         2.11059	     2.28305e-05	
         8.22855	         2.12051	         2.12049	     2.32892e-05	
         8.27724	         2.12975	         2.12973	     2.33457e-05	
         8.32593	          2.1381	         2.13808	     2.30052e-05	
         8.37462	          2.1455	         2.14548	     2.22983e-05	
         8.42331	         2.15206	         2.15204	     2.12802e-05	
           8.472	         2.15797	         2.15795	     2.00231e-05	
         8.52069	          2.1634	         2.16338	     1.86052e-05	
         8.56938	         2.16844	         2.16842	     1.70999e-05	
         8.61806	         2.17302	         2.17301	      1.5572e-05	
         8.66675	         2.17695	         2.17693	     1.40804e-05	
         8.71544	         2.17993	         2.17992	     1.26827e-05	
         8.76413	          2.1817	         2.18169	     1.14399e-05	
         8.81282	         2.18208	         2.18207	     1.04193e-05	
         8.86151	         2.18107	         2.18106	      9.6922e-06	
          8.9102	         2.17882	         2.17881	     9.32569e-06	
         8.95889	         2.17565	         2.17564	     9.36926e-06	
         9.00758	         2.17197	         2.17196	     9.84227e-06	
         9.05627	         2.16824	         2.16823	     1.07265e-05	
         9.10496	         2.16489	         2.16488	     1.19651e-05	
         9.15365	         2.16228	         2.16227	     1.34684e-05	
         9.20234	         2.16061	         2.16059	     1.51264e-05	
         9.25103	         2.15994	         2.15992	     1.68292e-05	
         9.29972	         2.16018	         2.16017	     1.84906e-05	
         9.34841	         2.16118	         2.16116	     2.00622e-05	
          9.3971	         2.16274	         2.16271	     2.15302e-05	
         9.44579	         2.16469	         2.16467	     2.29002e-05	
         9.49448	         2.16696	         2.16693	     2.41812e-05	
         9.54317	         2.16954	         2.16951	     2.53754e-05	
         9.59186	         2.17251	         2.17248	     2.64738e-05	
         9.64055	         2.17601	         2.17598	     2.74551e-05	
         9.68924	         2.18017	         2.18014	     2.82906e-05	
         9.73793	         2.18508	         2.18506	     2.89502e-05	
         9.78662	         2.19073	          2.1907	     2.94082e-05	
         9.83531	         2.19695	         2.19692	     2.96454e-05	
           9.884	         2.20347	         2.20344	     2.96487e-05	
         9.93268	         2.20991	         2.20988	     2.94131e-05	
         9.98137	         2.21578	         2.21576	     2.89462e-05	
         10.0301	          2.2206	         2.22057	     2.82728e-05	
         10.0788	         2.22391	         2.22388	     2.74363e-05	
         10.1274	         2.22538	         2.22535	     2.64922e-05	
         10.1761	         2.22485	         2.22482	     2.54957e-05	
         10.2248	         2.22237	         2.22235	     2.44883e-05	
         10.2735	          2.2182	         2.21818	     2.34859e-05	
         10.3222	         2.21278	         2.21275	     2.24764e-05	
         10.3709	         2.20664	         2.20662	     2.14282e-05	
         10.4196	         2.20039	         2.20037	     2.03083e-05	
         10.4683	         2.19463	         2.19461	     1.90979e-05	
          10.517	         2.18987	         2.18985	     1.77944e-05	
         10.5657	         2.18656	         2.18654	     1.64056e-05	
         10.6143	         2.18505	         2.18504	     1.49423e-05	
          10.663	         2.18557	         2.18556	     1.34136e-05	
         10.7117	         2.18822	         2.18821	     1.18268e-05	
         10.7604	         2.19296	         2.19295	     1.02017e-05	
         10.8091	         2.19961	          2.1996	     8.59281e-06	
         10.8578	         2.20792	         2.20791	     7.09896e-06	
         10.9065	         2.21752	         2.21751	     5.84886e-06	
         10.9552	         2.22793	         2.22792	     4.96709e-06	
         11.0039	         2.23855	         2.23854	     4.53622e-06	
         11.0525	          2.2487	         2.24869	     4.57214e-06	
         11.1012	         2.25769	         2.25768	     5.01998e-06	
         11.1499	         2.26496	         2.26496	     5.76738e-06	
         11.1986	         2.27014	         2.27013	     6.66802e-06	
         11.2473	         2.27307	         2.27306	     7.56908e-06	
          11.296	         2.27382	         2.27381	     8.33721e-06	
         11.3447	         2.27267	         2.27266	     8.87842e-06	
         11.3934	         2.27002	         2.27001	     9.14888e-06	
         11.4421	          2.2663	         2.26629	     9.15459e-06	
         11.4908	         2.26194	         2.26193	     8.94084e-06	
         11.5394	         2.25731	          2.2573	     8.57682e-06	
         11.5881	         2.25265	         2.25264	     8.14357e-06	
         11.6368	         2.24813	         2.24812	      7.7286e-06	
         11.6855	         2.24381	          2.2438	     7.42306e-06	
         11.7342	         2.23972	         2.23971	     7.31404e-06	
         11.7829	         2.23583	         2.23582	     7.46993e-06	
         11.8316	          2.2321	         2.23209	     7.92302e-06	
         11.8803	         2.22849	         2.22849	     8.65651e-06	
          11.929	         2.22498	         2.22497	     9.60129e-06	
         11.9776	         2.22155	         2.22154	     1.06445e-05	
         12.0263	         2.21824	         2.21823	      1.1648e-05	
          12.075	         2.21514	         2.21513	     1.24727e-05	
         12.1237	         2.21236	         2.21234	     1.30054e-05	
         12.1724	         2.21002	         2.21001	     1.31847e-05	
         12.2211	         2.20827	         2.20826	     1.30195e-05	
         12.2698	         2.20723	         2.20722	     1.25973e-05	
         12.3185	         2.20699	         2.20698	     1.20777e-05	
         12.3672	         2.20759	         2.20758	     1.16649e-05	
         12.4159	           2.209	         2.20899	     1.15528e-05	
         12.4645	         2.21112	         2.21111	     1.18614e-05	
         12.5132	         2.21384	         2.21383	     1.25974e-05	
         12.5619	         2.21707	         2.21705	     1.36579e-05	
         12.6106	         2.22077	         2.22075	     1.48627e-05	
         12.6593	         2.22495	         2.22494	     1.60017e-05	
          12.708	         2.22965	         2.22964	     1.68826e-05	
         12.7567	         2.23486	         2.23485	     1.73633e-05	
         12.8054	         2.24051	         2.24049	     1.73542e-05	
         12.8541	         2.24645	         2.24643	     1.67948e-05	
         12.9028	         2.25245	         2.25243	     1.56332e-05	
         12.9514	         2.25827	         2.25825	     1.38319e-05	
         13.0001	         2.26364	         2.26363	     1.13964e-05	
         13.0488	         2.26833	         2.26832	     8.40308e-06	
         13.0975	         2.27212	         2.27211	     5.00414e-06	
         13.1462	         2.27486	         2.27485	     1.40598e-06	
         13.1949	         2.27647	         2.27647	     -2.1668e-06	
         13.2436	         2.27698	         2.27699	     -5.5083e-06	
         13.2923	         2.27648	         2.27649	    -8.46129e-06	
          13.341	         2.27515	         2.27516	    -1.09359e-05	
         13.3896	          2.2732	         2.27321	    -1.29105e-05	
         13.4383	         2.27087	         2.27089	    -1.44118e-05	
          13.487	         2.26843	         2.26845	    -1.54784e-05	
         13.5357	         2.26613	         2.26615	    -1.61276e-05	
         13.5844	         2.26423	         2.26425	    -1.63452e-05	
         13.6331	           2.263	         2.26302	    -1.61016e-05	
         13.6818	         2.26271	         2.26273	    -1.53855e-05	
         13.7305	         2.26359	         2.26361	    -1.42362e-05	
         13.7792	         2.26578	          2.2658	    -1.27567e-05	
         13.8279	         2.26929	          2.2693	    -1.11061e-05	
         13.8765	         2.27394	         2.27395	    -9.47628e-06	
         13.9252	         2.27942	         2.27942	    -8.06788e-06	
         13.9739	         2.28525	         2.28526	    -7.06675e-06	
         14.0226	         2.29095	         2.29096	    -6.62521e-06	
         14.0713	         2.29603	         2.29603	    -6.84903e-06	
           14.12	         2.30009	         2.30009	    -7.79199e-06	
         14.1687	         2.30286	         2.30287	    -9.45659e-06	
         14.2174	         2.30425	         2.30427	    -1.17964e-05	
         14.2661	         2.30433	         2.30434	     -1.4715e-05	
         14.3148	         2.30327	         2.30329	    -1.80624e-05	
         14.3634	         2.30139	         2.30141	    -2.16355e-05	
         14.4121	         2.29901	         2.29904	    -2.51936e-05	
         14.4608	         2.29646	         2.29649	     -2.8495e-05	
         14.5095	         2.29401	         2.29404	    -3.13437e-05	
         14.5582	         2.29183	         2.29187	      -3.363e-05	
         14.6069	         2.29003	         2.29007	    -3.53496e-05	
         14.6556	         2.28861	         2.28865	    -3.65903e-05	
         14.7043	         2.28753	         2.28757	    -3.74912e-05	
          14.753	         2.28677	         2.28681	    -3.81901e-05	
         14.8016	         2.28633	         2.28637	    -3.87789e-05	
         14.8503	         2.28627	         2.28631	    -3.92831e-05	
          14.899	         2.28666	          2.2867	    -3.96684e-05	
         14.9477	         2.28754	         2.28758	    -3.98682e-05	
         14.9964	         2.28887	         2.28891	    -3.98172e-05	
         15.0451	         2.29055	         2.29059	    -3.94825e-05	
         15.0938	         2.29242	         2.29246	    -3.88843e-05	
         15.1425	         2.29426	          2.2943	    -3.81014e-05	
         15.1912	         2.29586	          2.2959	    -3.72609e-05	
         15.2399	         2.29701	         2.29704	     -3.6511e-05	
         15.2885	         2.29749	         2.29752	    -3.59873e-05	
         15.3372	         2.29717	         2.29721	    -3.57823e-05	
         15.3859	           2.296	         2.29604	    -3.59333e-05	
         15.4346	         2.29406	         2.29409	    -3.64305e-05	
         15.4833	         2.29153	         2.29157	    -3.72353e-05	
          15.532	         2.28872	         2.28876	    -3.82912e-05	
         15.5807	         2.28599	         2.28603	    -3.95112e-05	
         15.6294	         2.28371	         2.28375	     -4.0749e-05	
         15.6781	         2.28218	         2.28223	    -4.17788e-05	
         15.7268	         2.28165	          2.2817	    -4.23081e-05	
         15.7754	         2.28225	         2.28229	    -4.20257e-05	
         15.8241	         2.28401	         2.28405	    -4.06716e-05	
         15.8728	         2.28681	         2.28685	    -3.81135e-05	
         15.9215	          2.2904	         2.29043	    -3.44075e-05	
         15.9702	         2.29439	         2.29442	    -2.98224e-05	
         16.0189	         2.29836	         2.29839	      -2.481e-05	
         16.0676	          2.3019	         2.30192	    -1.99218e-05	
         16.1163	         2.30469	         2.30471	    -1.56968e-05	
          16.165	          2.3066	         2.30661	    -1.25579e-05	
         16.2136	         2.30765	         2.30766	    -1.07506e-05	
         16.2623	         2.30802	         2.30803	    -1.03343e-05	
          16.311	         2.30794	         2.30796	    -1.12101e-05	
         16.3597	         2.30769	          2.3077	    -1.31575e-05	
         16.4084	         2.30744	         2.30746	    -1.58646e-05	
         16.4571	         2.30734	         2.30735	    -1.89519e-05	
         16.5058	         2.30738	          2.3074	    -2.20021e-05	
         16.5545	         2.30753	         2.30755	    -2.46008e-05	
         16.6032	         2.30768	          2.3077	    -2.63825e-05	
         16.6519	         2.30774	         2.30777	    -2.70707e-05	
         16.7005	         2.30765	         2.30768	     -2.6502e-05	
         16.7492	          2.3074	         2.30743	    -2.46325e-05	
         16.7979	         2.30703	         2.30705	    -2.15286e-05	
         16.8466	          2.3066	         2.30662	    -1.73467e-05	
         16.8953	         2.30617	         2.30618	    -1.23082e-05	
          16.944	         2.30578	         2.30579	    -6.68023e-06	
         16.9927	         2.30544	         2.30544	    -7.71378e-07	
         17.0414	         2.30507	         2.30506	     5.06452e-06	
         17.0901	         2.30456	         2.30455	     1.04364e-05	
         17.1388	         2.30376	         2.30375	     1.49518e-05	
         17.1874	         2.30254	         2.30253	     1.82769e-05	
         17.2361	         2.30078	         2.30076	     2.02001e-05	
         17.2848	          2.2984	         2.29838	     2.06743e-05	
         17.3335	         2.29543	         2.29541	     1.98181e-05	
         17.3822	         2.29196	         2.29194	     1.78749e-05	
         17.4309	         2.28819	         2.28818	     1.51402e-05	
         17.4796	         2.28443	         2.28442	     1.18825e-05	
         17.5283	         2.28102	         2.28101	      8.2918e-06	
          17.577	         2.27833	         2.27833	     4.47528e-06	
         17.6256	         2.27668	         2.27668	     4.98977e-07	
         17.6743	         2.27631	         2.27631	    -3.55899e-06	
          17.723	         2.27733	         2.27734	    -7.57782e-06	
         17.7717	         2.27975	         2.27976	    -1.14024e-05	
         17.8204	         2.28343	         2.28344	    -1.48831e-05	
         17.8691	         2.28815	         2.28816	    -1.79242e-05	
         17.9178	         2.29362	         2.29364	    -2.05109e-05	
         17.9665	         2.29954	         2.29956	    -2.27001e-05	
         18.0152	         2.30561	         2.30563	    -2.45774e-05	
         18.0639	         2.31155	         2.31157	    -2.62048e-05	
         18.1125	         2.31712	         2.31714	    -2.75841e-05	
         18.1612	         2.32208	          2.3221	    -2.86463e-05	
         18.2099	          2.3262	         2.32623	    -2.92676e-05	
         18.2586	         2.32927	         2.32929	    -2.93056e-05	
         18.3073	         2.33106	         2.33109	    -2.86453e-05	
          18.356	         2.33142	         2.33145	    -2.72441e-05	
         18.4047	         2.33022	         2.33025	    -2.51579e-05	
         18.4534	         2.32748	          2.3275	    -2.25394e-05	
         18.5021	          2.3233	         2.32332	    -1.96114e-05	
         18.5507	         2.31798	         2.31799	    -1.66257e-05	
         18.5994	          2.3119	         2.31191	    -1.38164e-05	
         18.6481	         2.30554	         2.30555	    -1.13525e-05	
         18.6968	         2.29935	         2.29936	    -9.29088e-06	
         18.7455	         2.29368	         2.29368	    -7.54867e-06	
         18.7942	         2.28868	         2.28868	    -5.91922e-06	
         18.8429	         2.28435	         2.28435	    -4.13828e-06	
         18.8916	         2.28057	         2.28057	    -1.96948e-06	
         18.9403	         2.27716	         2.27716	     7.27852e-07	
          18.989	         2.27399	         2.27398	     3.96077e-06	
         19.0376	         2.27102	         2.27101	      7.5878e-06	
         19.0863	         2.26833	         2.26832	     1.13217e-05	
          19.135	          2.2661	         2.26608	     1.47539e-05	
         19.1837	         2.26452	          2.2645	     1.74106e-05	
         19.2324	         2.26376	         2.26374	     1.88412e-05	
         19.2811	         2.26392	          2.2639	     1.87216e-05	
         19.3298	         2.26496	         2.26494	     1.69288e-05	
         19.3785	         2.26671	          2.2667	     1.35582e-05	
         19.4272	         2.26892	         2.26891	     8.88361e-06	
         19.4759	         2.27128	         2.27127	     3.29048e-06	
         19.5245	         2.27347	         2.27348	    -2.79019e-06	
         19.5732	         2.27523	         2.27524	    -8.93117e-06	
         19.6219	         2.27634	         2.27636	     -1.4737e-05	
         19.6706	         2.27669	         2.27671	    -1.98558e-05	
         19.7193	         2.27623	         2.27626	    -2.39876e-05	
          19.768	         2.27507	          2.2751	    -2.69044e-05	
         19.8167	         2.27337	          2.2734	    -2.84819e-05	
         19.8654	         2.27134	         2.27137	    -2.87329e-05	
         19.9141	         2.26918	         2.26921	    -2.78228e-05	
         19.9627	         2.26705	         2.26708	    -2.60507e-05	
         20.0114	         2.26505	         2.26507	     -2.3788e-05	
         20.0601	         2.26321	         2.26323	    -2.13958e-05	
         20.1088	         2.26155	         2.26157	     -1.9153e-05	
         20.1575	         2.26008	          2.2601	    -1.72231e-05	
         20.2062	          2.2588	         2.25881	    -1.56646e-05	
         20.2549	         2.25769	          2.2577	    -1.44659e-05	
         20.3036	         2.25676	         2.25678	    -1.35787e-05	
         20.3523	           2.256	         2.25602	    -1.29385e-05	
          20.401	         2.25537	         2.25538	    -1.24792e-05	
         20.4496	          2.2548	         2.25481	    -1.21509e-05	
         20.4983	         2.25423	         2.25424	    -1.19398e-05	
          20.547	         2.25359	         2.25361	    -1.18764e-05	
         20.5957	          2.2529	         2.25292	    -1.20242e-05	
         20.6444	         2.25223	         2.25225	    -1.24472e-05	
         20.6931	         2.25172	         2.25173	    -1.31713e-05	
         20.7418	         2.25152	         2.25153	    -1.41589e-05	
         20.7905	         2.25177	         2.25178	     -1.5316e-05	
         20.8392	         2.25253	         2.25254	    -1.65325e-05	
         20.8879	         2.25377	         2.25378	    -1.77267e-05	
         20.9365	         2.25539	         2.25541	    -1.88653e-05	
         20.9852	         2.25727	         2.25729	     -1.9944e-05	
         21.0339	         2.25929	         2.25931	    -2.09406e-05	
         21.0826	         2.26136	         2.26138	    -2.17692e-05	
         21.1313	         2.26345	         2.26347	    -2.22628e-05	
           21.18	         2.26555	         2.26557	    -2.22083e-05	
         21.2287	         2.26765	         2.26767	    -2.14348e-05	
         21.2774	         2.26973	         2.26975	    -1.99226e-05	
         21.3261	         2.27172	         2.27174	    -1.78774e-05	
         21.3747	         2.27351	         2.27352	    -1.57218e-05	
         21.4234	         2.27493	         2.27495	    -1.39827e-05	
         21.4721	         2.27584	         2.27586	     -1.3112e-05	
         21.5208	         2.27611	         2.27612	    -1.33347e-05	
         21.5695	         2.27567	         2.27568	    -1.46031e-05	
         21.6182	          2.2746	         2.27462	    -1.66574e-05	
         21.6669	         2.27307	         2.27309	    -1.91366e-05	
         21.7156	         2.27135	         2.27137	    -2.16873e-05	
         21.7643	         2.26971	         2.26973	    -2.40384e-05	
          21.813	         2.26841	         2.26843	    -2.60281e-05	
         21.8616	         2.26764	         2.26767	     -2.7584e-05	
         21.9103	          2.2675	         2.26753	    -2.86781e-05	
          21.959	         2.26799	         2.26802	    -2.92883e-05	
         22.0077	         2.26905	         2.26908	    -2.93965e-05	
         22.0564	         2.27055	         2.27058	    -2.90251e-05	
         22.1051	         2.27235	         2.27238	    -2.82914e-05	
         22.1538	         2.27427	          2.2743	    -2.74371e-05	
         22.2025	          2.2761	         2.27612	    -2.67992e-05	
         22.2512	         2.27762	         2.27764	    -2.67271e-05	
         22.2999	         2.27862	         2.27865	    -2.74881e-05	
         22.3485	         2.27893	         2.27896	     -2.9208e-05	
         22.3972	         2.27842	         2.27845	    -3.18637e-05	
         22.4459	         2.27705	         2.27709	    -3.53152e-05	
         22.4946	         2.27487	         2.27491	    -3.93556e-05	
         22.5433	         2.27199	         2.27203	    -4.37586e-05	
          22.592	         2.26863	         2.26868	    -4.83175e-05	
         22.6407	         2.26504	         2.26509	    -5.28734e-05	
         22.6894	          2.2615	         2.26156	     -5.7331e-05	
         22.7381	         2.25828	         2.25835	     -6.1662e-05	
         22.7867	         2.25562	         2.25568	    -6.59009e-05	
         22.8354	         2.25366	         2.25373	    -7.01301e-05	
         22.8841	         2.25246	         2.25254	      -7.445e-05	
         22.9328	         2.25197	         2.25205	    -7.89276e-05	
         22.9815	           2.252	         2.25208	    -8.35462e-05	
         23.0302	         2.25227	         2.25236	     -8.8183e-05	
         23.0789	         2.25249	         2.25258	    -9.26161e-05	
         23.1276	         2.25237	         2.25247	    -9.65521e-05	
         23.1763	         2.25173	         2.25183	    -9.96694e-05	
          23.225	         2.25044	         2.25054	    -0.000101683	
         23.2736	         2.24851	         2.24861	    -0.000102415	
         23.3223	         2.24607	         2.24618	    -0.000101831	
          23.371	         2.24336	         2.24346	    -0.000100046	
         23.4197	         2.24072	         2.24082	    -9.72734e-05	
         23.4684	         2.23861	          2.2387	    -9.37701e-05	
         23.5171	          2.2375	         2.23759	    -8.97956e-05	
         23.5658	          2.2379	         2.23798	     -8.5591e-05	
         23.6145	         2.24019	         2.24027	    -8.13746e-05	
         23.6632	         2.24462	         2.24469	    -7.73416e-05	
         23.7119	          2.2512	         2.25127	    -7.36763e-05	
         23.7605	         2.25965	         2.25972	     -7.0552e-05	
         23.8092	         2.26942	         2.26949	    -6.80741e-05	
         23.8579	         2.27977	         2.27983	    -6.62087e-05	
         23.9066	         2.28995	         2.29001	    -6.47909e-05	
         23.9553	         2.29927	         2.29933	    -6.36171e-05	
          24.004	         2.30718	         2.30724	     -6.2552e-05	
         24.0527	         2.31327	         2.31333	    -6.15957e-05	
         24.1014	         2.31727	         2.31733	    -6.08884e-05	
         24.1501	         2.31906	         2.31912	    -6.06628e-05	
         24.1987	         2.31862	         2.31868	    -6.11592e-05	
         24.2474	         2.31608	         2.31614	    -6.25313e-05	
         24.2961	         2.31166	         2.31172	    -6.47634e-05	
         24.3448	          2.3057	         2.30577	    -6.76222e-05	
         24.3935	         2.29864	         2.29871	    -7.06593e-05	
         24.4422	         2.29096	         2.29104	    -7.32788e-05	
         24.4909	         2.28316	         2.28323	    -7.48654e-05	
         24.5396	         2.27566	         2.27574	     -7.4938e-05	
         24.5883	         2.26883	         2.26891	     -7.3261e-05	
          24.637	         2.26291	         2.26298	    -6.98716e-05	
         24.6856	         2.25803	          2.2581	    -6.50348e-05	
         24.7343	         2.25425	         2.25431	    -5.91763e-05	
          24.783	         2.25157	         2.25163	    -5.28288e-05	
         24.8317	         2.24998	         2.25002	    -4.65832e-05	
         24.8804	         2.24947	         2.24951	    -4.10244e-05	
         24.9291	          2.2501	         2.25014	    -3.66532e-05	
         24.9778	         2.25199	         2.25202	    -3.38192e-05	
         25.0265	         2.25525	         2.25529	    -3.26816e-05	
         25.0752	         2.25995	         2.25998	    -3.31949e-05	
         25.1239	         2.26599	         2.26602	    -3.51262e-05	
         25.1725	         2.27307	         2.27311	    -3.81084e-05	
         25.2212	         2.28072	         2.28076	    -4.17273e-05	
         25.2699	         2.28834	         2.28839	    -4.56057e-05	
         25.3186	         2.29532	         2.29537	    -4.94542e-05	
         25.3673	         2.30114	          2.3012	    -5.30789e-05	
          25.416	         2.30544	          2.3055	    -5.63642e-05	
         25.4647	         2.30808	         2.30814	    -5.92486e-05	
         25.5134	         2.30908	         2.30915	    -6.17056e-05	
         25.5621	         2.30867	         2.30873	    -6.37321e-05	
         25.6107	         2.30711	         2.30717	    -6.53472e-05	
         25.6594	         2.30471	         2.30477	    -6.66049e-05	
         25.7081	         2.30173	          2.3018	    -6.76117e-05	
         25.7568	         2.29835	         2.29842	    -6.85212e-05	
         25.8055	         2.29469	         2.29476	    -6.94892e-05	
         25.8542	         2.29079	         2.29086	    -7.06045e-05	
         25.9029	         2.28668	         2.28675	    -7.18284e-05	
         25.9516	         2.28241	         2.28248	    -7.29614e-05	
         26.0003	         2.27808	         2.27815	    -7.36514e-05	
          26.049	         2.27389	         2.27396	    -7.34552e-05	
         26.0976	         2.27011	         2.27018	    -7.19494e-05	
         26.1463	         2.26711	         2.26718	    -6.88631e-05	
          26.195	         2.26525	         2.26531	    -6.41925e-05	
         26.2437	          2.2648	         2.26486	    -5.82613e-05	
         26.2924	         2.26585	         2.26591	    -5.16857e-05	
         26.3411	         2.26827	         2.26831	    -4.52303e-05	
         26.3898	         2.27169	         2.27173	    -3.96076e-05	
         26.4385	         2.27565	         2.27568	    -3.53136e-05	
         26.4872	         2.27965	         2.27969	     -3.2555e-05	
         26.5358	          2.2833	         2.28333	    -3.12555e-05	
         26.5845	          2.2863	         2.28633	    -3.11093e-05	
         26.6332	         2.28851	         2.28854	    -3.16585e-05	
         26.6819	         2.28991	         2.28994	    -3.23825e-05	
         26.7306	         2.29056	          2.2906	    -3.27849e-05	
         26.7793	         2.29063	         2.29066	    -3.24649e-05	
          26.828	         2.29031	         2.29034	    -3.11645e-05	
         26.8767	         2.28982	         2.28985	    -2.87895e-05	
         26.9254	         2.28939	         2.28942	    -2.54058e-05	
         26.9741	         2.28925	         2.28928	    -2.12149e-05	
         27.0227	         2.28957	         2.28959	    -1.65172e-05	
         27.0714	         2.29046	         2.29047	    -1.16766e-05	
         27.1201	         2.29194	         2.29195	    -7.09143e-06	
         27.1688	         2.29396	         2.29397	     -3.1707e-06	
         27.2175	         2.29642	         2.29642	    -2.98257e-07	
         27.2662	         2.29912	         2.29912	     1.22089e-06	
         27.3149	         2.30188	         2.30188	     1.21589e-06	
         27.3636	          2.3045	          2.3045	    -3.25388e-07	
         27.4123	         2.30681	         2.30682	    -3.27709e-06	
          27.461	         2.30872	         2.30872	    -7.42451e-06	
         27.5096	         2.31016	         2.31017	    -1.25131e-05	
         27.5583	         2.31112	         2.31114	    -1.82786e-05	
          27.607	         2.31163	         2.31165	    -2.44543e-05	
         27.6557	         2.31171	         2.31174	    -3.07609e-05	
         27.7044	         2.31139	         2.31143	    -3.68909e-05	
         27.7531	         2.31074	         2.31078	    -4.24999e-05	
         27.8018	         2.30985	          2.3099	    -4.72176e-05	
         27.8505	         2.30883	         2.30888	    -5.06841e-05	
         27.8992	         2.30781	         2.30786	    -5.26079e-05	
         27.9478	         2.30687	         2.30692	    -5.28274e-05	
         27.9965	         2.30608	         2.30614	    -5.13491e-05	
         28.0452	         2.30547	         2.30551	    -4.83424e-05	
         28.0939	         2.30502	         2.30506	    -4.40952e-05	
         28.1426	         2.30474	         2.30478	     -3.8959e-05	
         28.1913	         2.30469	         2.30473	    -3.33063e-05	
           28.24	         2.30496	         2.30498	    -2.75019e-05	
         28.2887	         2.30566	         2.30568	     -2.1876e-05	
         28.3374	          2.3069	         2.30692	    -1.66939e-05	
         28.3861	         2.30875	         2.30877	    -1.21331e-05	
         28.4347	         2.31116	         2.31117	    -8.28718e-06	
         28.4834	         2.31395	         2.31396	    -5.19933e-06	
         28.5321	         2.31684	         2.31685	    -2.91036e-06	
         28.5808	         2.31949	          2.3195	     -1.4943e-06	
         28.6295	         2.32154	         2.32154	    -1.06099e-06	
         28.6782	         2.32267	         2.32267	    -1.72413e-06	
         28.7269	         2.32266	         2.32266	    -3.54961e-06	
         28.7756	         2.32142	         2.32143	     -6.5036e-06	
         28.8243	         2.31903	         2.31904	    -1.04125e-05	
          28.873	         2.31568	          2.3157	    -1.49402e-05	
         28.9216	          2.3117	         2.31172	    -1.95906e-05	
         28.9703	         2.30741	         2.30744	    -2.37505e-05	
          29.019	         2.30315	         2.30318	    -2.67886e-05	
         29.0677	         2.29914	         2.29917	    -2.82002e-05	
         29.1164	         2.29551	         2.29554	    -2.77441e-05	
         29.1651	         2.29231	         2.29233	     -2.5502e-05	
         29.2138	         2.28952	         2.28954	    -2.18255e-05	
         29.2625	         2.28713	         2.28715	    -1.72027e-05	
         29.3112	         2.28511	         2.28512	    -1.21072e-05	
         29.3598	         2.28346	         2.28346	    -6.89134e-06	
         29.4085	         2.28218	         2.28218	    -1.75631e-06	
         29.4572	         2.28128	         2.28127	     3.21066e-06	
         29.5059	          2.2807	         2.28069	     7.97719e-06	
         29.5546	         2.28035	         2.28034	      1.2526e-05	
         29.6033	         2.28013	         2.28011	     1.68395e-05	
          29.652	          2.2799	         2.27988	     2.08919e-05	
         29.7007	         2.27959	         2.27957	     2.46395e-05	
         29.7494	         2.27921	         2.27918	      2.8013e-05	
         29.7981	         2.27884	         2.27881	       3.092e-05	
         29.8467	         2.27865	         2.27862	     3.32585e-05	
         29.8954	         2.27887	         2.27884	     3.49331e-05	
         29.9441	         2.27975	         2.27971	      3.5862e-05	
         29.9928	         2.28147	         2.28144	     3.59694e-05	
         30.0415	         2.28412	         2.28409	     3.51754e-05	
         30.0902	         2.28761	         2.28758	     3.34063e-05	
         30.1389	         2.29173	          2.2917	     3.06367e-05	
         30.1876	         2.29612	         2.29609	     2.69465e-05	
         30.2363	         2.30042	         2.30039	     2.25506e-05	
          30.285	         2.30427	         2.30425	     1.77797e-05	
         30.3336	         2.30744	         2.30743	     1.30258e-05	
         30.3823	         2.30984	         2.30984	     8.68654e-06	
          30.431	         2.31154	         2.31153	     5.13316e-06	
         30.4797	          2.3127	          2.3127	     2.70012e-06	
         30.5284	         2.31359	         2.31359	     1.67233e-06	
         30.5771	         2.31445	         2.31445	     2.24572e-06	
         30.6258	         2.31544	         2.31543	     4.46512e-06	
         30.6745	          2.3166	         2.31659	     8.17556e-06	
         30.7232	         2.31785	         2.31784	     1.30265e-05	
         30.7718	         2.31902	           2.319	     1.85375e-05	
         30.8205	         2.31982	         2.31979	     2.41981e-05	
         30.8692	         2.31994	         2.31991	     2.95634e-05	
         30.9179	         2.31907	         2.31904	     3.43161e-05	
         30.9666	         2.31697	         2.31693	     3.82823e-05	
         31.0153	         2.31347	         2.31342	     4.14031e-05	
          31.064	         2.30859	         2.30855	     4.36822e-05	
         31.1127	         2.30255	          2.3025	     4.51347e-05	
         31.1614	         2.29573	         2.29568	     4.57561e-05	
         31.2101	         2.28868	         2.28863	     4.55175e-05	
         31.2587	         2.28199	         2.28194	     4.43858e-05	
         31.3074	         2.27622	         2.27618	     4.23587e-05	
         31.3561	         2.27183	         2.27179	     3.94983e-05	
         31.4048	         2.26908	         2.26904	      3.5947e-05	
         31.4535	         2.26803	           2.268	     3.19261e-05	
         31.5022	         2.26861	         2.26858	     2.77253e-05	
         31.5509	         2.27062	         2.27059	     2.36838e-05	
         31.5996	         2.27382	          2.2738	     2.01546e-05	
         31.6483	         2.27798	         2.27796	     1.74458e-05	
          31.697	         2.28287	         2.28286	     1.57475e-05	
         31.7456	         2.28832	          2.2883	     1.50711e-05	
         31.7943	         2.29415	         2.29414	     1.52288e-05	
          31.843	         2.30022	         2.30021	     1.58677e-05	
         31.8917	         2.30633	         2.30631	     1.65449e-05	
         31.9404	         2.31224	         2.31223	     1.68154e-05	
         31.9891	         2.31767	         2.31765	     1.63111e-05	
         32.0378	         2.32226	         2.32225	     1.48006e-05	
         32.0865	         2.32569	         2.32568	     1.22173e-05	
         32.1352	         2.32768	         2.32767	     8.64674e-06	
         32.1838	         2.32805	         2.32804	     4.28491e-06	
         32.2325	         2.32679	         2.32679	    -6.11812e-07	
         32.2812	         2.32407	         2.32407	      -5.771e-06	
         32.3299	         2.32019	          2.3202	    -1.09428e-05	
         32.3786	         2.31557	         2.31559	     -1.5933e-05	
         32.4273	         2.31069	         2.31071	    -2.06208e-05	
          32.476	         2.30601	         2.30604	    -2.49528e-05	
         32.5247	         2.30198	         2.30201	    -2.89131e-05	
         32.5734	         2.29894	         2.29898	    -3.24896e-05	
         32.6221	         2.29716	          2.2972	    -3.56574e-05	
         32.6707	         2.29677	         2.29681	    -3.83936e-05	
         32.7194	         2.29776	         2.29781	    -4.07065e-05	
         32.7681	         2.30002	         2.30006	    -4.26587e-05	
         32.8168	         2.30332	         2.30336	    -4.43793e-05	
         32.8655	         2.30737	         2.30742	    -4.60653e-05	
         32.9142	         2.31184	         2.31189	    -4.79549e-05	
         32.9629	         2.31632	         2.31637	    -5.02773e-05	
         33.0116	         2.32041	         2.32046	    -5.32085e-05	
         33.0603	         2.32374	          2.3238	    -5.68567e-05	
         33.1089	         2.32603	         2.32609	    -6.12674e-05	
         33.1576	          2.3271	         2.32716	    -6.64345e-05	
         33.2063	         2.32686	         2.32694	    -7.23125e-05	
          33.255	         2.32537	         2.32545	    -7.88144e-05	
         33.3037	         2.32277	         2.32285	    -8.57874e-05	
         33.3524	         2.31926	         2.31936	     -9.2973e-05	
         33.4011	         2.31514	         2.31524	    -9.99781e-05	
         33.4498	         2.31072	         2.31083	    -0.000106285	
         33.4985	         2.30633	         2.30644	    -0.000111302	
         33.5472	         2.30228	         2.30239	    -0.000114442	
         33.5958	         2.29886	         2.29898	    -0.000115197	
         33.6445	         2.29632	         2.29643	    -0.000113213	
         33.6932	         2.29475	         2.29486	     -0.00010834	
         33.7419	         2.29415	         2.29425	    -0.000100671	
         33.7906	         2.29432	         2.29441	     -9.0572e-05	
         33.8393	         2.29498	         2.29506	    -7.86666e-05	
          33.888	         2.29577	         2.29584	    -6.57889e-05	
         33.9367	         2.29636	         2.29641	    -5.28965e-05	
         33.9854	         2.29652	         2.29656	    -4.09695e-05	
         34.0341	         2.29613	         2.29617	     -3.0906e-05	
         34.0827	         2.29521	         2.29523	     -2.3416e-05	
         34.1314	         2.29383	         2.29385	     -1.8923e-05	
         34.1801	         2.29213	         2.29215	    -1.75032e-05	
         34.2288	         2.29021	         2.29023	       -1.89e-05	
         34.2775	         2.28817	          2.2882	    -2.26139e-05	
         34.3262	         2.28611	         2.28614	     -2.8015e-05	
         34.3749	         2.28413	         2.28417	    -3.44227e-05	
         34.4236	         2.28244	         2.28248	    -4.11569e-05	
         34.4723	         2.28131	         2.28135	    -4.75963e-05	
         34.5209	         2.28106	         2.28111	    -5.32579e-05	
         34.5696	         2.28201	         2.28206	    -5.78699e-05	
         34.6183	         2.28437	         2.28443	    -6.13924e-05	
          34.667	          2.2882	         2.28827	    -6.39609e-05	
         34.7157	         2.29333	         2.29339	    -6.57752e-05	
         34.7644	         2.29938	         2.29944	    -6.69996e-05	
         34.8131	         2.30587	         2.30594	    -6.77238e-05	
         34.8618	         2.31229	         2.31236	    -6.79805e-05	
         34.9105	         2.31823	          2.3183	    -6.77862e-05	
         34.9592	         2.32337	         2.32344	    -6.71764e-05	
         35.0078	         2.32755	         2.32762	    -6.62238e-05	
         35.0565	          2.3307	         2.33077	    -6.50368e-05	
         35.1052	         2.33283	         2.33289	    -6.37428e-05	
         35.1539	         2.33394	           2.334	    -6.24583e-05	
         35.2026	         2.33404	         2.33411	    -6.12545e-05	
         35.2513	         2.33315	         2.33321	    -6.01294e-05	
            35.3	         2.33132	         2.33138	    -5.90061e-05	
         35.3487	         2.32868	         2.32874	    -5.77674e-05	
         35.3974	         2.32546	         2.32552	     -5.6318e-05	
         35.4461	           2.322	         2.32206	    -5.46496e-05	
         35.4947	         2.31867	         2.31872	    -5.28843e-05	
         35.5434	         2.31579	         2.31584	    -5.12774e-05	
         35.5921	         2.31362	         2.31367	     -5.0173e-05	
         35.6408	         2.31227	         2.31232	    -4.99246e-05	
         35.6895	         2.31174	         2.31179	    -5.07989e-05	
         35.7382	         2.31192	         2.31197	    -5.28863e-05	
         35.7869	         2.31259	         2.31265	    -5.60387e-05	
         35.8356	         2.31348	         2.31354	    -5.98618e-05	
         35.8843	         2.31426	         2.31433	    -6.37858e-05	
         35.9329	          2.3146	         2.31467	    -6.72085e-05	
         35.9816	          2.3142	         2.31427	    -6.96675e-05	
         36.0303	         2.31283	          2.3129	    -7.09807e-05	
          36.079	         2.31042	          2.3105	     -7.1309e-05	
         36.1277	         2.30709	         2.30716	    -7.11349e-05	
         36.1764	         2.30313	          2.3032	    -7.11738e-05	
         36.2251	         2.29904	         2.29912	    -7.22311e-05	
         36.2738	         2.29544	         2.29551	    -7.50042e-05	
         36.3225	         2.29295	         2.29303	    -7.98446e-05	
         36.3712	         2.29209	         2.29218	    -8.65592e-05	
         36.4198	         2.29315	         2.29325	    -9.43839e-05	
         36.4685	         2.29612	         2.29623	     -0.00010218	
         36.5172	         2.30069	          2.3008	     -0.00010874	
         36.5659	         2.30633	         2.30644	    -0.000113017	
         36.6146	         2.31237	         2.31248	    -0.000114238	
         36.6633	         2.31814	         2.31825	    -0.000111924	
          36.712	         2.32301	         2.32311	    -0.000105906	
         36.7607	         2.32649	         2.32658	    -9.63181e-05	
         36.8094	         2.32826	         2.32835	    -8.36013e-05	
         36.8581	         2.32823	         2.32829	    -6.84684e-05	
         36.9067	         2.32645	          2.3265	    -5.18531e-05	
         36.9554	         2.32317	         2.32321	    -3.48306e-05	
         37.0041	         2.31872	         2.31874	    -1.85164e-05	
         37.0528	         2.31344	         2.31344	     -3.9405e-06	
         37.1015	         2.30761	          2.3076	     8.08367e-06	
         37.1502	         2.30138	         2.30137	     1.70612e-05	
         37.1989	         2.29481	         2.29478	      2.2851e-05	
         37.2476	         2.28786	         2.28783	     2.56191e-05	
         37.2963	         2.28053	         2.28051	     2.57221e-05	
         37.3449	         2.27292	          2.2729	      2.3557e-05	
         37.3936	         2.26525	         2.26523	     1.94436e-05	
         37.4423	         2.25783	         2.25782	     1.36014e-05	
          37.491	         2.25106	         2.25105	     6.23456e-06	
         37.5397	         2.24525	         2.24526	    -2.32621e-06	
         37.5884	         2.24068	         2.24069	    -1.15205e-05	
         37.6371	          2.2375	         2.23753	    -2.05668e-05	
         37.6858	         2.23581	         2.23584	    -2.85848e-05	
         37.7345	         2.23563	         2.23567	    -3.47617e-05	
         37.7832	         2.23697	         2.23701	    -3.84924e-05	
         37.8318	         2.23977	         2.23981	    -3.94615e-05	
         37.8805	         2.24389	         2.24393	    -3.76663e-05	
         37.9292	         2.24906	         2.24909	    -3.33865e-05	
         37.9779	         2.25494	         2.25497	    -2.71023e-05	
         38.0266	         2.26112	         2.26113	    -1.93795e-05	
         38.0753	         2.26717	         2.26718	    -1.07536e-05	
          38.124	         2.27272	         2.27273	    -1.64913e-06	
         38.1727	         2.27748	         2.27747	       7.644e-06	
         38.2214	         2.28124	         2.28122	     1.69408e-05	
         38.2701	         2.28394	         2.28391	     2.61054e-05	
         38.3187	         2.28567	         2.28563	      3.5004e-05	
         38.3674	         2.28666	         2.28662	     4.34874e-05	
         38.4161	         2.28728	         2.28723	     5.14034e-05	
         38.4648	         2.28798	         2.28792	     5.86205e-05	
         38.5135	         2.28916	         2.28909	     6.50461e-05	
         38.5622	         2.29111	         2.29104	     7.06246e-05	
         38.6109	         2.29393	         2.29385	     7.53072e-05	
         38.6596	         2.29748	          2.2974	     7.90017e-05	
         38.7083	         2.30147	         2.30139	     8.15301e-05	
         38.7569	         2.30556	         2.30547	     8.26319e-05	
         38.8056	         2.30937	         2.30929	     8.20251e-05	
         38.8543	         2.31262	         2.31254	     7.95015e-05	
          38.903	          2.3151	         2.31502	     7.50098e-05	
         38.9517	         2.31667	          2.3166	     6.86925e-05	
         39.0004	         2.31732	         2.31726	     6.08694e-05	
         39.0491	         2.31713	         2.31708	      5.1978e-05	
         39.0978	         2.31627	         2.31623	     4.24916e-05	
         39.1465	         2.31498	         2.31494	     3.28297e-05	
         39.1952	         2.31347	         2.31344	     2.32752e-05	
         39.2438	         2.31191	          2.3119	     1.39166e-05	
         39.2925	         2.31041	         2.31041	     4.64448e-06	
         39.3412	         2.30902	         2.30902	     -4.7739e-06	
         39.3899	         2.30775	         2.30776	    -1.45488e-05	
         39.4386	         2.30664	         2.30667	    -2.47066e-05	
         39.4873	         2.30579	         2.30582	    -3.49908e-05	
          39.536	         2.30529	         2.30533	    -4.48825e-05	
         39.5847	         2.30527	         2.30532	     -5.3739e-05	
         39.6334	         2.30583	         2.30589	    -6.09759e-05	
         39.6821	         2.30705	         2.30712	     -6.6198e-05	
         39.7307	         2.30898	         2.30905	    -6.92245e-05	
         39.7794	         2.31163	          2.3117	    -7.00281e-05	
         39.8281	         2.31496	         2.31503	    -6.86566e-05	
         39.8768	         2.31888	         2.31894	    -6.52081e-05	
         39.9255	         2.32321	         2.32327	    -5.98731e-05	
         39.9742	         2.32773	         2.32779	    -5.29966e-05	
         40.0229	         2.33219	         2.33224	     -4.5099e-05	
         40.0716	         2.33631	         2.33635	    -3.68347e-05	
         40.1203	         2.33985	         2.33988	    -2.89066e-05	
         40.1689	         2.34258	         2.34261	     -2.1973e-05	
         40.2176	         2.34439	         2.34441	    -1.65695e-05	
         40.2663	         2.34521	         2.34522	    -1.30528e-05	
          40.315	         2.34505	         2.34506	    -1.15627e-05	
         40.3637	         2.34401	         2.34402	    -1.19994e-05	
         40.4124	         2.34225	         2.34226	    -1.40248e-05	
         40.4611	         2.33996	         2.33997	    -1.71006e-05	
         40.5098	         2.33736	         2.33738	    -2.05744e-05	
         40.5585	         2.33465	         2.33468	    -2.38013e-05	
         40.6072	         2.33198	         2.33201	    -2.62678e-05	
         40.6558	         2.32944	         2.32946	    -2.76737e-05	
         40.7045	         2.32704	         2.32706	    -2.79422e-05	
         40.7532	          2.3248	         2.32483	    -2.71597e-05	
         40.8019	         2.32277	          2.3228	    -2.54825e-05	
         40.8506	         2.32103	         2.32105	    -2.30484e-05	
         40.8993	         2.31969	         2.31971	    -1.99187e-05	
          40.948	         2.31891	         2.31892	    -1.60523e-05	
         40.9967	         2.31881	         2.31883	    -1.13199e-05	
         41.0454	         2.31951	         2.31951	    -5.57505e-06	
          41.094	         2.32104	         2.32104	     1.21555e-06	
         41.1427	         2.32345	         2.32344	      8.8412e-06	
         41.1914	         2.32671	         2.32669	     1.67992e-05	
