        0.085971	      0.00945591	      0.00945744	    -1.53642e-06	
        0.171942	       0.0338973	       0.0339029	    -5.56631e-06	
        0.257913	        0.072757	       0.0727682	    -1.11791e-05	
        0.343884	        0.125128	        0.125146	    -1.73002e-05	
        0.429855	         0.18832	        0.188343	    -2.30277e-05	
        0.515826	        0.258475	        0.258503	    -2.75567e-05	
        0.601797	        0.331696	        0.331726	     -2.9908e-05	
        0.687768	        0.404843	        0.404872	    -2.88955e-05	
        0.773739	        0.475735	        0.475758	    -2.36286e-05	
         0.85971	        0.542836	         0.54285	    -1.42182e-05	
        0.945681	        0.604793	        0.604795	    -2.14815e-06	
         1.03165	        0.660234	        0.660224	     1.00329e-05	
         1.11762	        0.708082	        0.708062	     1.95125e-05	
         1.20359	        0.748295	        0.748271	     2.40935e-05	
         1.28957	        0.782596	        0.782574	     2.29513e-05	
         1.37554	        0.814582	        0.814565	     1.69057e-05	
         1.46151	        0.848827	        0.848819	     8.13541e-06	
         1.54748	        0.889236	        0.889236	    -5.43054e-07	
         1.63345	        0.937501	        0.937507	    -6.56208e-06	
         1.71942	        0.992577	        0.992585	    -8.15258e-06	
         1.80539	         1.05126	         1.05126	    -4.59257e-06	
         1.89136	         1.10921	          1.1092	     3.67654e-06	
         1.97733	         1.16186	         1.16184	     1.50949e-05	
          2.0633	         1.20509	         1.20506	     2.71681e-05	
         2.14928	         1.23591	         1.23587	     3.68526e-05	
         2.23525	         1.25314	          1.2531	      4.1075e-05	
         2.32122	         1.25798	         1.25794	     3.73744e-05	
         2.40719	         1.25387	         1.25384	     2.47636e-05	
         2.49316	         1.24567	         1.24567	     4.66187e-06	
         2.57913	         1.23824	         1.23825	    -1.86244e-05	
          2.6651	          1.2351	         1.23514	    -3.85235e-05	
         2.75107	         1.23788	         1.23793	    -4.85043e-05	
         2.83704	         1.24644	         1.24649	    -4.47422e-05	
         2.92302	         1.25937	         1.25939	    -2.81534e-05	
         3.00899	         1.27441	         1.27441	    -4.34047e-06	
         3.09496	         1.28896	         1.28894	     1.88256e-05	
         3.18093	         1.30084	          1.3008	      3.4789e-05	
          3.2669	         1.30927	         1.30923	     4.00756e-05	
         3.35287	         1.31564	          1.3156	     3.46337e-05	
         3.43884	         1.32331	         1.32329	     2.13743e-05	
         3.52481	         1.33653	         1.33653	     5.41797e-06	
         3.61078	         1.35866	         1.35867	    -6.82595e-06	
         3.69675	         1.39081	         1.39082	    -1.09909e-05	
         3.78273	         1.43155	         1.43156	    -7.96191e-06	
          3.8687	         1.47767	         1.47767	    -2.06735e-06	
         3.95467	         1.52509	         1.52509	     2.27359e-06	
         4.04064	         1.56982	         1.56981	     1.53894e-06	
         4.12661	         1.60869	          1.6087	    -5.15551e-06	
         4.21258	         1.63996	         1.63998	    -1.59226e-05	
         4.29855	         1.66344	         1.66347	    -2.76402e-05	
         4.38452	         1.68058	         1.68061	    -3.70049e-05	
         4.47049	         1.69415	         1.69419	    -4.09508e-05	
         4.55646	         1.70747	         1.70751	    -3.88648e-05	
         4.64244	         1.72349	         1.72352	    -3.46858e-05	
         4.72841	         1.74422	         1.74426	     -3.3883e-05	
         4.81438	         1.77042	         1.77046	    -4.05166e-05	
         4.90035	         1.80157	         1.80162	    -5.46287e-05	
         4.98632	         1.83601	         1.83608	    -7.31141e-05	
         5.07229	         1.87131	          1.8714	    -9.29908e-05	
         5.15826	         1.90503	         1.90514	    -0.000111284	
         5.24423	         1.93545	         1.93558	    -0.000127052	
          5.3302	         1.96186	           1.962	    -0.000140984	
         5.41618	         1.98455	          1.9847	    -0.000149527	
         5.50215	         2.00467	         2.00481	    -0.000147852	
         5.58812	         2.02376	          2.0239	    -0.000133916	
         5.67409	         2.04312	         2.04323	    -0.000108881	
         5.76006	         2.06327	         2.06335	    -7.66647e-05	
         5.84603	         2.08406	         2.08411	    -4.39761e-05	
           5.932	         2.10508	          2.1051	    -1.65664e-05	
         6.01797	         2.12614	         2.12614	     4.18652e-06	
         6.10394	          2.1474	         2.14738	     1.85394e-05	
         6.18991	         2.16879	         2.16876	     2.74752e-05	
         6.27589	         2.18962	         2.18958	     3.45828e-05	
         6.36186	         2.20859	         2.20855	     4.46495e-05	
         6.44783	         2.22429	         2.22423	     5.60826e-05	
          6.5338	         2.23594	         2.23588	     6.01445e-05	
         6.61977	         2.24358	         2.24353	     4.92199e-05	
         6.70574	         2.24765	         2.24763	     2.08893e-05	
         6.79171	         2.24864	         2.24866	    -1.91151e-05	
         6.87768	         2.24721	         2.24727	    -5.83539e-05	
         6.96365	         2.24455	         2.24464	    -8.71322e-05	
         7.04962	         2.24187	         2.24197	    -9.98658e-05	
          7.1356	         2.23981	          2.2399	    -9.68699e-05	
         7.22157	         2.23833	         2.23842	    -8.35196e-05	
         7.30754	         2.23749	         2.23755	    -6.58095e-05	
         7.39351	         2.23802	         2.23807	    -4.80166e-05	
         7.47948	         2.24103	         2.24106	    -3.15668e-05	
         7.56545	         2.24672	         2.24674	     -1.7494e-05	
         7.65142	         2.25383	         2.25384	    -6.98515e-06	
         7.73739	         2.26039	         2.26039	    -2.77817e-07	
         7.82336	         2.26493	         2.26492	     2.42716e-06	
         7.90934	         2.26728	         2.26728	    -1.85319e-06	
         7.99531	         2.26862	         2.26864	    -1.35334e-05	
         8.08128	         2.27051	         2.27053	     -2.9501e-05	
         8.16725	         2.27392	         2.27396	    -4.43657e-05	
         8.25322	         2.27868	         2.27874	    -5.53437e-05	
         8.33919	         2.28377	         2.28384	    -6.46441e-05	
         8.42516	          2.2883	         2.28838	    -7.51955e-05	
         8.51113	          2.2923	         2.29238	    -8.58496e-05	
          8.5971	         2.29655	         2.29664	    -9.28944e-05	
         8.68307	          2.3018	         2.30189	    -8.97944e-05	
         8.76905	         2.30844	         2.30851	    -6.78163e-05	
         8.85502	         2.31673	         2.31676	     -2.9656e-05	
         8.94099	          2.3267	          2.3267	     6.86252e-06	
         9.02696	         2.33782	         2.33779	     2.37363e-05	
         9.11293	          2.3489	         2.34888	     1.82949e-05	
          9.1989	         2.35869	         2.35869	     1.11429e-06	
         9.28487	         2.36664	         2.36666	    -1.86948e-05	
         9.37084	         2.37318	         2.37322	    -3.38719e-05	
         9.45681	         2.37911	         2.37915	    -4.25275e-05	
         9.54279	         2.38501	         2.38506	     -4.5573e-05	
         9.62876	         2.39104	         2.39108	    -4.51397e-05	
         9.71473	         2.39706	          2.3971	    -4.66726e-05	
          9.8007	         2.40301	         2.40307	    -5.65133e-05	
         9.88667	         2.40919	         2.40927	    -7.66087e-05	
         9.97264	         2.41603	         2.41614	    -0.000105932	
         10.0586	         2.42355	          2.4237	    -0.000149602	
         10.1446	         2.43138	         2.43158	    -0.000201501	
         10.2306	         2.43941	         2.43965	     -0.00023832	
         10.3165	         2.44795	         2.44819	     -0.00023624	
         10.4025	         2.45729	         2.45749	    -0.000192111	
         10.4885	         2.46726	         2.46738	    -0.000124495	
         10.5744	         2.47696	         2.47702	    -5.81734e-05	
         10.6604	         2.48517	         2.48518	    -1.06903e-05	
         10.7464	         2.49069	         2.49068	     1.27806e-05	
         10.8324	         2.49259	         2.49257	      2.3725e-05	
         10.9183	         2.48999	         2.48997	     2.84607e-05	
         11.0043	         2.48298	         2.48296	     1.91268e-05	
         11.0903	         2.47304	         2.47305	    -1.24293e-05	
         11.1762	         2.46277	         2.46283	    -6.43279e-05	
         11.2622	         2.45535	         2.45546	    -0.000116794	
         11.3482	         2.45368	         2.45382	    -0.000148337	
         11.4341	         2.45872	         2.45887	    -0.000153141	
         11.5201	          2.4682	         2.46834	    -0.000142021	
         11.6061	         2.47838	         2.47851	    -0.000128864	
         11.6921	         2.48635	         2.48648	    -0.000127669	
          11.778	         2.49111	         2.49125	    -0.000144124	
          11.864	         2.49276	         2.49294	    -0.000174243	
           11.95	         2.49134	         2.49155	    -0.000204399	
         12.0359	         2.48674	         2.48695	      -0.0002145	
         12.1219	         2.47899	         2.47918	    -0.000196923	
         12.2079	         2.46889	         2.46904	    -0.000150567	
         12.2939	         2.45837	         2.45846	    -8.50981e-05	
         12.3798	         2.44982	         2.44983	    -1.32957e-05	
         12.4658	          2.4454	         2.44535	     5.07344e-05	
         12.5518	         2.44604	         2.44595	     8.87868e-05	
         12.6377	         2.45084	         2.45074	     9.77767e-05	
         12.7237	         2.45799	         2.45789	     9.28969e-05	
         12.8097	         2.46528	         2.46519	     8.39895e-05	
         12.8957	         2.47058	          2.4705	     7.94378e-05	
         12.9816	         2.47291	         2.47282	     8.71525e-05	
         13.0676	          2.4726	         2.47249	     0.000101769	
         13.1536	         2.47097	         2.47085	     0.000111828	
         13.2395	         2.46956	         2.46945	      0.00010861	
         13.3255	         2.46963	         2.46955	      7.7776e-05	
         13.4115	         2.47192	         2.47191	     1.01536e-05	
         13.4975	         2.47671	         2.47679	    -7.49034e-05	
         13.5834	         2.48352	         2.48367	    -0.000152214	
         13.6694	          2.4913	         2.49151	    -0.000205587	
         13.7554	         2.49922	         2.49944	    -0.000223492	
         13.8413	           2.507	         2.50721	    -0.000210541	
         13.9273	         2.51525	         2.51543	    -0.000185597	
         14.0133	          2.5244	         2.52457	    -0.000168404	
         14.0992	         2.53357	         2.53374	    -0.000170569	
         14.1852	         2.54155	         2.54175	    -0.000194099	
         14.2712	         2.54733	         2.54755	    -0.000223303	
         14.3572	         2.55047	         2.55071	    -0.000233729	
         14.4431	         2.55118	          2.5514	    -0.000216687	
         14.5291	         2.55018	         2.55036	    -0.000174362	
         14.6151	         2.54868	          2.5488	    -0.000116377	
          14.701	          2.5477	         2.54776	    -5.46317e-05	
          14.787	          2.5475	         2.54749	     6.25318e-06	
          14.873	         2.54723	         2.54717	     5.52086e-05	
          14.959	         2.54618	          2.5461	     7.64161e-05	
         15.0449	         2.54452	         2.54447	     5.38252e-05	
         15.1309	         2.54303	         2.54305	     -1.4972e-05	
         15.2169	         2.54242	         2.54253	    -0.000103158	
         15.3028	         2.54338	         2.54355	    -0.000178425	
         15.3888	         2.54685	         2.54707	    -0.000222631	
         15.4748	         2.55375	         2.55399	    -0.000239512	
         15.5608	         2.56408	         2.56431	    -0.000233989	
         15.6467	         2.57701	         2.57722	    -0.000208967	
         15.7327	         2.59122	         2.59139	    -0.000176783	
         15.8187	         2.60477	         2.60493	    -0.000157868	
         15.9046	         2.61544	         2.61561	    -0.000168257	
         15.9906	         2.62151	         2.62172	    -0.000206551	
         16.0766	         2.62204	          2.6223	    -0.000266917	
         16.1626	         2.61701	         2.61734	    -0.000335581	
         16.2485	         2.60785	         2.60824	    -0.000392988	
         16.3345	         2.59692	         2.59735	    -0.000423329	
         16.4205	         2.58711	         2.58754	    -0.000426216	
         16.5064	         2.58115	         2.58157	    -0.000414994	
         16.5924	         2.58027	         2.58067	    -0.000400306	
         16.6784	         2.58377	         2.58416	    -0.000396078	
         16.7644	          2.5896	            2.59	    -0.000403659	
         16.8503	         2.59556	         2.59598	    -0.000424407	
         16.9363	         2.60028	         2.60074	    -0.000461408	
         17.0223	         2.60334	         2.60385	    -0.000510216	
         17.1082	         2.60522	         2.60577	    -0.000553705	
         17.1942	          2.6066	         2.60716	    -0.000564345	
         17.2802	         2.60779	         2.60832	    -0.000534647	
         17.3661	         2.60916	         2.60965	    -0.000482877	
         17.4521	         2.61076	          2.6112	    -0.000431549	
         17.5381	         2.61258	         2.61297	     -0.00038704	
         17.6241	         2.61477	         2.61511	    -0.000346496	
           17.71	         2.61754	         2.61784	    -0.000299158	
          17.796	         2.62068	         2.62092	    -0.000237355	
          17.882	         2.62378	         2.62395	    -0.000166161	
         17.9679	         2.62669	         2.62679	    -0.000102601	
         18.0539	         2.62926	         2.62932	    -5.80101e-05	
         18.1399	         2.63079	         2.63082	    -3.68043e-05	
         18.2259	         2.63012	         2.63016	     -4.0871e-05	
         18.3118	         2.62677	         2.62684	    -7.32677e-05	
         18.3978	         2.62149	         2.62162	     -0.00013441	
         18.4838	          2.6158	         2.61601	    -0.000207094	
         18.5697	         2.61165	         2.61192	    -0.000270642	
         18.6557	         2.61044	         2.61073	    -0.000295232	
         18.7417	         2.61216	         2.61243	    -0.000263317	
         18.8277	         2.61634	         2.61652	    -0.000181228	
         18.9136	           2.622	         2.62209	    -9.12834e-05	
         18.9996	         2.62797	         2.62799	    -2.32737e-05	
         19.0856	         2.63309	         2.63308	       7.607e-06	
         19.1715	          2.6373	         2.63731	    -1.19177e-05	
         19.2575	         2.64108	         2.64116	    -7.91464e-05	
         19.3435	         2.64482	         2.64501	    -0.000189752	
         19.4295	         2.64877	         2.64908	    -0.000314793	
         19.5154	         2.65293	         2.65335	    -0.000424902	
         19.6014	         2.65709	         2.65759	    -0.000498784	
         19.6874	         2.66102	         2.66154	    -0.000522316	
         19.7733	         2.66445	         2.66494	    -0.000492928	
         19.8593	         2.66668	         2.66711	    -0.000431802	
         19.9453	         2.66682	         2.66719	    -0.000375594	
         20.0313	         2.66401	         2.66435	    -0.000344003	
         20.1172	         2.65795	         2.65828	    -0.000329729	
         20.2032	         2.64959	         2.64991	    -0.000316907	
         20.2892	         2.64115	         2.64144	    -0.000290589	
         20.3751	         2.63511	         2.63536	     -0.00025148	
         20.4611	         2.63318	         2.63339	    -0.000208914	
         20.5471	          2.6358	         2.63597	    -0.000176876	
          20.633	         2.64175	         2.64192	     -0.00016983	
          20.719	         2.64904	         2.64923	    -0.000188013	
          20.805	         2.65576	         2.65599	    -0.000221456	
          20.891	          2.6607	         2.66095	     -0.00025597	
         20.9769	         2.66341	         2.66369	    -0.000283651	
         21.0629	         2.66363	         2.66394	    -0.000303712	
         21.1489	         2.66175	         2.66207	    -0.000320419	
         21.2348	         2.65914	         2.65947	    -0.000329236	
         21.3208	         2.65712	         2.65745	    -0.000328251	
         21.4068	         2.65641	         2.65673	    -0.000325783	
         21.4928	         2.65762	         2.65796	    -0.000338635	
         21.5787	         2.66131	          2.6617	    -0.000390661	
         21.6647	         2.66723	         2.66769	    -0.000456652	
         21.7507	         2.67465	         2.67517	    -0.000518408	
         21.8366	         2.68308	         2.68363	    -0.000556382	
         21.9226	         2.69201	         2.69257	     -0.00055828	
         22.0086	         2.70048	         2.70101	    -0.000531236	
         22.0946	          2.7072	         2.70769	    -0.000486568	
         22.1805	         2.71162	         2.71206	    -0.000430992	
         22.2665	         2.71448	         2.71485	     -0.00036582	
         22.3525	         2.71684	         2.71712	    -0.000276811	
         22.4384	         2.71911	         2.71928	    -0.000165176	
         22.5244	         2.72045	         2.72049	    -4.22813e-05	
         22.6104	         2.71976	          2.7197	     6.11068e-05	
         22.6964	           2.717	         2.71689	     0.000108218	
         22.7823	         2.71342	         2.71332	     0.000101367	
         22.8683	         2.71075	         2.71067	     7.40257e-05	
         22.9543	          2.7099	         2.70987	     3.36905e-05	
         23.0402	         2.71128	         2.71131	    -2.92546e-05	
         23.1262	         2.71439	         2.71449	    -9.86118e-05	
         23.2122	         2.71784	         2.71799	    -0.000150484	
         23.2982	         2.71989	         2.72007	    -0.000181032	
         23.3841	         2.71917	         2.71938	    -0.000203987	
         23.4701	         2.71499	         2.71523	    -0.000241374	
         23.5561	          2.7081	         2.70839	    -0.000296795	
          23.642	         2.70075	         2.70111	     -0.00036127	
          23.728	         2.69575	         2.69617	    -0.000421796	
          23.814	         2.69467	         2.69515	    -0.000473945	
         23.8999	         2.69638	         2.69691	    -0.000529424	
         23.9859	          2.6984	         2.69899	    -0.000589469	
         24.0719	         2.69902	         2.69967	    -0.000648209	
         24.1579	         2.69809	         2.69878	    -0.000692594	
         24.2438	         2.69695	         2.69766	     -0.00071011	
         24.3298	         2.69709	         2.69779	     -0.00069349	
         24.4158	         2.69865	          2.6993	    -0.000646846	
         24.5017	         2.69994	         2.70053	    -0.000585033	
         24.5877	         2.69867	         2.69918	    -0.000512387	
         24.6737	         2.69385	         2.69429	    -0.000434898	
         24.7597	         2.68697	         2.68734	    -0.000370143	
         24.8456	         2.68126	         2.68159	     -0.00033382	
         24.9316	         2.67977	         2.68009	    -0.000319037	
         25.0176	         2.68401	         2.68433	    -0.000315031	
         25.1035	         2.69303	         2.69336	    -0.000327994	
         25.1895	         2.70413	         2.70449	    -0.000358387	
         25.2755	         2.71461	         2.71501	    -0.000400876	
         25.3615	         2.72276	         2.72322	    -0.000458119	
         25.4474	         2.72823	         2.72876	    -0.000530848	
         25.5334	         2.73179	          2.7324	    -0.000605041	
         25.6194	         2.73444	         2.73511	    -0.000668453	
         25.7053	         2.73633	         2.73705	      -0.0007241	
         25.7913	         2.73712	         2.73789	    -0.000768476	
         25.8773	         2.73662	         2.73743	    -0.000804037	
         25.9633	         2.73474	         2.73557	    -0.000833322	
         26.0492	         2.73163	         2.73248	    -0.000847104	
         26.1352	          2.7279	         2.72874	    -0.000838831	
         26.2212	         2.72401	         2.72483	    -0.000822603	
         26.3071	         2.72022	         2.72102	     -0.00079658	
         26.3931	         2.71645	         2.71719	     -0.00074385	
         26.4791	         2.71224	         2.71291	    -0.000670822	
         26.5651	         2.70749	         2.70809	    -0.000600823	
          26.651	         2.70247	         2.70303	    -0.000564787	
          26.737	          2.6976	         2.69816	    -0.000565918	
          26.823	         2.69349	         2.69408	    -0.000585624	
         26.9089	         2.69085	         2.69145	    -0.000596566	
         26.9949	         2.69022	         2.69079	    -0.000574219	
         27.0809	         2.69171	         2.69222	    -0.000507751	
         27.1668	         2.69521	         2.69564	    -0.000425003	
         27.2528	         2.69987	         2.70027	    -0.000396789	
         27.3388	         2.70439	         2.70482	    -0.000427146	
         27.4248	         2.70797	         2.70844	    -0.000469657	
         27.5107	         2.71052	         2.71097	    -0.000450429	
         27.5967	         2.71208	         2.71242	    -0.000340998	
         27.6827	         2.71233	          2.7125	    -0.000167675	
         27.7686	         2.71067	         2.71066	     6.94871e-06	
         27.8546	         2.70683	         2.70671	     0.000118226	
         27.9406	         2.70164	          2.7015	     0.000131938	
         28.0266	         2.69696	          2.6969	     6.31295e-05	
         28.1125	         2.69474	          2.6948	    -5.45758e-05	
         28.1985	         2.69614	         2.69633	    -0.000181539	
         28.2845	         2.70105	         2.70135	    -0.000298813	
         28.3704	         2.70803	         2.70844	    -0.000408356	
         28.4564	         2.71457	         2.71508	    -0.000509672	
         28.5424	         2.71872	          2.7193	     -0.00058524	
         28.6284	         2.72031	         2.72091	    -0.000600501	
         28.7143	         2.72037	         2.72091	    -0.000532441	
         28.8003	         2.72009	         2.72047	    -0.000383011	
         28.8863	         2.72005	         2.72023	    -0.000188125	
         28.9722	          2.7196	         2.71961	    -1.54044e-06	
         29.0582	         2.71771	         2.71757	     0.000141148	
         29.1442	         2.71394	         2.71371	     0.000238736	
         29.2302	         2.70911	         2.70881	     0.000299149	
         29.3161	         2.70478	         2.70445	     0.000335732	
         29.4021	         2.70252	         2.70217	     0.000351855	
         29.4881	          2.7027	         2.70238	     0.000318098	
          29.574	         2.70415	         2.70394	     0.000212772	
           29.66	         2.70561	         2.70554	     6.28746e-05	
          29.746	         2.70681	          2.7069	     -9.0222e-05	
         29.8319	          2.7084	         2.70862	    -0.000218632	
         29.9179	         2.71121	         2.71151	    -0.000302134	
         30.0039	         2.71541	         2.71576	    -0.000349639	
         30.0899	         2.72049	         2.72087	    -0.000377284	
         30.1758	         2.72594	         2.72633	    -0.000393016	
         30.2618	         2.73119	         2.73159	    -0.000399139	
         30.3478	         2.73534	         2.73573	    -0.000390309	
         30.4337	         2.73763	         2.73799	     -0.00035733	
         30.5197	         2.73802	          2.7383	    -0.000281052	
         30.6057	         2.73701	         2.73716	    -0.000153256	
         30.6917	         2.73528	         2.73526	     2.38914e-05	
         30.7776	         2.73372	         2.73349	     0.000235848	
         30.8636	         2.73264	         2.73221	     0.000434685	
         30.9496	         2.73195	          2.7314	     0.000557336	
         31.0355	         2.73134	         2.73075	     0.000586956	
         31.1215	         2.73036	         2.72982	     0.000536539	
         31.2075	         2.72878	         2.72836	     0.000418844	
         31.2935	         2.72711	         2.72687	     0.000246661	
         31.3794	          2.7262	         2.72614	     5.96391e-05	
         31.4654	         2.72702	         2.72714	    -0.000118546	
         31.5514	         2.73015	          2.7304	    -0.000258327	
         31.6373	         2.73523	         2.73556	    -0.000333861	
         31.7233	         2.74104	          2.7414	    -0.000355503	
         31.8093	         2.74634	         2.74668	    -0.000343286	
         31.8953	         2.75089	          2.7512	    -0.000309992	
         31.9812	         2.75461	         2.75488	    -0.000271616	
         32.0672	         2.75712	         2.75735	    -0.000229298	
         32.1532	         2.75791	          2.7581	    -0.000184991	
         32.2391	         2.75641	         2.75656	    -0.000152523	
         32.3251	         2.75225	          2.7524	    -0.000153449	
         32.4111	         2.74576	         2.74597	    -0.000206448	
         32.4971	         2.73795	         2.73826	    -0.000309796	
          32.583	         2.73051	         2.73096	    -0.000454512	
          32.669	         2.72539	         2.72602	    -0.000630028	
          32.755	         2.72323	         2.72404	    -0.000806986	
         32.8409	         2.72334	          2.7243	    -0.000960154	
         32.9269	          2.7257	         2.72675	     -0.00105391	
         33.0129	         2.73105	         2.73214	     -0.00109129	
         33.0988	         2.73869	         2.73979	     -0.00110241	
         33.1848	          2.7461	         2.74718	     -0.00108019	
         33.2708	         2.75115	         2.75219	     -0.00103828	
         33.3568	           2.753	         2.75399	    -0.000986148	
         33.4427	         2.75214	         2.75307	    -0.000928283	
         33.5287	         2.74969	         2.75055	     -0.00086681	
         33.6147	         2.74672	         2.74752	    -0.000802941	
         33.7006	         2.74426	           2.745	    -0.000749472	
         33.7866	         2.74313	         2.74385	    -0.000722115	
         33.8726	         2.74356	         2.74427	    -0.000717337	
         33.9586	         2.74483	         2.74555	    -0.000723509	
         34.0445	         2.74558	          2.7463	    -0.000719124	
         34.1305	         2.74441	          2.7451	    -0.000683307	
         34.2165	         2.74071	         2.74134	    -0.000626935	
         34.3024	         2.73522	         2.73578	    -0.000562538	
         34.3884	         2.72937	         2.72989	    -0.000520235	
         34.4744	         2.72408	         2.72462	    -0.000538756	
         34.5604	         2.71986	          2.7205	    -0.000644184	
         34.6463	         2.71779	          2.7186	    -0.000813416	
         34.7323	         2.71931	         2.72028	    -0.000973164	
         34.8183	         2.72472	         2.72578	     -0.00105986	
         34.9042	         2.73277	         2.73381	     -0.00104211	
         34.9902	         2.74105	         2.74199	    -0.000937048	
         35.0762	         2.74735	         2.74815	    -0.000796054	
         35.1622	          2.7505	         2.75116	    -0.000661836	
         35.2481	         2.75049	         2.75104	    -0.000554788	
         35.3341	         2.74844	         2.74892	    -0.000483708	
         35.4201	         2.74569	         2.74613	     -0.00043532	
          35.506	         2.74364	         2.74404	    -0.000403877	
          35.592	         2.74255	         2.74295	    -0.000408126	
          35.678	         2.74195	         2.74239	    -0.000437814	
          35.764	         2.74141	         2.74188	    -0.000461122	
         35.8499	         2.74043	          2.7409	    -0.000472578	
         35.9359	         2.73888	         2.73936	    -0.000478226	
         36.0219	         2.73719	         2.73768	    -0.000495813	
         36.1078	         2.73595	         2.73648	    -0.000529865	
         36.1938	         2.73549	         2.73607	    -0.000573106	
         36.2798	         2.73561	         2.73622	    -0.000613571	
         36.3657	         2.73583	         2.73647	    -0.000637795	
         36.4517	         2.73537	         2.73601	    -0.000643535	
         36.5377	         2.73309	         2.73372	     -0.00062827	
         36.6237	         2.72857	         2.72917	    -0.000596666	
         36.7096	         2.72267	         2.72324	    -0.000573668	
         36.7956	         2.71704	          2.7176	    -0.000569098	
         36.8816	         2.71353	         2.71409	    -0.000562941	
         36.9675	         2.71332	         2.71385	    -0.000532569	
         37.0535	          2.7159	         2.71636	    -0.000464462	
         37.1395	         2.72005	         2.72042	    -0.000365126	
         37.2255	         2.72485	         2.72515	    -0.000303192	
         37.3114	         2.73001	         2.73036	    -0.000345898	
         37.3974	         2.73533	          2.7358	    -0.000466448	
         37.4834	         2.73997	         2.74057	    -0.000609031	
         37.5693	         2.74312	         2.74387	    -0.000757161	
         37.6553	         2.74483	         2.74572	    -0.000886908	
         37.7413	         2.74586	         2.74682	    -0.000966125	
         37.8273	         2.74733	         2.74831	    -0.000975434	
         37.9132	         2.74981	         2.75079	    -0.000977531	
         37.9992	         2.75264	         2.75364	     -0.00100399	
         38.0852	         2.75514	         2.75615	     -0.00101207	
         38.1711	         2.75725	          2.7582	    -0.000946922	
         38.2571	          2.7597	          2.7605	    -0.000804262	
         38.3431	         2.76345	         2.76409	    -0.000632769	
         38.4291	         2.76885	         2.76931	    -0.000456753	
          38.515	         2.77505	         2.77534	    -0.000289526	
          38.601	         2.78066	         2.78078	    -0.000122182	
          38.687	         2.78459	         2.78454	     4.82361e-05	
         38.7729	         2.78632	         2.78609	     0.000221402	
         38.8589	         2.78619	          2.7858	     0.000392731	
         38.9449	         2.78519	         2.78464	     0.000545663	
         39.0309	         2.78416	          2.7835	     0.000661884	
         39.1168	         2.78325	         2.78255	     0.000702296	
         39.2028	         2.78154	          2.7809	     0.000634982	
         39.2888	         2.77879	         2.77832	     0.000464558	
         39.3747	         2.77618	         2.77598	     0.000200745	
         39.4607	         2.77512	         2.77523	    -0.000105394	
         39.5467	          2.7755	         2.77589	    -0.000393054	
         39.6326	         2.77637	         2.77697	    -0.000604404	
         39.7186	         2.77674	         2.77745	    -0.000711394	
         39.8046	         2.77615	         2.77688	    -0.000726447	
         39.8906	         2.77488	         2.77553	     -0.00065759	
         39.9765	         2.77346	         2.77397	    -0.000504231	
         40.0625	         2.77221	          2.7725	    -0.000292215	
         40.1485	         2.77083	          2.7709	    -6.12184e-05	
         40.2344	          2.7686	         2.76845	     0.000148922	
         40.3204	         2.76504	         2.76472	     0.000322796	
         40.4064	         2.76005	          2.7596	     0.000452807	
         40.4924	         2.75436	          2.7538	     0.000555555	
         40.5783	         2.74994	         2.74931	     0.000630151	
         40.6643	         2.74874	         2.74809	     0.000657346	
         40.7503	          2.7514	         2.75076	     0.000633506	
         40.8362	         2.75677	         2.75621	     0.000551934	
         40.9222	         2.76266	         2.76222	     0.000445134	
         41.0082	         2.76724	         2.76688	      0.00036499	
         41.0942	         2.76927	         2.76892	     0.000350133	
         41.1801	         2.76867	         2.76829	      0.00038535	
         41.2661	         2.76649	         2.76608	     0.000409378	
         41.3521	         2.76401	         2.76362	     0.000392166	
          41.438	         2.76191	         2.76158	     0.000329629	
          41.524	         2.76008	         2.75982	      0.00025456	
           41.61	         2.75856	         2.75836	     0.000201128	
          41.696	         2.75826	         2.75808	      0.00017509	
         41.7819	          2.7602	         2.76003	     0.000170067	
         41.8679	          2.7645	         2.76431	     0.000184826	
         41.9539	         2.77065	         2.77044	     0.000208675	
         42.0398	         2.77794	         2.77773	     0.000212559	
         42.1258	         2.78539	         2.78521	     0.000185566	
         42.2118	         2.79245	         2.79231	     0.000140405	
         42.2977	          2.7985	         2.79841	     9.53635e-05	
         42.3837	         2.80283	         2.80282	     1.12402e-05	
         42.4697	          2.8045	         2.80465	    -0.000145844	
         42.5557	         2.80264	         2.80304	    -0.000395974	
         42.6416	         2.79669	          2.7974	    -0.000707571	
         42.7276	         2.78692	         2.78791	    -0.000992919	
         42.8136	         2.77488	         2.77604	     -0.00116281	
         42.8995	         2.76295	         2.76413	     -0.00117647	
         42.9855	         2.75368	         2.75475	     -0.00107775	
         43.0715	         2.74895	         2.74992	    -0.000973756	
         43.1575	         2.74934	         2.75028	    -0.000932428	
         43.2434	         2.75396	         2.75489	    -0.000929038	
         43.3294	         2.76088	         2.76178	    -0.000901523	
         43.4154	         2.76799	         2.76881	    -0.000814736	
         43.5013	         2.77378	         2.77445	    -0.000670807	
         43.5873	          2.7776	          2.7781	    -0.000502058	
         43.6733	         2.77966	         2.78001	    -0.000356148	
         43.7593	         2.78034	         2.78062	     -0.00027908	
         43.8452	         2.77966	         2.77999	    -0.000332941	
         43.9312	          2.7775	           2.778	    -0.000504204	
         44.0172	         2.77374	         2.77443	     -0.00068915	
         44.1031	         2.76809	         2.76887	    -0.000778536	
         44.1891	          2.7607	         2.76143	    -0.000729649	
         44.2751	         2.75282	          2.7534	    -0.000575298	
         44.3611	          2.7467	          2.7471	      -0.0004039	
          44.447	         2.74445	         2.74475	    -0.000295463	
          44.533	         2.74678	         2.74704	    -0.000254983	
          44.619	         2.75336	         2.75362	    -0.000259948	
         44.7049	         2.76336	         2.76365	    -0.000285681	
         44.7909	         2.77511	         2.77539	    -0.000288917	
         44.8769	         2.78604	         2.78632	    -0.000271417	
         44.9629	         2.79349	         2.79373	    -0.000245936	
         45.0488	         2.79597	         2.79616	    -0.000195144	
         45.1348	         2.79358	         2.79369	    -0.000116551	
         45.2208	         2.78763	         2.78767	    -3.85353e-05	
         45.3067	         2.78034	         2.78033	     1.69305e-05	
         45.3927	         2.77413	         2.77408	     4.30467e-05	
         45.4787	         2.77061	         2.77056	     5.15755e-05	
         45.5646	         2.77018	         2.77015	     3.62596e-05	
         45.6506	         2.77211	         2.77212	    -5.90276e-06	
         45.7366	         2.77511	         2.77519	    -8.52595e-05	
         45.8226	         2.77795	         2.77817	    -0.000213402	
         45.9085	         2.77989	         2.78025	    -0.000361354	
         45.9945	         2.78093	         2.78137	    -0.000441657	
         46.0805	         2.78156	         2.78198	    -0.000422973	
         46.1664	         2.78207	         2.78237	    -0.000294246	
         46.2524	         2.78184	         2.78196	    -0.000120874	
         46.3384	         2.78018	         2.78015	     2.71757e-05	
         46.4244	         2.77691	          2.7768	     0.000111018	
         46.5103	         2.77255	         2.77242	       0.0001301	
         46.5963	         2.76798	         2.76789	     9.14532e-05	
         46.6823	         2.76408	          2.7641	    -1.80869e-05	
         46.7682	         2.76138	          2.7616	    -0.000217562	
         46.8542	          2.7599	         2.76041	    -0.000512545	
         46.9402	         2.75934	         2.76016	    -0.000820463	
         47.0262	         2.75908	         2.76013	     -0.00105814	
         47.1121	         2.75875	         2.75994	     -0.00119032	
         47.1981	         2.75833	         2.75954	     -0.00120935	
         47.2841	         2.75762	         2.75874	     -0.00111811	
           47.37	         2.75645	         2.75737	    -0.000926501	
          47.456	         2.75497	         2.75563	    -0.000660357	
          47.542	         2.75309	         2.75351	    -0.000413115	
          47.628	         2.75034	          2.7506	    -0.000262059	
         47.7139	         2.74664	         2.74688	    -0.000233733	
         47.7999	         2.74244	         2.74275	    -0.000314649	
         47.8859	         2.73845	         2.73891	    -0.000462767	
         47.9718	         2.73571	         2.73634	     -0.00063175	
         48.0578	         2.73514	         2.73591	    -0.000770823	
         48.1438	         2.73695	         2.73779	    -0.000832026	
         48.2298	         2.74066	         2.74147	     -0.00080338	
         48.3157	         2.74568	          2.7464	    -0.000723735	
         48.4017	         2.75167	          2.7523	    -0.000630846	
         48.4877	         2.75831	         2.75887	    -0.000551945	
         48.5736	         2.76504	         2.76554	    -0.000497417	
         48.6596	         2.77139	         2.77188	     -0.00048595	
         48.7456	         2.77709	         2.77763	    -0.000540419	
         48.8315	         2.78184	         2.78245	    -0.000606842	
         48.9175	         2.78566	         2.78628	    -0.000620738	
         49.0035	         2.78884	         2.78942	    -0.000582379	
         49.0895	          2.7918	         2.79232	    -0.000517771	
         49.1754	         2.79465	         2.79512	    -0.000465787	
         49.2614	         2.79709	         2.79751	    -0.000427293	
         49.3474	         2.79851	          2.7989	    -0.000389424	
         49.4333	         2.79886	         2.79918	    -0.000328074	
         49.5193	         2.79853	         2.79874	    -0.000212219	
         49.6053	         2.79785	         2.79789	    -3.83259e-05	
         49.6913	         2.79703	         2.79691	     0.000123034	
         49.7772	         2.79597	         2.79581	     0.000163465	
         49.8632	         2.79415	         2.79413	     2.43906e-05	
         49.9492	         2.79125	         2.79149	     -0.00024049	
         50.0351	         2.78768	         2.78816	    -0.000475457	
         50.1211	         2.78423	         2.78477	    -0.000536542	
         50.2071	         2.78185	         2.78225	    -0.000396842	
         50.2931	         2.78138	         2.78152	    -0.000135569	
          50.379	         2.78316	         2.78305	     0.000111525	
          50.465	         2.78687	         2.78663	     0.000241309	
          50.551	         2.79132	          2.7911	     0.000225567	
         50.6369	         2.79546	         2.79535	     0.000112328	
         50.7229	         2.79839	         2.79839	     2.58969e-07	
         50.8089	         2.79946	         2.79951	    -5.07973e-05	
         50.8949	         2.79885	         2.79889	    -4.61406e-05	
         50.9808	         2.79738	         2.79743	    -4.49731e-05	
         51.0668	         2.79519	         2.79525	    -6.02892e-05	
         51.1528	         2.79187	         2.79196	    -9.24841e-05	
         51.2387	          2.7869	         2.78707	    -0.000178035	
         51.3247	         2.78028	         2.78061	    -0.000330943	
         51.4107	         2.77264	         2.77315	    -0.000512843	
         51.4967	         2.76457	         2.76524	    -0.000670329	
         51.5826	         2.75719	         2.75794	     -0.00074854	
         51.6686	         2.75237	         2.75313	    -0.000756733	
         51.7546	         2.75131	         2.75206	    -0.000749179	
         51.8405	         2.75378	         2.75452	    -0.000742206	
         51.9265	         2.75891	         2.75968	     -0.00077507	
         52.0125	         2.76527	         2.76607	    -0.000798691	
         52.0984	          2.7717	         2.77247	    -0.000766639	
         52.1844	         2.77766	         2.77834	    -0.000681108	
         52.2704	         2.78308	         2.78366	    -0.000575104	
         52.3564	         2.78795	         2.78844	    -0.000492076	
         52.4423	         2.79123	         2.79166	    -0.000428053	
         52.5283	         2.79126	         2.79164	    -0.000377607	
         52.6143	          2.7877	         2.78804	    -0.000341372	
         52.7002	         2.78177	         2.78211	    -0.000340158	
         52.7862	         2.77554	         2.77592	    -0.000375648	
         52.8722	         2.77047	         2.77088	    -0.000409216	
         52.9582	         2.76717	          2.7676	    -0.000422035	
         53.0441	         2.76583	         2.76633	    -0.000492878	
         53.1301	         2.76621	         2.76684	    -0.000624973	
         53.2161	          2.7681	         2.76879	    -0.000696156	
          53.302	         2.77178	         2.77245	    -0.000671928	
          53.388	         2.77772	         2.77825	    -0.000535044	
          53.474	         2.78593	         2.78626	    -0.000328977	
           53.56	         2.79515	         2.79533	    -0.000176748	
         53.6459	         2.80323	         2.80337	    -0.000144539	
         53.7319	         2.80881	         2.80904	    -0.000225509	
         53.8179	         2.81154	         2.81193	    -0.000384636	
         53.9038	         2.81112	         2.81169	    -0.000562613	
         53.9898	         2.80721	         2.80791	    -0.000696708	
         54.0758	         2.80051	         2.80129	    -0.000778289	
         54.1618	         2.79234	         2.79314	    -0.000800243	
         54.2477	         2.78445	          2.7852	    -0.000750035	
         54.3337	         2.77881	         2.77947	    -0.000660738	
         54.4197	         2.77689	         2.77746	    -0.000568954	
         54.5056	         2.77902	         2.77954	    -0.000522434	
         54.5916	         2.78429	         2.78484	    -0.000547393	
         54.6776	         2.79123	         2.79185	    -0.000617008	
         54.7636	         2.79829	         2.79896	    -0.000671041	
         54.8495	         2.80449	         2.80518	     -0.00068342	
         54.9355	         2.80871	         2.80936	     -0.00065394	
         55.0215	         2.80979	         2.81036	       -0.000576	
         55.1074	         2.80724	         2.80774	    -0.000495149	
         55.1934	         2.80188	         2.80234	    -0.000458819	
         55.2794	         2.79555	         2.79597	     -0.00042534	
         55.3653	         2.78953	         2.78992	    -0.000397496	
         55.4513	         2.78519	         2.78557	    -0.000379098	
         55.5373	         2.78299	          2.7833	    -0.000312009	
         55.6233	         2.78204	         2.78228	    -0.000239997	
         55.7092	         2.78101	         2.78123	    -0.000215039	
         55.7952	         2.77862	         2.77885	    -0.000234621	
         55.8812	         2.77465	         2.77493	    -0.000279007	
         55.9671	         2.77051	         2.77082	    -0.000317547	
         56.0531	         2.76784	         2.76814	    -0.000305292	
         56.1391	         2.76773	         2.76797	    -0.000232796	
         56.2251	         2.77031	         2.77044	    -0.000128465	
          56.311	         2.77472	         2.77476	     -4.4698e-05	
          56.397	         2.77974	         2.77976	    -1.04686e-05	
          56.483	         2.78399	         2.78405	    -5.11907e-05	
         56.5689	         2.78614	         2.78627	    -0.000133806	
         56.6549	         2.78623	         2.78644	    -0.000207411	
         56.7409	         2.78507	         2.78533	    -0.000261442	
         56.8269	         2.78301	         2.78332	    -0.000313538	
         56.9128	         2.77967	         2.78005	    -0.000387692	
         56.9988	         2.77525	          2.7757	    -0.000448269	
         57.0848	         2.77079	          2.7712	    -0.000408266	
         57.1707	         2.76745	         2.76771	    -0.000261367	
         57.2567	         2.76621	         2.76629	    -7.57562e-05	
         57.3427	         2.76749	          2.7674	     8.96207e-05	
         57.4287	         2.77073	         2.77049	     0.000241616	
         57.5146	         2.77466	         2.77427	      0.00038924	
         57.6006	         2.77773	         2.77725	     0.000484155	
         57.6866	         2.77933	         2.77889	     0.000445278	
         57.7725	         2.77985	         2.77963	     0.000221731	
         57.8585	         2.78012	         2.78025	    -0.000136076	
         57.9445	         2.78089	         2.78145	    -0.000561765	
         58.0304	         2.78258	         2.78359	     -0.00101211	
         58.1164	         2.78467	         2.78613	     -0.00146325	
         58.2024	         2.78655	         2.78837	     -0.00181645	
         58.2884	         2.78796	         2.78999	     -0.00202982	
         58.3743	           2.789	         2.79108	     -0.00208263	
         58.4603	         2.78955	         2.79151	       -0.001959	
         58.5463	         2.78891	         2.79059	     -0.00168396	
         58.6322	         2.78628	         2.78763	     -0.00134386	
         58.7182	         2.78165	         2.78269	     -0.00104242	
         58.8042	         2.77593	         2.77679	    -0.000860614	
         58.8902	         2.77041	         2.77125	    -0.000836844	
         58.9761	         2.76567	         2.76665	     -0.00097868	
         59.0621	         2.76164	         2.76287	     -0.00122349	
         59.1481	         2.75865	         2.76014	     -0.00148833	
          59.234	         2.75735	         2.75902	      -0.0016609	
           59.32	         2.75716	         2.75889	     -0.00172347	
          59.406	         2.75698	         2.75875	     -0.00176577	
          59.492	         2.75591	         2.75777	     -0.00185364	
         59.5779	         2.75364	         2.75564	     -0.00200663	
         59.6639	          2.7504	         2.75261	     -0.00220938	
         59.7499	         2.74693	         2.74931	      -0.0023825	
         59.8358	         2.74456	         2.74703	     -0.00246944	
         59.9218	         2.74451	         2.74699	      -0.0024815	
         60.0078	         2.74692	         2.74934	     -0.00241722	
         60.0938	         2.75195	         2.75423	     -0.00227567	
         60.1797	         2.75949	         2.76154	     -0.00205231	
         60.2657	         2.76774	         2.76954	     -0.00179281	
         60.3517	         2.77467	         2.77621	     -0.00153487	
         60.4376	         2.77917	          2.7805	     -0.00133594	
         60.5236	         2.78138	         2.78263	     -0.00124905	
         60.6096	         2.78238	         2.78367	     -0.00128366	
         60.6956	         2.78348	          2.7849	     -0.00142482	
         60.7815	         2.78521	         2.78683	     -0.00161413	
         60.8675	         2.78676	         2.78854	     -0.00177883	
         60.9535	         2.78701	         2.78889	      -0.0018858	
         61.0394	         2.78601	         2.78795	     -0.00193998	
         61.1254	           2.785	         2.78694	     -0.00194291	
         61.2114	         2.78509	         2.78695	     -0.00186485	
         61.2973	         2.78562	         2.78734	     -0.00171871	
         61.3833	         2.78484	         2.78643	     -0.00159374	
         61.4693	         2.78145	         2.78301	     -0.00156053	
         61.5553	         2.77595	         2.77758	     -0.00163505	
         61.6412	         2.77036	         2.77212	     -0.00176377	
         61.7272	         2.76704	         2.76894	     -0.00189858	
         61.8132	         2.76732	         2.76932	     -0.00199726	
         61.8991	         2.77123	         2.77326	      -0.0020235	
         61.9851	         2.77756	         2.77952	     -0.00196005	
         62.0711	         2.78459	         2.78641	     -0.00182206	
         62.1571	         2.79026	         2.79194	     -0.00168388	
          62.243	         2.79277	         2.79436	     -0.00158912	
          62.329	         2.79171	         2.79322	      -0.0015107	
          62.415	         2.78786	         2.78927	     -0.00141184	
         62.5009	         2.78267	         2.78396	     -0.00129038	
         62.5869	         2.77806	          2.7792	     -0.00114773	
         62.6729	         2.77553	         2.77653	     -0.00100224	
         62.7589	          2.7756	         2.77645	    -0.000849567	
         62.8448	         2.77807	         2.77871	     -0.00063701	
         62.9308	         2.78238	         2.78272	    -0.000342656	
         63.0168	         2.78755	         2.78758	    -2.12821e-05	
         63.1027	         2.79274	         2.79244	     0.000294612	
         63.1887	         2.79761	         2.79706	     0.000545448	
         63.2747	          2.8019	         2.80125	     0.000655756	
         63.3607	         2.80506	         2.80449	     0.000575931	
         63.4466	         2.80667	         2.80634	     0.000331957	
         63.5326	          2.8067	         2.80667	     2.25594e-05	
         63.6186	         2.80568	         2.80594	    -0.000257112	
         63.7045	         2.80419	         2.80468	    -0.000492757	
         63.7905	         2.80267	         2.80336	    -0.000688082	
         63.8765	         2.80149	         2.80234	    -0.000851529	
         63.9625	         2.80075	         2.80176	     -0.00101377	
         64.0484	         2.80022	         2.80138	     -0.00116426	
         64.1344	         2.80024	         2.80151	     -0.00127702	
         64.2204	         2.80185	          2.8032	     -0.00135008	
         64.3063	         2.80573	          2.8071	     -0.00137022	
         64.3923	         2.81071	         2.81202	     -0.00131259	
         64.4783	         2.81438	         2.81555	     -0.00117717	
         64.5642	         2.81529	         2.81628	    -0.000992859	
         64.6502	         2.81354	         2.81436	    -0.000815307	
         64.7362	         2.80989	         2.81054	    -0.000655158	
         64.8222	         2.80574	         2.80626	    -0.000520377	
         64.9081	         2.80277	          2.8032	    -0.000435444	
         64.9941	         2.80199	          2.8024	    -0.000408693	
         65.0801	         2.80304	         2.80347	    -0.000425441	
          65.166	         2.80457	         2.80503	    -0.000460833	
          65.252	          2.8055	           2.806	    -0.000499551	
          65.338	         2.80535	         2.80596	    -0.000608435	
          65.424	         2.80479	         2.80559	    -0.000800436	
         65.5099	         2.80459	         2.80558	    -0.000988791	
         65.5959	         2.80531	         2.80643	     -0.00112778	
         65.6819	         2.80669	         2.80791	     -0.00121561	
         65.7678	         2.80782	         2.80913	     -0.00131011	
         65.8538	         2.80808	         2.80957	      -0.0014881	
         65.9398	          2.8075	         2.80925	     -0.00174915	
         66.0258	         2.80678	         2.80882	      -0.0020404	
         66.1117	         2.80609	         2.80837	     -0.00228427	
         66.1977	         2.80496	         2.80737	       -0.002414	
         66.2837	         2.80324	         2.80567	      -0.0024326	
         66.3696	         2.80109	         2.80342	     -0.00233365	
         66.4556	         2.79877	         2.80084	     -0.00206609	
         66.5416	         2.79646	         2.79811	     -0.00164997	
         66.6276	         2.79442	         2.79561	      -0.0011933	
         66.7135	         2.79289	         2.79368	    -0.000793861	
         66.7995	         2.79183	         2.79234	    -0.000508286	
         66.8855	         2.79141	         2.79172	    -0.000311679	
         66.9714	         2.79188	          2.7921	    -0.000227854	
         67.0574	         2.79375	         2.79403	    -0.000282855	
         67.1434	         2.79828	         2.79876	    -0.000483287	
         67.2294	          2.8061	         2.80682	     -0.00071976	
         67.3153	         2.81635	         2.81727	    -0.000923365	
         67.4013	         2.82707	         2.82818	     -0.00110307	
         67.4873	         2.83589	         2.83717	     -0.00127764	
         67.5732	         2.84101	         2.84246	     -0.00144789	
         67.6592	         2.84181	         2.84342	     -0.00161648	
         67.7452	         2.83878	         2.84054	      -0.0017625	
         67.8311	         2.83319	         2.83504	     -0.00184095	
         67.9171	         2.82699	          2.8288	     -0.00180443	
         68.0031	         2.82169	         2.82335	     -0.00165731	
         68.0891	         2.81741	         2.81888	     -0.00146293	
          68.175	         2.81392	         2.81523	      -0.0013047	
          68.261	         2.81133	         2.81257	     -0.00123613	
          68.347	         2.81014	          2.8114	     -0.00126299	
         68.4329	         2.81057	         2.81193	     -0.00136254	
         68.5189	         2.81183	         2.81334	       -0.001511	
         68.6049	         2.81258	         2.81423	     -0.00164564	
         68.6909	         2.81106	         2.81278	     -0.00171752	
         68.7768	         2.80638	         2.80811	     -0.00173504	
         68.8628	         2.79923	         2.80099	     -0.00176402	
         68.9488	          2.7914	         2.79326	      -0.0018519	
         69.0347	         2.78522	         2.78717	     -0.00195309	
         69.1207	         2.78236	         2.78443	     -0.00207272	
         69.2067	          2.7825	         2.78465	      -0.0021499	
         69.2927	         2.78451	         2.78665	     -0.00214316	
         69.3786	         2.78752	         2.78959	      -0.0020701	
         69.4646	         2.79175	         2.79367	     -0.00191958	
         69.5506	         2.79805	         2.79975	     -0.00169424	
         69.6365	         2.80688	         2.80832	      -0.0014406	
         69.7225	         2.81721	         2.81837	     -0.00115877	
         69.8085	         2.82669	         2.82755	    -0.000854497	
         69.8945	         2.83319	         2.83374	    -0.000552457	
         69.9804	         2.83543	         2.83574	    -0.000319532	
         70.0664	         2.83358	         2.83381	    -0.000229392	
         70.1524	         2.82889	         2.82919	    -0.000300235	
         70.2383	         2.82265	         2.82314	    -0.000485303	
         70.3243	         2.81617	         2.81688	    -0.000712537	
         70.4103	         2.81077	         2.81172	    -0.000954199	
         70.4962	         2.80748	         2.80866	     -0.00118544	
         70.5822	         2.80675	         2.80813	     -0.00138033	
         70.6682	         2.80819	         2.80976	     -0.00156755	
         70.7542	         2.81112	         2.81285	     -0.00173011	
         70.8401	         2.81452	         2.81635	     -0.00182955	
         70.9261	          2.8175	         2.81941	     -0.00190948	
         71.0121	         2.81957	         2.82161	     -0.00203952	
          71.098	         2.82045	         2.82266	     -0.00221783	
          71.184	          2.8202	         2.82257	     -0.00236076	
           71.27	         2.81957	         2.82196	     -0.00238175	
          71.356	         2.81965	         2.82192	     -0.00226269	
         71.4419	         2.82179	          2.8238	     -0.00201791	
         71.5279	         2.82674	         2.82851	     -0.00176662	
         71.6139	         2.83361	         2.83519	     -0.00157859	
         71.6998	         2.84051	         2.84199	      -0.0014839	
         71.7858	         2.84494	         2.84638	     -0.00144053	
         71.8718	         2.84473	         2.84613	     -0.00139933	
         71.9578	         2.83948	         2.84082	     -0.00134011	
         72.0437	         2.83104	         2.83228	     -0.00124191	
         72.1297	         2.82209	         2.82323	     -0.00114135	
         72.2157	         2.81445	         2.81552	     -0.00106984	
         72.3016	         2.80894	         2.81002	     -0.00107818	
         72.3876	         2.80565	         2.80683	     -0.00117562	
         72.4736	         2.80425	         2.80558	     -0.00132968	
         72.5596	         2.80477	         2.80627	     -0.00149822	
         72.6455	          2.8076	         2.80921	     -0.00160852	
         72.7315	         2.81299	         2.81457	     -0.00157407	
         72.8175	         2.82059	         2.82192	     -0.00132881	
         72.9034	          2.8291	         2.83004	    -0.000942964	
         72.9894	         2.83663	         2.83718	    -0.000554686	
         73.0754	         2.84185	         2.84213	    -0.000273133	
         73.1614	         2.84417	         2.84434	    -0.000175413	
         73.2473	         2.84359	         2.84385	     -0.00025855	
         73.3333	         2.84051	         2.84098	    -0.000467212	
         73.4193	         2.83555	         2.83624	      -0.0006849	
         73.5052	         2.82932	         2.83012	    -0.000800191	
         73.5912	         2.82242	         2.82319	    -0.000767972	
         73.6772	          2.8157	         2.81635	    -0.000643695	
         73.7631	         2.81045	         2.81097	    -0.000510966	
         73.8491	         2.80807	         2.80845	    -0.000387743	
         73.9351	         2.80895	         2.80921	     -0.00026237	
         74.0211	         2.81224	         2.81237	    -0.000125716	
          74.107	         2.81673	         2.81676	    -3.00724e-05	
          74.193	         2.82106	         2.82112	    -6.31938e-05	
          74.279	         2.82393	         2.82417	    -0.000237668	
         74.3649	         2.82497	         2.82549	    -0.000521732	
         74.4509	          2.8252	         2.82606	    -0.000853721	
         74.5369	         2.82587	         2.82704	      -0.0011708	
         74.6229	          2.8277	         2.82908	     -0.00138214	
         74.7088	         2.82982	         2.83124	     -0.00142211	
         74.7948	         2.83041	         2.83169	     -0.00128153	
         74.8808	         2.82869	          2.8297	      -0.0010024	
         74.9667	         2.82548	         2.82617	    -0.000685866	
         75.0527	         2.82192	         2.82228	    -0.000368075	
         75.1387	         2.81941	         2.81948	    -7.66487e-05	
         75.2247	         2.81916	         2.81904	     0.000121569	
         75.3106	         2.82116	         2.82093	     0.000226347	
         75.3966	         2.82417	          2.8239	     0.000268251	
         75.4826	         2.82699	         2.82672	     0.000272103	
         75.5685	         2.82951	         2.82927	     0.000234267	
         75.6545	          2.8318	         2.83167	      0.00012702	
         75.7405	         2.83365	         2.83373	    -7.55456e-05	
         75.8265	         2.83459	         2.83495	    -0.000358264	
         75.9124	         2.83429	         2.83496	    -0.000673722	
         75.9984	         2.83255	         2.83351	    -0.000962032	
         76.0844	          2.8293	         2.83048	     -0.00117921	
         76.1703	         2.82522	         2.82655	     -0.00133181	
         76.2563	         2.82173	         2.82314	      -0.0014077	
         76.3423	         2.82019	         2.82159	     -0.00140557	
         76.4283	         2.82119	         2.82253	     -0.00134165	
         76.5142	         2.82388	         2.82514	     -0.00125762	
         76.6002	         2.82663	         2.82777	     -0.00114729	
         76.6862	         2.82867	         2.82965	    -0.000981886	
         76.7721	          2.8303	         2.83107	    -0.000762865	
         76.8581	         2.83168	         2.83217	    -0.000486551	
         76.9441	         2.83259	          2.8328	    -0.000206865	
           77.03	         2.83245	         2.83247	    -2.40024e-05	
          77.116	         2.83056	         2.83057	    -3.38488e-06	
          77.202	         2.82681	         2.82697	    -0.000162336	
          77.288	         2.82206	         2.82254	     -0.00048261	
         77.3739	         2.81767	         2.81852	     -0.00085506	
         77.4599	         2.81409	         2.81518	     -0.00109426	
         77.5459	         2.81132	         2.81244	     -0.00111654	
         77.6318	         2.80928	         2.81024	    -0.000954728	
         77.7178	         2.80818	         2.80887	    -0.000689985	
         77.8038	          2.8082	         2.80862	    -0.000416432	
         77.8898	         2.80884	         2.80905	    -0.000209001	
         77.9757	          2.8091	          2.8092	    -0.000106226	
         78.0617	          2.8085	         2.80864	    -0.000136991	
         78.1477	          2.8073	         2.80758	    -0.000282147	
