       0.0268671	     0.000760858	       0.0013962	    -0.000635339	
       0.0537342	      0.00254457	      0.00478543	     -0.00224086	
       0.0806013	      0.00505117	       0.0097129	     -0.00466173	
        0.107468	      0.00814854	        0.015968	     -0.00781943	
        0.134336	       0.0117838	        0.023443	      -0.0116592	
        0.161203	        0.015954	       0.0320927	      -0.0161387	
         0.18807	       0.0206884	       0.0419126	      -0.0212241	
        0.214937	       0.0260353	       0.0529239	      -0.0268886	
        0.241804	       0.0320503	       0.0651612	      -0.0331109	
        0.268671	       0.0387883	       0.0786631	      -0.0398748	
        0.295538	       0.0462952	       0.0934637	      -0.0471685	
        0.322405	       0.0546034	        0.109587	       -0.054984	
        0.349272	       0.0637286	        0.127045	       -0.063316	
         0.37614	       0.0736686	         0.14583	      -0.0721617	
        0.403007	       0.0844046	        0.165925	      -0.0815199	
        0.429874	       0.0959037	        0.187295	      -0.0913909	
        0.456741	        0.108123	        0.209898	       -0.101776	
        0.483608	        0.121014	        0.233689	       -0.112675	
        0.510475	        0.134527	         0.25862	       -0.124092	
        0.537342	        0.148619	        0.284647	       -0.136028	
        0.564209	        0.163253	        0.311738	       -0.148486	
        0.591076	        0.178404	        0.339869	       -0.161466	
        0.617944	        0.194059	        0.369029	        -0.17497	
        0.644811	         0.21022	        0.399218	       -0.188998	
        0.671678	        0.226896	        0.430445	       -0.203549	
        0.698545	        0.244108	        0.462725	       -0.218616	
        0.725412	         0.26188	        0.496072	       -0.234192	
        0.752279	        0.280235	        0.530492	       -0.250257	
        0.779146	        0.299195	         0.56598	       -0.266785	
        0.806013	        0.318771	        0.602507	       -0.283736	
         0.83288	        0.338967	        0.640019	       -0.301052	
        0.859748	        0.359771	        0.678428	       -0.318657	
        0.886615	        0.381157	        0.717611	       -0.336454	
        0.913482	        0.403085	        0.757405	        -0.35432	
        0.940349	        0.425497	        0.797609	       -0.372112	
        0.967216	        0.448324	        0.837987	       -0.389664	
        0.994083	        0.471482	        0.878268	       -0.406786	
         1.02095	        0.494878	        0.918153	       -0.423275	
         1.04782	        0.518408	         0.95732	       -0.438911	
         1.07468	        0.541966	        0.995434	       -0.453467	
         1.10155	        0.565441	         1.03215	       -0.466712	
         1.12842	         0.58872	         1.06714	       -0.478417	
         1.15529	        0.611696	         1.10006	       -0.488362	
         1.18215	        0.634264	         1.13061	       -0.496344	
         1.20902	        0.656329	         1.15851	       -0.502179	
         1.23589	        0.677802	         1.18351	       -0.505711	
         1.26275	        0.698608	         1.20542	       -0.506815	
         1.28962	        0.718681	         1.22408	       -0.505404	
         1.31649	        0.737969	          1.2394	       -0.501429	
         1.34336	        0.756435	         1.25132	       -0.494883	
         1.37022	        0.774052	         1.25985	       -0.485801	
         1.39709	        0.790811	         1.26507	       -0.474262	
         1.42396	        0.806712	          1.2671	       -0.460384	
         1.45082	         0.82177	         1.26609	       -0.444322	
         1.47769	        0.836011	         1.26228	       -0.426267	
         1.50456	        0.849471	         1.25591	       -0.406437	
         1.53143	        0.862195	         1.24727	       -0.385072	
         1.55829	        0.874237	         1.23666	       -0.362428	
         1.58516	        0.885654	         1.22442	        -0.33877	
         1.61203	        0.896511	         1.21087	       -0.314361	
         1.63889	        0.906873	         1.19634	       -0.289463	
         1.66576	        0.916808	         1.18113	       -0.264325	
         1.69263	        0.926382	         1.16556	       -0.239182	
          1.7195	        0.935662	         1.14991	       -0.214252	
         1.74636	         0.94471	         1.13444	       -0.189734	
         1.77323	        0.953585	          1.1194	        -0.16581	
          1.8001	        0.962341	         1.10499	       -0.142645	
         1.82696	        0.971026	         1.09141	       -0.120389	
         1.85383	        0.979681	         1.07886	       -0.099177	
          1.8807	        0.988337	         1.06747	      -0.0791323	
         1.90756	         0.99702	         1.05738	      -0.0603638	
         1.93443	         1.00575	         1.04871	      -0.0429671	
          1.9613	         1.01452	         1.04154	      -0.0270222	
         1.98817	         1.02334	         1.03593	      -0.0125905	
         2.01503	          1.0322	         1.03191	     0.000287439	
          2.0419	         1.04107	         1.02947	       0.0115945	
         2.06877	         1.04992	         1.02858	       0.0213395	
         2.09563	         1.05874	         1.02918	       0.0295593	
          2.1225	         1.06746	         1.03114	       0.0363186	
         2.14937	         1.07607	         1.03436	       0.0417077	
         2.17624	         1.08451	         1.03867	       0.0458381	
          2.2031	         1.09274	          1.0439	       0.0488367	
         2.22997	         1.10073	          1.0499	       0.0508378	
         2.25684	         1.10845	         1.05648	       0.0519749	
          2.2837	         1.11585	         1.06348	       0.0523763	
         2.31057	         1.12292	         1.07076	        0.052161	
         2.33744	         1.12962	         1.07818	       0.0514368	
         2.36431	         1.13594	         1.08564	       0.0503009	
         2.39117	         1.14187	         1.09303	       0.0488412	
         2.41804	         1.14742	         1.10028	       0.0471384	
         2.44491	         1.15261	         1.10734	       0.0452676	
         2.47177	         1.15745	         1.11415	       0.0432976	
         2.49864	         1.16196	         1.12068	       0.0412819	
         2.52551	         1.16618	         1.12691	       0.0392717	
         2.55238	         1.17014	         1.13283	       0.0373154	
         2.57924	         1.17387	         1.13842	       0.0354562	
         2.60611	         1.17742	         1.14369	       0.0337293	
         2.63298	          1.1808	         1.14863	       0.0321619	
         2.65984	         1.18404	         1.15327	       0.0307717	
         2.68671	         1.18718	         1.15761	       0.0295674	
         2.71358	         1.19022	         1.16167	       0.0285491	
         2.74045	         1.19318	         1.16547	        0.027709	
         2.76731	         1.19607	         1.16904	       0.0270324	
         2.79418	          1.1989	          1.1724	       0.0264982	
         2.82105	         1.20167	         1.17559	       0.0260796	
         2.84791	         1.20437	         1.17863	       0.0257454	
         2.87478	         1.20702	         1.18156	       0.0254619	
         2.90165	         1.20961	         1.18441	       0.0251944	
         2.92852	         1.21212	         1.18721	       0.0249092	
         2.95538	         1.21455	         1.18998	       0.0245746	
         2.98225	         1.21691	         1.19275	        0.024163	
         3.00912	         1.21918	         1.19553	       0.0236517	
         3.03598	         1.22136	         1.19834	       0.0230241	
         3.06285	         1.22345	         1.20118	       0.0222704	
         3.08972	         1.22547	         1.20408	        0.021388	
         3.11658	          1.2274	         1.20702	       0.0203819	
         3.14345	         1.22927	         1.21001	       0.0192648	
         3.17032	         1.23109	         1.21303	       0.0180573	
         3.19719	         1.23288	         1.21609	        0.016787	
         3.22405	         1.23466	         1.21917	       0.0154883	
         3.25092	         1.23645	         1.22225	       0.0142009	
         3.27779	         1.23829	         1.22532	       0.0129685	
         3.30465	          1.2402	         1.22836	       0.0118378	
         3.33152	          1.2422	         1.23135	       0.0108572	
         3.35839	         1.24434	         1.23427	       0.0100758	
         3.38526	         1.24664	          1.2371	      0.00954274	
         3.41212	         1.24913	         1.23982	      0.00930625	
         3.43899	         1.25183	         1.24242	      0.00941277	
         3.46586	         1.25477	         1.24487	      0.00990631	
         3.49272	         1.25798	         1.24715	       0.0108279	
         3.51959	         1.26148	         1.24927	       0.0122155	
         3.54646	         1.26529	         1.25119	       0.0141041	
         3.57333	         1.26945	         1.25292	       0.0165295	
         3.60019	         1.27397	         1.25445	       0.0195195	
         3.62706	         1.27886	         1.25577	       0.0230889	
         3.65393	         1.28415	          1.2569	       0.0272517	
         3.68079	         1.28984	         1.25782	       0.0320218	
         3.70766	         1.29596	         1.25855	       0.0374122	
         3.73453	         1.30252	         1.25908	       0.0434337	
          3.7614	         1.30953	         1.25944	       0.0500928	
         3.78826	         1.31701	         1.25962	        0.057389	
         3.81513	         1.32495	         1.25964	       0.0653131	
           3.842	         1.33335	         1.25951	       0.0738466	
         3.86886	         1.34219	         1.25923	       0.0829624	
         3.89573	         1.35145	         1.25882	       0.0926259	
          3.9226	         1.36109	         1.25829	        0.102796	
         3.94947	         1.37107	         1.25764	        0.113426	
         3.97633	         1.38135	         1.25688	        0.124467	
          4.0032	         1.39188	         1.25602	        0.135864	
         4.03007	         1.40262	         1.25505	        0.147561	
         4.05693	         1.41349	         1.25399	        0.159497	
          4.0838	         1.42444	         1.25283	        0.171607	
         4.11067	          1.4354	         1.25157	        0.183823	
         4.13754	         1.44629	         1.25022	        0.196074	
          4.1644	         1.45705	         1.24876	         0.20829	
         4.19127	          1.4676	          1.2472	        0.220403	
         4.21814	         1.47787	         1.24552	        0.232347	
           4.245	          1.4878	         1.24374	        0.244063	
         4.27187	         1.49734	         1.24184	          0.2555	
         4.29874	         1.50643	         1.23981	        0.266615	
          4.3256	         1.51504	         1.23766	        0.277378	
         4.35247	         1.52315	         1.23537	        0.287771	
         4.37934	         1.53074	         1.23295	        0.297793	
         4.40621	         1.53784	         1.23039	        0.307451	
         4.43307	         1.54444	         1.22767	        0.316768	
         4.45994	         1.55059	         1.22481	        0.325771	
         4.48681	          1.5563	         1.22181	        0.334497	
         4.51367	         1.56164	         1.21865	        0.342989	
         4.54054	         1.56665	         1.21536	        0.351295	
         4.56741	         1.57139	         1.21192	        0.359471	
         4.59428	         1.57593	         1.20835	        0.367577	
         4.62114	         1.58033	         1.20466	        0.375677	
         4.64801	         1.58467	         1.20084	        0.383828	
         4.67488	         1.58899	         1.19692	        0.392063	
         4.70174	         1.59329	         1.19291	        0.400382	
         4.72861	         1.59756	         1.18881	         0.40875	
         4.75548	         1.60175	         1.18464	         0.41711	
         4.78235	         1.60581	         1.18042	        0.425389	
         4.80921	         1.60967	         1.17616	        0.433508	
         4.83608	         1.61327	         1.17188	        0.441389	
         4.86295	         1.61656	          1.1676	        0.448958	
         4.88981	         1.61949	         1.16334	        0.456155	
         4.91668	         1.62205	         1.15912	        0.462933	
         4.94355	         1.62422	         1.15495	        0.469266	
         4.97042	         1.62601	         1.15087	        0.475147	
         4.99728	         1.62747	         1.14688	         0.48059	
         5.02415	         1.62865	         1.14301	        0.485633	
         5.05102	         1.62962	         1.13928	        0.490333	
         5.07788	         1.63048	         1.13571	        0.494768	
         5.10475	         1.63133	         1.13231	        0.499027	
         5.13162	          1.6323	         1.12909	        0.503206	
         5.15849	         1.63348	         1.12608	        0.507399	
         5.18535	         1.63497	         1.12328	        0.511689	
         5.21222	         1.63685	          1.1207	        0.516151	
         5.23909	         1.63919	         1.11835	        0.520844	
         5.26595	         1.64206	         1.11624	        0.525819	
         5.29282	         1.64548	         1.11436	        0.531119	
         5.31969	         1.64951	         1.11272	        0.536784	
         5.34655	         1.65417	         1.11132	        0.542847	
         5.37342	         1.65948	         1.11015	        0.549334	
         5.40029	         1.66544	          1.1092	        0.556244	
         5.42716	           1.672	         1.10846	        0.563539	
         5.45402	         1.67906	         1.10792	        0.571141	
         5.48089	         1.68652	         1.10757	        0.578945	
         5.50776	         1.69425	          1.1074	         0.58685	
         5.53462	         1.70214	         1.10737	        0.594769	
         5.56149	         1.71012	         1.10749	         0.60263	
         5.58836	         1.71809	         1.10772	         0.61037	
         5.61523	         1.72599	         1.10806	        0.617936	
         5.64209	         1.73375	         1.10847	        0.625277	
         5.66896	          1.7413	         1.10895	        0.632346	
         5.69583	         1.74858	         1.10948	        0.639097	
         5.72269	         1.75552	         1.11003	        0.645483	
         5.74956	         1.76206	          1.1106	        0.651462	
         5.77643	         1.76815	         1.11115	           0.657	
          5.8033	         1.77375	         1.11169	        0.662067	
         5.83016	         1.77883	         1.11219	        0.666648	
         5.85703	         1.78338	         1.11264	        0.670738	
          5.8839	         1.78738	         1.11303	        0.674346	
         5.91076	         1.79085	         1.11335	        0.677497	
         5.93763	         1.79382	          1.1136	        0.680224	
          5.9645	         1.79634	         1.11376	        0.682575	
         5.99137	         1.79843	         1.11383	        0.684605	
         6.01823	         1.80018	          1.1138	        0.686377	
          6.0451	         1.80163	         1.11367	        0.687956	
         6.07197	         1.80285	         1.11344	        0.689409	
         6.09883	         1.80391	         1.11311	        0.690801	
          6.1257	         1.80487	         1.11268	        0.692193	
         6.15257	         1.80578	         1.11214	        0.693639	
         6.17944	         1.80668	          1.1115	        0.695187	
          6.2063	         1.80763	         1.11076	        0.696871	
         6.23317	         1.80864	         1.10992	        0.698715	
         6.26004	         1.80972	         1.10899	        0.700727	
          6.2869	         1.81088	         1.10798	        0.702901	
         6.31377	         1.81209	         1.10688	        0.705217	
         6.34064	         1.81335	          1.1057	        0.707654	
         6.36751	         1.81463	         1.10444	        0.710189	
         6.39437	         1.81592	         1.10311	        0.712805	
         6.42124	         1.81722	         1.10173	        0.715494	
         6.44811	         1.81853	         1.10028	        0.718255	
         6.47497	         1.81988	         1.09878	        0.721099	
         6.50184	         1.82127	         1.09723	        0.724041	
         6.52871	         1.82274	         1.09564	        0.727102	
         6.55557	         1.82432	         1.09402	          0.7303	
         6.58244	         1.82601	         1.09236	        0.733645	
         6.60931	         1.82782	         1.09069	        0.737131	
         6.63618	         1.82973	         1.08899	        0.740734	
         6.66304	         1.83171	         1.08729	        0.744428	
         6.68991	         1.83376	         1.08557	        0.748182	
         6.71678	         1.83583	         1.08386	         0.75197	
         6.74364	         1.83792	         1.08216	        0.755764	
         6.77051	         1.84001	         1.08046	        0.759546	
         6.79738	         1.84208	         1.07878	        0.763296	
         6.82425	         1.84413	         1.07713	        0.767002	
         6.85111	         1.84616	          1.0755	        0.770653	
         6.87798	         1.84815	         1.07391	        0.774235	
         6.90485	         1.85009	         1.07236	        0.777732	
         6.93171	         1.85197	         1.07085	        0.781122	
         6.95858	         1.85377	         1.06939	        0.784383	
         6.98545	         1.85548	         1.06798	        0.787492	
         7.01232	         1.85707	         1.06664	        0.790435	
         7.03918	         1.85855	         1.06535	        0.793204	
         7.06605	         1.85993	         1.06413	        0.795798	
         7.09292	          1.8612	         1.06298	        0.798218	
         7.11978	         1.86237	          1.0619	        0.800465	
         7.14665	         1.86343	          1.0609	        0.802535	
         7.17352	         1.86439	         1.05997	        0.804415	
         7.20039	         1.86521	         1.05912	         0.80609	
         7.22725	         1.86589	         1.05836	        0.807539	
         7.25412	          1.8664	         1.05767	        0.808737	
         7.28099	         1.86672	         1.05706	        0.809661	
         7.30785	         1.86681	         1.05653	        0.810283	
         7.33472	         1.86666	         1.05608	        0.810581	
         7.36159	         1.86624	          1.0557	        0.810536	
         7.38846	         1.86554	         1.05541	        0.810139	
         7.41532	         1.86458	         1.05518	        0.809401	
         7.44219	         1.86336	         1.05502	        0.808348	
         7.46906	         1.86195	         1.05492	        0.807027	
         7.49592	         1.86038	         1.05488	          0.8055	
         7.52279	         1.85874	         1.05491	        0.803836	
         7.54966	         1.85709	         1.05498	        0.802108	
         7.57653	         1.85549	         1.05509	        0.800394	
         7.60339	         1.85402	         1.05525	        0.798765	
         7.63026	         1.85273	         1.05545	        0.797284	
         7.65713	         1.85166	         1.05567	        0.795987	
         7.68399	         1.85079	         1.05593	        0.794863	
         7.71086	         1.85007	          1.0562	        0.793867	
         7.73773	         1.84943	         1.05649	        0.792947	
         7.76459	         1.84884	         1.05678	        0.792058	
         7.79146	         1.84825	         1.05709	        0.791166	
         7.81833	         1.84764	         1.05739	        0.790245	
          7.8452	         1.84697	         1.05769	        0.789276	
         7.87206	         1.84624	         1.05799	        0.788251	
         7.89893	         1.84544	         1.05828	        0.787165	
          7.9258	         1.84457	         1.05855	        0.786026	
         7.95266	         1.84365	          1.0588	         0.78485	
         7.97953	         1.84271	         1.05904	        0.783674	
          8.0064	         1.84176	         1.05925	         0.78251	
         8.03327	         1.84075	         1.05944	         0.78131	
         8.06013	         1.83966	          1.0596	        0.780053	
           8.087	         1.83847	         1.05974	        0.778734	
         8.11387	         1.83722	         1.05985	        0.777367	
         8.14073	          1.8359	         1.05993	        0.775972	
          8.1676	         1.83456	         1.05998	        0.774584	
         8.19447	         1.83325	            1.06	        0.773243	
         8.22134	         1.83199	         1.05999	        0.771997	
          8.2482	         1.83086	         1.05996	        0.770897	
         8.27507	         1.82985	         1.05989	        0.769953	
         8.30194	          1.8289	          1.0598	        0.769104	
          8.3288	         1.82797	         1.05968	        0.768287	
         8.35567	           1.827	         1.05954	        0.767461	
         8.38254	         1.82597	         1.05937	        0.766598	
         8.40941	         1.82486	         1.05918	         0.76568	
         8.43627	         1.82367	         1.05897	        0.764704	
         8.46314	         1.82241	         1.05874	        0.763674	
         8.49001	         1.82109	         1.05849	        0.762599	
         8.51687	         1.81972	         1.05823	        0.761492	
         8.54374	         1.81831	         1.05795	        0.760357	
         8.57061	         1.81684	         1.05766	         0.75918	
         8.59748	         1.81531	         1.05736	        0.757944	
         8.62434	         1.81369	         1.05706	        0.756631	
         8.65121	         1.81198	         1.05675	         0.75523	
         8.67808	         1.81017	         1.05644	        0.753731	
         8.70494	         1.80826	         1.05612	        0.752136	
         8.73181	         1.80627	         1.05581	         0.75046	
         8.75868	         1.80423	          1.0555	        0.748733	
         8.78555	          1.8022	         1.05519	        0.747011	
         8.81241	         1.80026	         1.05489	        0.745371	
         8.83928	         1.79851	         1.05459	        0.743916	
         8.86615	         1.79708	         1.05431	        0.742768	
         8.89301	         1.79609	         1.05403	        0.742057	
         8.91988	         1.79568	         1.05377	        0.741913	
         8.94675	         1.79597	         1.05352	        0.742447	
         8.97361	         1.79703	         1.05328	        0.743741	
         9.00048	         1.79889	         1.05306	        0.745832	
         9.02735	         1.80155	         1.05286	        0.748692	
         9.05422	         1.80489	         1.05267	        0.752219	
         9.08108	         1.80875	          1.0525	        0.756257	
         9.10795	         1.81297	         1.05234	        0.760632	
         9.13482	         1.81737	         1.05221	        0.765164	
         9.16168	         1.82177	         1.05209	        0.769685	
         9.18855	         1.82603	         1.05199	         0.77404	
         9.21542	            1.83	         1.05191	        0.778091	
         9.24229	         1.83357	         1.05184	        0.781726	
         9.26915	         1.83665	          1.0518	        0.784856	
         9.29602	         1.83919	         1.05177	        0.787423	
         9.32289	         1.84116	         1.05176	        0.789401	
         9.34975	         1.84256	         1.05176	        0.790802	
         9.37662	         1.84345	         1.05178	        0.791669	
         9.40349	         1.84389	         1.05182	        0.792075	
         9.43036	         1.84399	         1.05187	        0.792121	
         9.45722	         1.84385	         1.05193	        0.791921	
         9.48409	          1.8436	           1.052	          0.7916	
         9.51096	         1.84338	         1.05209	        0.791287	
         9.53782	         1.84329	         1.05219	        0.791099	
         9.56469	         1.84344	         1.05229	        0.791144	
         9.59156	         1.84391	         1.05241	        0.791505	
         9.61843	         1.84477	         1.05253	        0.792244	
         9.64529	         1.84605	         1.05265	        0.793401	
         9.67216	         1.84777	         1.05279	        0.794984	
         9.69903	         1.84988	         1.05292	        0.796961	
         9.72589	         1.85233	         1.05306	        0.799269	
         9.75276	         1.85502	          1.0532	        0.801819	
         9.77963	         1.85784	         1.05334	        0.804495	
          9.8065	         1.86065	         1.05348	        0.807167	
         9.83336	         1.86331	         1.05362	        0.809691	
         9.86023	         1.86569	         1.05376	        0.811925	
          9.8871	         1.86762	          1.0539	        0.813729	
         9.91396	           1.869	         1.05403	        0.814974	
         9.94083	          1.8697	         1.05415	        0.815547	
          9.9677	         1.86963	         1.05427	        0.815352	
         9.99457	         1.86871	         1.05439	        0.814319	
         10.0214	          1.8669	          1.0545	        0.812402	
         10.0483	         1.86418	          1.0546	        0.809587	
         10.0752	         1.86058	         1.05469	        0.805888	
          10.102	         1.85613	         1.05478	        0.801355	
         10.1289	         1.85093	         1.05485	        0.796075	
         10.1558	         1.84509	         1.05492	        0.790168	
         10.1826	         1.83877	         1.05498	        0.783789	
         10.2095	         1.83215	         1.05503	        0.777122	
         10.2364	         1.82545	         1.05507	        0.770372	
         10.2632	         1.81886	          1.0551	        0.763753	
         10.2901	          1.8126	         1.05513	        0.757473	
          10.317	         1.80687	         1.05514	        0.751726	
         10.3438	         1.80182	         1.05514	         0.74668	
         10.3707	          1.7976	         1.05514	        0.742466	
         10.3976	         1.79431	         1.05512	        0.739188	
         10.4244	         1.79201	          1.0551	        0.736912	
         10.4513	         1.79074	         1.05506	         0.73568	
         10.4782	         1.79053	         1.05502	        0.735502	
          10.505	         1.79133	         1.05497	        0.736354	
         10.5319	          1.7931	         1.05492	        0.738185	
         10.5588	         1.79578	         1.05485	         0.74093	
         10.5856	          1.7993	         1.05478	        0.744521	
         10.6125	          1.8036	          1.0547	        0.748901	
         10.6394	         1.80864	         1.05462	        0.754019	
         10.6662	         1.81437	         1.05453	        0.759839	
         10.6931	         1.82076	         1.05443	        0.766327	
           10.72	         1.82777	         1.05433	        0.773439	
         10.7468	         1.83525	         1.05423	         0.78102	
         10.7737	         1.84303	         1.05412	        0.788912	
         10.8006	         1.85098	         1.05401	        0.796972	
         10.8274	         1.85896	         1.05389	        0.805072	
         10.8543	         1.86687	         1.05377	        0.813093	
         10.8812	         1.87458	         1.05365	        0.820929	
          10.908	         1.88202	         1.05353	        0.828483	
         10.9349	         1.88907	         1.05341	        0.835659	
         10.9618	         1.89566	         1.05329	        0.842376	
         10.9886	         1.90173	         1.05316	        0.848572	
         11.0155	         1.90724	         1.05304	        0.854205	
         11.0424	         1.91217	         1.05292	        0.859257	
         11.0692	         1.91652	         1.05279	        0.863731	
         11.0961	         1.92032	         1.05267	        0.867649	
          11.123	          1.9236	         1.05255	        0.871043	
         11.1499	         1.92639	         1.05244	        0.873957	
         11.1767	         1.92876	         1.05232	        0.876436	
         11.2036	         1.93073	         1.05221	        0.878519	
         11.2305	         1.93233	          1.0521	        0.880235	
         11.2573	          1.9336	         1.05199	        0.881606	
         11.2842	         1.93455	         1.05189	        0.882663	
         11.3111	         1.93523	         1.05179	        0.883442	
         11.3379	         1.93568	         1.05169	        0.883988	
         11.3648	         1.93594	          1.0516	        0.884345	
         11.3917	         1.93607	         1.05151	        0.884556	
         11.4185	         1.93609	         1.05143	        0.884657	
         11.4454	         1.93603	         1.05135	        0.884679	
         11.4723	         1.93592	         1.05127	        0.884642	
         11.4991	         1.93577	          1.0512	        0.884567	
          11.526	         1.93561	         1.05114	        0.884475	
         11.5529	         1.93547	         1.05108	        0.884391	
         11.5797	         1.93537	         1.05102	        0.884351	
         11.6066	         1.93537	         1.05097	        0.884396	
         11.6335	          1.9355	         1.05093	        0.884578	
         11.6603	         1.93584	         1.05088	        0.884953	
         11.6872	         1.93642	         1.05085	        0.885574	
         11.7141	         1.93731	         1.05082	         0.88649	
         11.7409	         1.93852	         1.05079	        0.887733	
         11.7678	         1.94008	         1.05077	        0.889311	
         11.7947	         1.94196	         1.05075	        0.891211	
         11.8215	         1.94414	         1.05074	          0.8934	
         11.8484	         1.94656	         1.05073	        0.895833	
         11.8753	         1.94919	         1.05072	        0.898462	
         11.9021	         1.95196	         1.05072	         0.90124	
          11.929	         1.95485	         1.05073	        0.904122	
         11.9559	         1.95781	         1.05073	        0.907074	
         11.9827	         1.96081	         1.05075	        0.910063	
         12.0096	         1.96382	         1.05076	        0.913055	
         12.0365	         1.96679	         1.05078	         0.91601	
         12.0633	         1.96969	          1.0508	        0.918886	
         12.0902	         1.97247	         1.05083	        0.921635	
         12.1171	         1.97507	         1.05086	         0.92421	
         12.1439	         1.97745	         1.05089	        0.926555	
         12.1708	         1.97954	         1.05093	         0.92861	
         12.1977	         1.98128	         1.05097	        0.930309	
         12.2245	         1.98259	         1.05101	        0.931583	
         12.2514	         1.98342	         1.05105	        0.932365	
         12.2783	         1.98369	          1.0511	        0.932597	
         12.3051	         1.98338	         1.05115	        0.932237	
          12.332	         1.98246	          1.0512	        0.931261	
         12.3589	         1.98091	         1.05125	        0.929664	
         12.3857	         1.97876	          1.0513	         0.92746	
         12.4126	         1.97604	         1.05136	        0.924682	
         12.4395	         1.97279	         1.05142	        0.921379	
         12.4663	         1.96909	         1.05147	         0.91762	
         12.4932	         1.96503	         1.05153	        0.913495	
         12.5201	         1.96071	          1.0516	         0.90911	
         12.5469	         1.95625	         1.05166	        0.904593	
         12.5738	         1.95181	         1.05172	        0.900085	
         12.6007	         1.94752	         1.05179	        0.895731	
         12.6275	         1.94353	         1.05185	        0.891672	
         12.6544	         1.93995	         1.05192	        0.888032	
         12.6813	         1.93689	         1.05199	        0.884907	
         12.7081	         1.93441	         1.05205	        0.882361	
          12.735	         1.93255	         1.05212	        0.880427	
         12.7619	         1.93129	         1.05219	        0.879104	
         12.7887	         1.93062	         1.05225	        0.878363	
         12.8156	         1.93047	         1.05232	        0.878148	
         12.8425	         1.93077	         1.05239	        0.878384	
         12.8693	         1.93144	         1.05246	         0.87898	
         12.8962	         1.93237	         1.05252	        0.879843	
         12.9231	         1.93347	         1.05259	        0.880882	
         12.9499	         1.93468	         1.05266	         0.88202	
         12.9768	         1.93592	         1.05272	          0.8832	
         13.0037	         1.93717	         1.05279	        0.884381	
         13.0305	          1.9384	         1.05285	        0.885542	
         13.0574	         1.93959	         1.05292	        0.886675	
         13.0843	         1.94077	         1.05298	        0.887792	
         13.1111	         1.94196	         1.05304	        0.888918	
          13.138	         1.94319	          1.0531	        0.890085	
         13.1649	         1.94447	         1.05316	        0.891304	
         13.1918	         1.94578	         1.05322	        0.892558	
         13.2186	          1.9471	         1.05328	        0.893818	
         13.2455	          1.9484	         1.05334	        0.895058	
         13.2724	         1.94964	         1.05339	        0.896251	
         13.2992	         1.95081	         1.05345	        0.897366	
         13.3261	         1.95186	          1.0535	        0.898363	
          13.353	         1.95274	         1.05355	        0.899189	
         13.3798	         1.95338	          1.0536	        0.899779	
         13.4067	         1.95372	         1.05365	        0.900072	
         13.4336	         1.95371	          1.0537	        0.900016	
         13.4604	         1.95331	         1.05374	         0.89957	
         13.4873	          1.9525	         1.05379	        0.898711	
         13.5142	         1.95126	         1.05383	        0.897428	
          13.541	          1.9496	         1.05387	        0.895732	
         13.5679	         1.94756	         1.05391	        0.893649	
         13.5948	         1.94517	         1.05395	        0.891223	
         13.6216	          1.9425	         1.05399	        0.888516	
         13.6485	         1.93963	         1.05402	        0.885607	
         13.6754	         1.93665	         1.05405	        0.882591	
         13.7022	         1.93366	         1.05409	        0.879576	
         13.7291	          1.9308	         1.05412	        0.876685	
          13.756	         1.92819	         1.05414	        0.874047	
         13.7828	         1.92597	         1.05417	        0.871795	
         13.8097	         1.92426	          1.0542	        0.870061	
         13.8366	         1.92318	         1.05422	        0.868963	
         13.8634	         1.92284	         1.05424	        0.868602	
         13.8903	         1.92331	         1.05426	        0.869047	
         13.9172	          1.9246	         1.05428	        0.870317	
          13.944	         1.92667	          1.0543	        0.872373	
         13.9709	         1.92946	         1.05431	        0.875142	
         13.9978	         1.93285	         1.05433	        0.878525	
         14.0246	         1.93675	         1.05434	        0.882409	
         14.0515	         1.94102	         1.05435	        0.886667	
         14.0784	         1.94551	         1.05436	        0.891142	
         14.1052	         1.95002	         1.05437	        0.895648	
         14.1321	         1.95439	         1.05438	        0.900005	
          14.159	         1.95844	         1.05439	         0.90405	
         14.1858	         1.96204	         1.05439	        0.907646	
         14.2127	         1.96508	          1.0544	        0.910681	
         14.2396	         1.96747	          1.0544	        0.913072	
         14.2664	         1.96917	          1.0544	         0.91477	
         14.2933	         1.97016	          1.0544	        0.915759	
         14.3202	         1.97046	          1.0544	         0.91606	
          14.347	         1.97013	          1.0544	        0.915728	
         14.3739	         1.96926	          1.0544	        0.914856	
         14.4008	         1.96796	          1.0544	        0.913565	
         14.4276	          1.9664	         1.05439	        0.912007	
         14.4545	         1.96475	         1.05439	        0.910362	
         14.4814	         1.96321	         1.05438	        0.908827	
         14.5082	         1.96194	         1.05438	         0.90756	
         14.5351	         1.96107	         1.05437	        0.906699	
          14.562	         1.96075	         1.05437	        0.906382	
         14.5888	         1.96112	         1.05436	        0.906757	
         14.6157	         1.96225	         1.05435	        0.907901	
         14.6426	         1.96411	         1.05434	        0.909771	
         14.6694	         1.96664	         1.05433	        0.912304	
         14.6963	         1.96975	         1.05433	        0.915424	
         14.7232	         1.97335	         1.05432	        0.919037	
           14.75	         1.97734	         1.05431	        0.923031	
         14.7769	         1.98158	          1.0543	        0.927282	
         14.8038	         1.98594	         1.05429	        0.931656	
         14.8306	          1.9903	         1.05428	        0.936021	
         14.8575	         1.99453	         1.05427	        0.940258	
         14.8844	         1.99853	         1.05426	        0.944267	
         14.9112	         2.00222	         1.05425	        0.947971	
         14.9381	         2.00555	         1.05424	        0.951316	
          14.965	          2.0085	         1.05423	        0.954273	
         14.9918	         2.01105	         1.05422	        0.956827	
         15.0187	         2.01318	         1.05421	        0.958974	
         15.0456	         2.01491	          1.0542	        0.960713	
         15.0724	         2.01623	         1.05419	        0.962043	
         15.0993	         2.01714	         1.05418	        0.962961	
         15.1262	         2.01764	         1.05417	        0.963465	
         15.1531	         2.01772	         1.05416	        0.963554	
         15.1799	         2.01739	         1.05416	        0.963232	
         15.2068	         2.01666	         1.05415	        0.962507	
         15.2337	         2.01553	         1.05414	        0.961391	
         15.2605	         2.01403	         1.05413	        0.959891	
         15.2874	         2.01215	         1.05413	        0.958018	
         15.3143	         2.00991	         1.05412	         0.95579	
         15.3411	         2.00736	         1.05411	        0.953244	
          15.368	         2.00454	         1.05411	        0.950434	
         15.3949	         2.00154	          1.0541	        0.947432	
         15.4217	         1.99842	          1.0541	        0.944324	
         15.4486	          1.9953	          1.0541	        0.941209	
         15.4755	         1.99228	         1.05409	        0.938192	
         15.5023	         1.98947	         1.05409	        0.935383	
         15.5292	         1.98697	         1.05409	        0.932885	
         15.5561	         1.98488	         1.05408	        0.930793	
         15.5829	         1.98327	         1.05408	        0.929187	
         15.6098	         1.98221	         1.05408	        0.928133	
         15.6367	         1.98176	         1.05408	        0.927685	
         15.6635	         1.98195	         1.05408	        0.927869	
         15.6904	         1.98273	         1.05408	        0.928652	
         15.7173	         1.98404	         1.05408	        0.929961	
         15.7441	         1.98579	         1.05408	        0.931708	
          15.771	         1.98787	         1.05408	        0.933793	
         15.7979	          1.9902	         1.05408	        0.936115	
         15.8247	         1.99267	         1.05409	         0.93858	
         15.8516	         1.99519	         1.05409	        0.941104	
         15.8785	         1.99771	         1.05409	        0.943615	
         15.9053	         2.00015	          1.0541	        0.946059	
         15.9322	         2.00249	          1.0541	        0.948394	
         15.9591	         2.00469	          1.0541	        0.950589	
         15.9859	         2.00673	         1.05411	        0.952618	
         16.0128	         2.00857	         1.05411	         0.95446	
         16.0397	         2.01022	         1.05412	        0.956097	
         16.0665	         2.01164	         1.05413	        0.957514	
         16.0934	         2.01283	         1.05413	        0.958696	
         16.1203	         2.01377	         1.05414	        0.959626	
         16.1471	         2.01444	         1.05415	        0.960294	
          16.174	         2.01484	         1.05416	        0.960686	
         16.2009	         2.01496	         1.05416	        0.960794	
         16.2277	         2.01478	         1.05417	        0.960607	
         16.2546	          2.0143	         1.05418	        0.960115	
         16.2815	          2.0135	         1.05419	        0.959306	
         16.3083	         2.01237	          1.0542	        0.958172	
         16.3352	         2.01092	         1.05421	         0.95671	
         16.3621	         2.00914	         1.05422	        0.954924	
         16.3889	         2.00706	         1.05423	        0.952827	
         16.4158	         2.00469	         1.05424	        0.950447	
         16.4427	         2.00207	         1.05425	        0.947818	
         16.4695	         1.99925	         1.05426	        0.944987	
         16.4964	         1.99627	         1.05427	        0.941998	
         16.5233	         1.99318	         1.05428	        0.938896	
         16.5501	         1.99001	         1.05429	        0.935717	
          16.577	         1.98679	         1.05431	        0.932487	
         16.6039	         1.98354	         1.05432	        0.929224	
         16.6307	         1.98027	         1.05433	        0.925936	
         16.6576	         1.97697	         1.05434	        0.922626	
         16.6845	         1.97365	         1.05435	        0.919292	
         16.7113	         1.97029	         1.05437	        0.915929	
         16.7382	         1.96691	         1.05438	        0.912533	
         16.7651	          1.9635	         1.05439	        0.909105	
         16.7919	         1.96005	          1.0544	         0.90565	
         16.8188	          1.9566	         1.05442	        0.902183	
         16.8457	         1.95316	         1.05443	        0.898733	
         16.8725	         1.94978	         1.05444	        0.895344	
         16.8994	         1.94653	         1.05445	        0.892078	
         16.9263	         1.94349	         1.05447	        0.889021	
         16.9531	         1.94075	         1.05448	        0.886272	
           16.98	         1.93844	         1.05449	         0.88395	
         17.0069	         1.93669	         1.05451	        0.882183	
         17.0337	         1.93559	         1.05452	        0.881074	
         17.0606	         1.93521	         1.05453	        0.880681	
         17.0875	         1.93557	         1.05454	        0.881028	
         17.1143	         1.93666	         1.05456	        0.882103	
         17.1412	         1.93843	         1.05457	        0.883858	
         17.1681	          1.9408	         1.05458	        0.886219	
          17.195	         1.94368	          1.0546	        0.889088	
         17.2218	         1.94696	         1.05461	        0.892355	
         17.2487	         1.95052	         1.05462	        0.895902	
         17.2756	         1.95425	         1.05463	        0.899616	
         17.3024	         1.95804	         1.05465	        0.903391	
         17.3293	          1.9618	         1.05466	        0.907137	
         17.3562	         1.96545	         1.05467	        0.910781	
          17.383	         1.96894	         1.05468	        0.914254	
         17.4099	         1.97219	          1.0547	        0.917498	
         17.4368	         1.97519	         1.05471	         0.92048	
         17.4636	          1.9779	         1.05472	        0.923186	
         17.4905	         1.98036	         1.05473	        0.925625	
         17.5174	         1.98256	         1.05474	        0.927822	
         17.5442	         1.98457	         1.05475	        0.929815	
         17.5711	         1.98641	         1.05477	        0.931646	
          17.598	         1.98814	         1.05478	        0.933362	
         17.6248	          1.9898	         1.05479	         0.93501	
         17.6517	         1.99143	          1.0548	        0.936632	
         17.6786	         1.99308	         1.05481	        0.938269	
         17.7054	         1.99478	         1.05482	        0.939954	
         17.7323	         1.99655	         1.05483	        0.941716	
         17.7592	         1.99842	         1.05484	        0.943577	
          17.786	          2.0004	         1.05485	        0.945551	
         17.8129	          2.0025	         1.05486	         0.94764	
         17.8398	          2.0047	         1.05487	         0.94983	
         17.8666	         2.00697	         1.05488	         0.95209	
         17.8935	         2.00926	         1.05489	        0.954371	
         17.9204	         2.01152	          1.0549	         0.95662	
         17.9472	         2.01371	         1.05491	        0.958794	
         17.9741	         2.01578	         1.05492	        0.960858	
          18.001	         2.01771	         1.05493	        0.962785	
         18.0278	          2.0195	         1.05494	        0.964562	
         18.0547	         2.02112	         1.05495	        0.966177	
         18.0816	         2.02258	         1.05496	        0.967622	
         18.1084	         2.02386	         1.05496	        0.968893	
         18.1353	         2.02496	         1.05497	        0.969986	
         18.1622	         2.02588	         1.05498	          0.9709	
          18.189	         2.02663	         1.05499	        0.971638	
         18.2159	          2.0272	           1.055	        0.972205	
         18.2428	         2.02761	           1.055	        0.972611	
         18.2696	         2.02788	         1.05501	        0.972867	
         18.2965	           2.028	         1.05502	        0.972987	
         18.3234	         2.02801	         1.05502	        0.972989	
         18.3502	         2.02792	         1.05503	         0.97289	
         18.3771	         2.02775	         1.05504	         0.97271	
          18.404	         2.02751	         1.05504	        0.972469	
         18.4308	         2.02723	         1.05505	        0.972184	
         18.4577	         2.02692	         1.05506	        0.971868	
         18.4846	         2.02659	         1.05506	         0.97153	
         18.5114	         2.02624	         1.05507	        0.971176	
         18.5383	         2.02588	         1.05507	        0.970803	
         18.5652	         2.02548	         1.05508	        0.970406	
          18.592	         2.02506	         1.05508	        0.969976	
         18.6189	         2.02459	         1.05509	        0.969504	
         18.6458	         2.02408	         1.05509	        0.968984	
         18.6726	         2.02351	          1.0551	        0.968412	
         18.6995	          2.0229	          1.0551	        0.967794	
         18.7264	         2.02225	         1.05511	        0.967139	
         18.7532	         2.02158	         1.05511	        0.966465	
         18.7801	         2.02091	         1.05511	        0.965793	
          18.807	         2.02027	         1.05512	        0.965147	
         18.8338	         2.01966	         1.05512	        0.964539	
         18.8607	         2.01909	         1.05513	        0.963969	
         18.8876	         2.01858	         1.05513	        0.963447	
         18.9144	         2.01813	         1.05513	        0.962994	
         18.9413	         2.01778	         1.05514	        0.962645	
         18.9682	         2.01758	         1.05514	        0.962442	
          18.995	         2.01757	         1.05514	        0.962433	
         19.0219	         2.01781	         1.05514	        0.962664	
         19.0488	         2.01832	         1.05515	        0.963176	
         19.0756	         2.01914	         1.05515	        0.963996	
         19.1025	         2.02029	         1.05515	        0.965139	
         19.1294	         2.02176	         1.05515	        0.966605	
         19.1562	         2.02353	         1.05516	        0.968379	
         19.1831	         2.02559	         1.05516	        0.970437	
           19.21	          2.0279	         1.05516	        0.972741	
         19.2369	         2.03042	         1.05516	        0.975261	
         19.2637	         2.03303	         1.05516	        0.977866	
         19.2906	         2.03556	         1.05516	          0.9804	
         19.3175	         2.03789	         1.05516	        0.982723	
         19.3443	         2.03988	         1.05517	         0.98471	
         19.3712	         2.04142	         1.05517	        0.986255	
         19.3981	         2.04244	         1.05517	        0.987269	
         19.4249	         2.04286	         1.05517	        0.987691	
         19.4518	         2.04266	         1.05517	        0.987487	
         19.4787	         2.04183	         1.05517	        0.986656	
         19.5055	          2.0404	         1.05517	        0.985232	
         19.5324	         2.03846	         1.05517	        0.983285	
         19.5593	         2.03609	         1.05517	        0.980917	
         19.5861	         2.03343	         1.05517	        0.978257	
          19.613	         2.03063	         1.05517	        0.975455	
         19.6399	         2.02784	         1.05517	        0.972671	
         19.6667	         2.02525	         1.05517	        0.970071	
         19.6936	         2.02299	         1.05517	        0.967817	
         19.7205	         2.02122	         1.05518	         0.96605	
         19.7473	         2.02005	         1.05518	        0.964876	
         19.7742	         2.01954	         1.05518	        0.964361	
         19.8011	          2.0197	         1.05518	        0.964529	
         19.8279	         2.02055	         1.05518	        0.965373	
         19.8548	         2.02204	         1.05518	        0.966864	
         19.8817	         2.02413	         1.05518	        0.968951	
         19.9085	         2.02674	         1.05518	        0.971563	
         19.9354	         2.02979	         1.05518	        0.974616	
         19.9623	         2.03319	         1.05518	         0.97801	
         19.9891	         2.03682	         1.05518	         0.98164	
          20.016	         2.04057	         1.05518	        0.985394	
         20.0429	         2.04434	         1.05518	        0.989164	
         20.0697	         2.04802	         1.05517	        0.992848	
         20.0966	         2.05153	         1.05517	        0.996359	
         20.1235	          2.0548	         1.05517	        0.999628	
         20.1503	         2.05779	         1.05517	         1.00261	
         20.1772	         2.06048	         1.05517	         1.00531	
         20.2041	         2.06287	         1.05517	         1.00769	
         20.2309	         2.06489	         1.05517	         1.00971	
         20.2578	         2.06653	         1.05517	         1.01136	
         20.2847	         2.06779	         1.05517	         1.01262	
         20.3115	         2.06866	         1.05517	         1.01349	
         20.3384	         2.06916	         1.05517	         1.01398	
         20.3653	         2.06929	         1.05517	         1.01411	
         20.3921	         2.06907	         1.05517	          1.0139	
          20.419	         2.06853	         1.05517	         1.01336	
         20.4459	          2.0677	         1.05517	         1.01253	
         20.4727	          2.0666	         1.05517	         1.01143	
         20.4996	         2.06528	         1.05517	         1.01011	
         20.5265	         2.06377	         1.05517	          1.0086	
         20.5533	         2.06212	         1.05517	         1.00694	
         20.5802	         2.06035	         1.05517	         1.00518	
         20.6071	         2.05851	         1.05517	         1.00334	
         20.6339	         2.05664	         1.05517	         1.00146	
         20.6608	         2.05475	         1.05517	        0.999576	
         20.6877	         2.05287	         1.05517	          0.9977	
         20.7145	         2.05103	         1.05517	        0.995857	
         20.7414	         2.04924	         1.05517	        0.994066	
         20.7683	         2.04752	         1.05517	        0.992344	
         20.7951	         2.04588	         1.05517	         0.99071	
          20.822	         2.04436	         1.05517	        0.989185	
         20.8489	         2.04296	         1.05517	        0.987791	
         20.8757	         2.04172	         1.05517	        0.986548	
         20.9026	         2.04065	         1.05517	        0.985473	
         20.9295	         2.03975	         1.05517	        0.984576	
         20.9563	         2.03904	         1.05517	        0.983865	
         20.9832	         2.03852	         1.05517	        0.983346	
         21.0101	          2.0382	         1.05517	        0.983024	
         21.0369	         2.03808	         1.05517	        0.982907	
         21.0638	         2.03817	         1.05518	        0.982994	
         21.0907	         2.03846	         1.05518	        0.983287	
         21.1175	         2.03896	         1.05518	        0.983781	
         21.1444	         2.03964	         1.05518	        0.984469	
         21.1713	         2.04052	         1.05518	        0.985344	
         21.1982	         2.04157	         1.05518	        0.986392	
          21.225	         2.04278	         1.05518	        0.987602	
         21.2519	         2.04414	         1.05518	         0.98896	
         21.2788	         2.04563	         1.05518	        0.990457	
         21.3056	         2.04727	         1.05518	        0.992088	
         21.3325	         2.04903	         1.05518	        0.993854	
         21.3594	         2.05094	         1.05518	         0.99576	
         21.3862	         2.05299	         1.05518	        0.997811	
         21.4131	         2.05518	         1.05518	               1	
           21.44	          2.0575	         1.05518	         1.00232	
         21.4668	          2.0599	         1.05518	         1.00472	
         21.4937	         2.06233	         1.05518	         1.00715	
         21.5206	         2.06472	         1.05518	         1.00954	
         21.5474	         2.06697	         1.05518	         1.01179	
         21.5743	         2.06899	         1.05518	         1.01381	
         21.6012	         2.07071	         1.05518	         1.01553	
          21.628	         2.07204	         1.05518	         1.01686	
         21.6549	         2.07295	         1.05518	         1.01777	
         21.6818	         2.07338	         1.05518	          1.0182	
         21.7086	         2.07333	         1.05518	         1.01815	
         21.7355	         2.07279	         1.05518	         1.01761	
         21.7624	         2.07177	         1.05518	         1.01659	
         21.7892	         2.07029	         1.05518	         1.01511	
         21.8161	          2.0684	         1.05518	         1.01322	
          21.843	         2.06616	         1.05518	         1.01098	
