       0.0268671	     0.000760858	     0.000760858	    -2.35789e-10	
       0.0537342	      0.00254457	      0.00254457	    -7.61594e-10	
       0.0806013	      0.00505117	      0.00505118	    -1.45495e-09	
        0.107468	      0.00814854	      0.00814854	    -2.24404e-09	
        0.134336	       0.0117838	       0.0117838	    -3.07859e-09	
        0.161203	        0.015954	        0.015954	    -3.92155e-09	
         0.18807	       0.0206884	       0.0206884	    -4.74443e-09	
        0.214937	       0.0260353	       0.0260353	    -5.52454e-09	
        0.241804	       0.0320503	       0.0320503	    -6.24253e-09	
        0.268671	       0.0387883	       0.0387883	    -6.88009e-09	
        0.295538	       0.0462952	       0.0462952	    -7.42472e-09	
        0.322405	       0.0546034	       0.0546034	    -7.83998e-09	
        0.349272	       0.0637286	       0.0637286	     -8.1096e-09	
         0.37614	       0.0736686	       0.0736686	    -8.19842e-09	
        0.403007	       0.0844046	       0.0844046	    -8.06901e-09	
        0.429874	       0.0959037	       0.0959038	    -7.67516e-09	
        0.456741	        0.108123	        0.108123	    -6.97152e-09	
        0.483608	        0.121014	        0.121014	    -5.90476e-09	
        0.510475	        0.134527	        0.134527	    -4.42404e-09	
        0.537342	        0.148619	        0.148619	    -2.48222e-09	
        0.564209	        0.163253	        0.163253	    -4.07943e-11	
        0.591076	        0.178404	        0.178404	     2.92626e-09	
        0.617944	        0.194059	        0.194059	     6.42757e-09	
        0.644811	         0.21022	         0.21022	     1.04511e-08	
        0.671678	        0.226896	        0.226896	     1.49627e-08	
        0.698545	        0.244108	        0.244108	     1.99049e-08	
        0.725412	         0.26188	         0.26188	      2.5198e-08	
        0.752279	        0.280235	        0.280235	     3.07423e-08	
        0.779146	        0.299195	        0.299195	     3.64227e-08	
        0.806013	        0.318771	        0.318771	     4.21113e-08	
         0.83288	        0.338967	        0.338967	     4.76719e-08	
        0.859748	        0.359771	        0.359771	     5.29632e-08	
        0.886615	        0.381157	        0.381157	     5.78449e-08	
        0.913482	        0.403085	        0.403084	     6.21777e-08	
        0.940349	        0.425497	        0.425497	     6.58293e-08	
        0.967216	        0.448324	        0.448324	     6.86766e-08	
        0.994083	        0.471482	        0.471482	     7.06087e-08	
         1.02095	        0.494878	        0.494878	     7.15302e-08	
         1.04782	        0.518408	        0.518408	       7.135e-08	
         1.07468	        0.541966	        0.541966	      7.0035e-08	
         1.10155	        0.565441	         0.56544	     6.75415e-08	
         1.12842	         0.58872	         0.58872	     6.38605e-08	
         1.15529	        0.611696	        0.611695	     5.90086e-08	
         1.18215	        0.634264	        0.634264	     5.30296e-08	
         1.20902	        0.656329	        0.656329	     4.59948e-08	
         1.23589	        0.677802	        0.677802	     3.80025e-08	
         1.26275	        0.698608	        0.698608	     2.91773e-08	
         1.28962	        0.718681	        0.718681	     1.96684e-08	
         1.31649	        0.737969	        0.737969	     9.64658e-09	
         1.34336	        0.756435	        0.756435	    -6.99873e-10	
         1.37022	        0.774052	        0.774052	    -1.11704e-08	
         1.39709	        0.790811	        0.790811	    -2.15587e-08	
         1.42396	        0.806712	        0.806712	    -3.16592e-08	
         1.45082	         0.82177	         0.82177	    -4.12743e-08	
         1.47769	        0.836011	        0.836011	    -5.02212e-08	
         1.50456	        0.849471	        0.849471	     -5.8338e-08	
         1.53143	        0.862195	        0.862195	    -6.54906e-08	
         1.55829	        0.874237	        0.874237	    -7.15777e-08	
         1.58516	        0.885654	        0.885654	    -7.65373e-08	
         1.61203	        0.896511	        0.896511	     -8.0349e-08	
         1.63889	        0.906873	        0.906873	    -8.30324e-08	
         1.66576	        0.916808	        0.916808	    -8.46414e-08	
         1.69263	        0.926382	        0.926382	    -8.52595e-08	
          1.7195	        0.935662	        0.935662	    -8.49959e-08	
         1.74636	         0.94471	         0.94471	    -8.39804e-08	
         1.77323	        0.953585	        0.953585	     -8.2358e-08	
          1.8001	        0.962341	        0.962341	    -8.02835e-08	
         1.82696	        0.971026	        0.971026	    -7.79161e-08	
         1.85383	        0.979681	        0.979681	    -7.54141e-08	
          1.8807	        0.988337	        0.988337	    -7.29291e-08	
         1.90756	         0.99702	        0.997021	     -7.0601e-08	
         1.93443	         1.00575	         1.00575	    -6.85522e-08	
          1.9613	         1.01452	         1.01452	    -6.68821e-08	
         1.98817	         1.02334	         1.02334	    -6.56641e-08	
         2.01503	          1.0322	          1.0322	     -6.4953e-08	
          2.0419	         1.04107	         1.04107	    -6.47918e-08	
         2.06877	         1.04992	         1.04992	    -6.52056e-08	
         2.09563	         1.05874	         1.05874	    -6.61951e-08	
          2.1225	         1.06746	         1.06746	    -6.77374e-08	
         2.14937	         1.07607	         1.07607	    -6.97878e-08	
         2.17624	         1.08451	         1.08451	    -7.22743e-08	
          2.2031	         1.09274	         1.09274	    -7.50863e-08	
         2.22997	         1.10073	         1.10073	    -7.80977e-08	
         2.25684	         1.10845	         1.10845	     -8.1204e-08	
          2.2837	         1.11585	         1.11585	    -8.43126e-08	
         2.31057	         1.12292	         1.12292	     -8.7336e-08	
         2.33744	         1.12962	         1.12962	    -9.01965e-08	
         2.36431	         1.13594	         1.13594	    -9.28328e-08	
         2.39117	         1.14187	         1.14187	    -9.52035e-08	
         2.41804	         1.14742	         1.14742	    -9.72878e-08	
         2.44491	         1.15261	         1.15261	    -9.90677e-08	
         2.47177	         1.15745	         1.15745	     -1.0056e-07	
         2.49864	         1.16196	         1.16196	    -1.01795e-07	
         2.52551	         1.16618	         1.16618	    -1.02736e-07	
         2.55238	         1.17014	         1.17014	     -1.0338e-07	
         2.57924	         1.17387	         1.17387	    -1.03729e-07	
         2.60611	         1.17742	         1.17742	    -1.03783e-07	
         2.63298	          1.1808	          1.1808	    -1.03537e-07	
         2.65984	         1.18404	         1.18404	    -1.02995e-07	
         2.68671	         1.18718	         1.18718	    -1.02178e-07	
         2.71358	         1.19022	         1.19022	    -1.01134e-07	
         2.74045	         1.19318	         1.19318	    -9.99286e-08	
         2.76731	         1.19607	         1.19607	     -9.8647e-08	
         2.79418	          1.1989	          1.1989	    -9.73858e-08	
         2.82105	         1.20167	         1.20167	    -9.62418e-08	
         2.84791	         1.20437	         1.20437	     -9.5297e-08	
         2.87478	         1.20702	         1.20702	    -9.46141e-08	
         2.90165	         1.20961	         1.20961	    -9.42401e-08	
         2.92852	         1.21212	         1.21212	    -9.42124e-08	
         2.95538	         1.21455	         1.21455	    -9.45633e-08	
         2.98225	         1.21691	         1.21691	    -9.53234e-08	
         3.00912	         1.21918	         1.21918	    -9.65223e-08	
         3.03598	         1.22136	         1.22136	    -9.81872e-08	
         3.06285	         1.22345	         1.22345	     -1.0034e-07	
         3.08972	         1.22547	         1.22547	    -1.02992e-07	
         3.11658	          1.2274	          1.2274	    -1.06143e-07	
         3.14345	         1.22927	         1.22927	    -1.09779e-07	
         3.17032	         1.23109	         1.23109	    -1.13873e-07	
         3.19719	         1.23288	         1.23288	    -1.18388e-07	
         3.22405	         1.23466	         1.23466	    -1.23279e-07	
         3.25092	         1.23645	         1.23645	    -1.28503e-07	
         3.27779	         1.23829	         1.23829	    -1.34017e-07	
         3.30465	          1.2402	          1.2402	    -1.39773e-07	
         3.33152	          1.2422	          1.2422	    -1.45717e-07	
         3.35839	         1.24434	         1.24434	    -1.51777e-07	
         3.38526	         1.24664	         1.24664	     -1.5786e-07	
         3.41212	         1.24913	         1.24913	    -1.63845e-07	
         3.43899	         1.25183	         1.25183	     -1.6959e-07	
         3.46586	         1.25477	         1.25477	    -1.74937e-07	
         3.49272	         1.25798	         1.25798	    -1.79724e-07	
         3.51959	         1.26148	         1.26148	    -1.83797e-07	
         3.54646	         1.26529	         1.26529	    -1.87035e-07	
         3.57333	         1.26945	         1.26945	    -1.89461e-07	
         3.60019	         1.27397	         1.27397	    -1.90485e-07	
         3.62706	         1.27886	         1.27886	    -1.90014e-07	
         3.65393	         1.28415	         1.28415	    -1.87979e-07	
         3.68079	         1.28984	         1.28984	    -1.84305e-07	
         3.70766	         1.29596	         1.29596	    -1.78944e-07	
         3.73453	         1.30252	         1.30252	    -1.71905e-07	
          3.7614	         1.30953	         1.30953	    -1.63291e-07	
         3.78826	         1.31701	         1.31701	    -1.53304e-07	
         3.81513	         1.32495	         1.32495	    -1.42226e-07	
           3.842	         1.33335	         1.33335	    -1.30377e-07	
         3.86886	         1.34219	         1.34219	    -1.18068e-07	
         3.89573	         1.35145	         1.35145	    -1.05575e-07	
          3.9226	         1.36109	         1.36109	     -9.3127e-08	
         3.94947	         1.37107	         1.37107	    -8.09074e-08	
         3.97633	         1.38135	         1.38135	    -6.90607e-08	
          4.0032	         1.39188	         1.39188	    -5.76933e-08	
         4.03007	         1.40262	         1.40262	      -4.687e-08	
         4.05693	         1.41349	         1.41349	    -3.66131e-08	
          4.0838	         1.42444	         1.42444	    -2.69208e-08	
         4.11067	          1.4354	          1.4354	    -1.77969e-08	
         4.13754	         1.44629	         1.44629	    -9.26475e-09	
          4.1644	         1.45705	         1.45705	    -1.36007e-09	
         4.19127	          1.4676	          1.4676	     5.88408e-09	
         4.21814	         1.47787	         1.47787	     1.24502e-08	
           4.245	          1.4878	          1.4878	     1.83472e-08	
         4.27187	         1.49734	         1.49734	     2.36192e-08	
         4.29874	         1.50643	         1.50643	     2.83501e-08	
          4.3256	         1.51504	         1.51504	     3.26609e-08	
         4.35247	         1.52315	         1.52315	     3.66986e-08	
         4.37934	         1.53074	         1.53074	     4.06188e-08	
         4.40621	         1.53784	         1.53784	     4.45598e-08	
         4.43307	         1.54444	         1.54444	     4.86135e-08	
         4.45994	         1.55059	         1.55059	     5.28066e-08	
         4.48681	          1.5563	          1.5563	     5.71124e-08	
         4.51367	         1.56164	         1.56164	     6.14732e-08	
         4.54054	         1.56665	         1.56665	     6.58136e-08	
         4.56741	         1.57139	         1.57139	     7.00515e-08	
         4.59428	         1.57593	         1.57593	     7.41435e-08	
         4.62114	         1.58033	         1.58033	     7.81602e-08	
         4.64801	         1.58467	         1.58467	     8.22424e-08	
         4.67488	         1.58899	         1.58899	      8.6413e-08	
         4.70174	         1.59329	         1.59329	     9.05808e-08	
         4.72861	         1.59756	         1.59756	      9.4726e-08	
         4.75548	         1.60175	         1.60175	     9.89875e-08	
         4.78235	         1.60581	         1.60581	     1.03632e-07	
         4.80921	         1.60967	         1.60967	     1.08984e-07	
         4.83608	         1.61327	         1.61327	     1.15358e-07	
         4.86295	         1.61656	         1.61656	     1.23004e-07	
         4.88981	         1.61949	         1.61949	     1.32081e-07	
         4.91668	         1.62205	         1.62205	     1.42637e-07	
         4.94355	         1.62422	         1.62422	     1.54616e-07	
         4.97042	         1.62601	         1.62601	     1.67865e-07	
         4.99728	         1.62747	         1.62747	     1.82156e-07	
         5.02415	         1.62865	         1.62865	     1.97216e-07	
         5.05102	         1.62962	         1.62962	     2.12765e-07	
         5.07788	         1.63048	         1.63048	     2.28554e-07	
         5.10475	         1.63133	         1.63133	     2.44399e-07	
         5.13162	          1.6323	          1.6323	     2.60193e-07	
         5.15849	         1.63348	         1.63348	     2.75898e-07	
         5.18535	         1.63497	         1.63497	     2.91504e-07	
         5.21222	         1.63685	         1.63685	      3.0699e-07	
         5.23909	         1.63919	         1.63919	     3.22288e-07	
         5.26595	         1.64206	         1.64206	     3.37257e-07	
         5.29282	         1.64548	         1.64548	     3.51666e-07	
         5.31969	         1.64951	         1.64951	     3.65161e-07	
         5.34655	         1.65417	         1.65417	     3.77197e-07	
         5.37342	         1.65948	         1.65948	     3.86923e-07	
         5.40029	         1.66544	         1.66544	     3.93259e-07	
         5.42716	           1.672	           1.672	      3.9532e-07	
         5.45402	         1.67906	         1.67906	     3.92832e-07	
         5.48089	         1.68652	         1.68652	     3.86099e-07	
         5.50776	         1.69425	         1.69425	     3.75581e-07	
         5.53462	         1.70214	         1.70214	     3.61683e-07	
         5.56149	         1.71012	         1.71012	      3.4479e-07	
         5.58836	         1.71809	         1.71809	     3.25325e-07	
         5.61523	         1.72599	         1.72599	      3.0378e-07	
         5.64209	         1.73375	         1.73375	      2.8073e-07	
         5.66896	          1.7413	          1.7413	      2.5682e-07	
         5.69583	         1.74858	         1.74858	     2.32745e-07	
         5.72269	         1.75552	         1.75552	     2.09212e-07	
         5.74956	         1.76206	         1.76206	       1.869e-07	
         5.77643	         1.76815	         1.76815	     1.66427e-07	
          5.8033	         1.77375	         1.77375	     1.48315e-07	
         5.83016	         1.77883	         1.77883	     1.32973e-07	
         5.85703	         1.78338	         1.78338	     1.20682e-07	
          5.8839	         1.78738	         1.78738	     1.11596e-07	
         5.91076	         1.79085	         1.79085	     1.05735e-07	
         5.93763	         1.79382	         1.79382	     1.02998e-07	
          5.9645	         1.79634	         1.79633	     1.03172e-07	
         5.99137	         1.79843	         1.79843	     1.05943e-07	
         6.01823	         1.80018	         1.80018	     1.10918e-07	
          6.0451	         1.80163	         1.80163	      1.1765e-07	
         6.07197	         1.80285	         1.80285	     1.25655e-07	
         6.09883	         1.80391	         1.80391	     1.34437e-07	
          6.1257	         1.80487	         1.80487	     1.43501e-07	
         6.15257	         1.80578	         1.80578	     1.52359e-07	
         6.17944	         1.80668	         1.80668	     1.60528e-07	
          6.2063	         1.80763	         1.80763	     1.67524e-07	
         6.23317	         1.80864	         1.80864	     1.72889e-07	
         6.26004	         1.80972	         1.80972	     1.76275e-07	
          6.2869	         1.81088	         1.81088	     1.77592e-07	
         6.31377	         1.81209	         1.81209	     1.77072e-07	
         6.34064	         1.81335	         1.81335	     1.75194e-07	
         6.36751	         1.81463	         1.81463	     1.72548e-07	
         6.39437	         1.81592	         1.81592	     1.69744e-07	
         6.42124	         1.81722	         1.81722	     1.67385e-07	
         6.44811	         1.81853	         1.81853	     1.66066e-07	
         6.47497	         1.81988	         1.81988	     1.66348e-07	
         6.50184	         1.82127	         1.82127	     1.68709e-07	
         6.52871	         1.82274	         1.82274	     1.73532e-07	
         6.55557	         1.82432	         1.82432	     1.81103e-07	
         6.58244	         1.82601	         1.82601	     1.91195e-07	
         6.60931	         1.82782	         1.82782	     2.02801e-07	
         6.63618	         1.82973	         1.82973	     2.15196e-07	
         6.66304	         1.83171	         1.83171	     2.27921e-07	
         6.68991	         1.83376	         1.83376	     2.40481e-07	
         6.71678	         1.83583	         1.83583	     2.52327e-07	
         6.74364	         1.83792	         1.83792	     2.62903e-07	
         6.77051	         1.84001	         1.84001	     2.71696e-07	
         6.79738	         1.84208	         1.84208	     2.78287e-07	
         6.82425	         1.84413	         1.84413	     2.82416e-07	
         6.85111	         1.84616	         1.84616	     2.84036e-07	
         6.87798	         1.84815	         1.84815	     2.83324e-07	
         6.90485	         1.85009	         1.85009	     2.80591e-07	
         6.93171	         1.85197	         1.85197	     2.76159e-07	
         6.95858	         1.85377	         1.85377	     2.70344e-07	
         6.98545	         1.85548	         1.85548	     2.63471e-07	
         7.01232	         1.85707	         1.85707	      2.5588e-07	
         7.03918	         1.85855	         1.85855	     2.47894e-07	
         7.06605	         1.85993	         1.85993	     2.39785e-07	
         7.09292	          1.8612	          1.8612	     2.31765e-07	
         7.11978	         1.86237	         1.86237	     2.24018e-07	
         7.14665	         1.86343	         1.86343	     2.16728e-07	
         7.17352	         1.86439	         1.86439	      2.1006e-07	
         7.20039	         1.86521	         1.86521	     2.04131e-07	
         7.22725	         1.86589	         1.86589	     1.99016e-07	
         7.25412	          1.8664	          1.8664	       1.948e-07	
         7.28099	         1.86672	         1.86672	     1.91647e-07	
         7.30785	         1.86681	         1.86681	     1.89824e-07	
         7.33472	         1.86666	         1.86666	     1.89611e-07	
         7.36159	         1.86624	         1.86624	     1.91215e-07	
         7.38846	         1.86554	         1.86554	     1.94762e-07	
         7.41532	         1.86458	         1.86458	     2.00258e-07	
         7.44219	         1.86336	         1.86336	       2.075e-07	
         7.46906	         1.86195	         1.86195	     2.15938e-07	
         7.49592	         1.86038	         1.86038	     2.24828e-07	
         7.52279	         1.85874	         1.85874	     2.33704e-07	
         7.54966	         1.85709	         1.85709	     2.42352e-07	
         7.57653	         1.85549	         1.85549	     2.50671e-07	
         7.60339	         1.85402	         1.85402	      2.5873e-07	
         7.63026	         1.85273	         1.85273	     2.66971e-07	
         7.65713	         1.85166	         1.85166	     2.76114e-07	
         7.68399	         1.85079	         1.85079	     2.86113e-07	
         7.71086	         1.85007	         1.85007	     2.96312e-07	
         7.73773	         1.84943	         1.84943	     3.06511e-07	
         7.76459	         1.84884	         1.84884	     3.16872e-07	
         7.79146	         1.84825	         1.84825	      3.2761e-07	
         7.81833	         1.84764	         1.84764	     3.38852e-07	
          7.8452	         1.84697	         1.84697	      3.5058e-07	
         7.87206	         1.84624	         1.84624	     3.62612e-07	
         7.89893	         1.84544	         1.84544	     3.74599e-07	
          7.9258	         1.84457	         1.84457	     3.86066e-07	
         7.95266	         1.84365	         1.84365	     3.96504e-07	
         7.97953	         1.84271	         1.84271	       4.051e-07	
          8.0064	         1.84176	         1.84176	     4.10154e-07	
         8.03327	         1.84075	         1.84075	     4.12096e-07	
         8.06013	         1.83966	         1.83966	     4.11324e-07	
           8.087	         1.83847	         1.83847	     4.08103e-07	
         8.11387	         1.83722	         1.83722	     4.02713e-07	
         8.14073	          1.8359	          1.8359	     3.95441e-07	
          8.1676	         1.83456	         1.83456	     3.86553e-07	
         8.19447	         1.83325	         1.83325	     3.76251e-07	
         8.22134	         1.83199	         1.83199	     3.64671e-07	
          8.2482	         1.83086	         1.83085	      3.5248e-07	
         8.27507	         1.82985	         1.82985	     3.41336e-07	
         8.30194	          1.8289	          1.8289	     3.30855e-07	
          8.3288	         1.82797	         1.82797	     3.20808e-07	
         8.35567	           1.827	           1.827	     3.11285e-07	
         8.38254	         1.82597	         1.82597	     3.02343e-07	
         8.40941	         1.82486	         1.82486	     2.93985e-07	
         8.43627	         1.82367	         1.82367	     2.86172e-07	
         8.46314	         1.82241	         1.82241	     2.78853e-07	
         8.49001	         1.82109	         1.82109	     2.72026e-07	
         8.51687	         1.81972	         1.81972	     2.65483e-07	
         8.54374	         1.81831	         1.81831	     2.58164e-07	
         8.57061	         1.81684	         1.81684	      2.5177e-07	
         8.59748	         1.81531	         1.81531	     2.46055e-07	
         8.62434	         1.81369	         1.81369	     2.40752e-07	
         8.65121	         1.81198	         1.81198	     2.35665e-07	
         8.67808	         1.81017	         1.81017	     2.30658e-07	
         8.70494	         1.80826	         1.80826	     2.25717e-07	
         8.73181	         1.80627	         1.80627	     2.21026e-07	
         8.75868	         1.80423	         1.80423	     2.16959e-07	
         8.78555	          1.8022	          1.8022	     2.14004e-07	
         8.81241	         1.80026	         1.80026	     2.12733e-07	
         8.83928	         1.79851	         1.79851	      2.1381e-07	
         8.86615	         1.79708	         1.79708	     2.17962e-07	
         8.89301	         1.79609	         1.79609	       2.259e-07	
         8.91988	         1.79568	         1.79568	     2.38178e-07	
         8.94675	         1.79597	         1.79597	     2.55121e-07	
         8.97361	         1.79703	         1.79702	     2.76926e-07	
         9.00048	         1.79889	         1.79889	     3.03824e-07	
         9.02735	         1.80155	         1.80155	      3.3522e-07	
         9.05422	         1.80489	         1.80489	     3.69396e-07	
         9.08108	         1.80875	         1.80875	     4.05195e-07	
         9.10795	         1.81297	         1.81297	     4.41914e-07	
         9.13482	         1.81737	         1.81737	      4.7889e-07	
         9.16168	         1.82177	         1.82177	     5.15465e-07	
         9.18855	         1.82603	         1.82603	     5.51009e-07	
         9.21542	            1.83	            1.83	     5.84914e-07	
         9.24229	         1.83357	         1.83357	     6.16601e-07	
         9.26915	         1.83665	         1.83665	     6.45531e-07	
         9.29602	         1.83919	         1.83919	     6.71224e-07	
         9.32289	         1.84116	         1.84116	     6.93267e-07	
         9.34975	         1.84256	         1.84256	     7.11298e-07	
         9.37662	         1.84345	         1.84345	     7.24993e-07	
         9.40349	         1.84389	         1.84389	     7.34103e-07	
         9.43036	         1.84399	         1.84399	     7.38545e-07	
         9.45722	         1.84385	         1.84385	     7.38412e-07	
         9.48409	          1.8436	          1.8436	     7.33876e-07	
         9.51096	         1.84338	         1.84338	     7.25114e-07	
         9.53782	         1.84329	         1.84328	     7.12297e-07	
         9.56469	         1.84344	         1.84343	     6.95595e-07	
         9.59156	         1.84391	         1.84391	     6.75181e-07	
         9.61843	         1.84477	         1.84477	     6.51131e-07	
         9.64529	         1.84605	         1.84605	     6.23545e-07	
         9.67216	         1.84777	         1.84777	      5.9496e-07	
         9.69903	         1.84988	         1.84988	     5.67123e-07	
         9.72589	         1.85233	         1.85233	     5.40776e-07	
         9.75276	         1.85502	         1.85502	     5.16558e-07	
         9.77963	         1.85784	         1.85784	     4.94926e-07	
          9.8065	         1.86065	         1.86065	     4.76157e-07	
         9.83336	         1.86331	         1.86331	     4.60386e-07	
         9.86023	         1.86569	         1.86569	     4.47639e-07	
          9.8871	         1.86762	         1.86762	     4.37834e-07	
         9.91396	           1.869	           1.869	     4.30781e-07	
         9.94083	          1.8697	          1.8697	     4.26172e-07	
          9.9677	         1.86963	         1.86962	     4.23576e-07	
         9.99457	         1.86871	         1.86871	     4.22444e-07	
         10.0214	          1.8669	          1.8669	      4.2212e-07	
         10.0483	         1.86418	         1.86418	     4.21853e-07	
         10.0752	         1.86058	         1.86058	     4.20819e-07	
          10.102	         1.85613	         1.85613	     4.18162e-07	
         10.1289	         1.85093	         1.85093	     4.13041e-07	
         10.1558	         1.84509	         1.84509	     4.04705e-07	
         10.1826	         1.83877	         1.83877	     3.92587e-07	
         10.2095	         1.83215	         1.83215	     3.76409e-07	
         10.2364	         1.82545	         1.82545	     3.56268e-07	
         10.2632	         1.81886	         1.81886	     3.32654e-07	
         10.2901	          1.8126	          1.8126	     3.06353e-07	
          10.317	         1.80687	         1.80687	     2.78262e-07	
         10.3438	         1.80182	         1.80182	     2.49159e-07	
         10.3707	          1.7976	          1.7976	     2.19496e-07	
         10.3976	         1.79431	         1.79431	      1.8933e-07	
         10.4244	         1.79201	         1.79201	     1.58553e-07	
         10.4513	         1.79074	         1.79074	     1.27358e-07	
         10.4782	         1.79053	         1.79053	     9.65559e-08	
          10.505	         1.79133	         1.79133	     6.71288e-08	
         10.5319	          1.7931	          1.7931	     3.94951e-08	
         10.5588	         1.79578	         1.79578	     1.34545e-08	
         10.5856	          1.7993	          1.7993	    -1.14554e-08	
         10.6125	          1.8036	          1.8036	     -3.5693e-08	
         10.6394	         1.80864	         1.80864	    -5.96049e-08	
         10.6662	         1.81437	         1.81437	    -8.34328e-08	
         10.6931	         1.82076	         1.82076	    -1.07552e-07	
           10.72	         1.82777	         1.82777	    -1.30784e-07	
         10.7468	         1.83525	         1.83525	    -1.52039e-07	
         10.7737	         1.84303	         1.84303	    -1.69614e-07	
         10.8006	         1.85098	         1.85098	    -1.82056e-07	
         10.8274	         1.85896	         1.85896	    -1.88125e-07	
         10.8543	         1.86687	         1.86687	     -1.8673e-07	
         10.8812	         1.87458	         1.87458	    -1.77026e-07	
          10.908	         1.88202	         1.88202	    -1.58777e-07	
         10.9349	         1.88907	         1.88907	    -1.32315e-07	
         10.9618	         1.89566	         1.89566	    -9.81432e-08	
         10.9886	         1.90173	         1.90173	    -5.68891e-08	
         11.0155	         1.90724	         1.90724	    -9.36164e-09	
         11.0424	         1.91217	         1.91217	     4.34166e-08	
         11.0692	         1.91652	         1.91652	     1.00171e-07	
         11.0961	         1.92032	         1.92032	     1.59311e-07	
          11.123	          1.9236	          1.9236	     2.18896e-07	
         11.1499	         1.92639	         1.92639	     2.76842e-07	
         11.1767	         1.92876	         1.92876	     3.31551e-07	
         11.2036	         1.93073	         1.93073	     3.82092e-07	
         11.2305	         1.93233	         1.93233	     4.26837e-07	
         11.2573	          1.9336	          1.9336	     4.63549e-07	
         11.2842	         1.93455	         1.93455	     4.90392e-07	
         11.3111	         1.93523	         1.93523	     5.06198e-07	
         11.3379	         1.93568	         1.93568	     5.10454e-07	
         11.3648	         1.93594	         1.93594	     5.03267e-07	
         11.3917	         1.93607	         1.93607	     4.85348e-07	
         11.4185	         1.93609	         1.93608	     4.57952e-07	
         11.4454	         1.93603	         1.93603	     4.22778e-07	
         11.4723	         1.93592	         1.93592	     3.81784e-07	
         11.4991	         1.93577	         1.93577	     3.36997e-07	
          11.526	         1.93561	         1.93561	     2.90374e-07	
         11.5529	         1.93547	         1.93547	     2.43717e-07	
         11.5797	         1.93537	         1.93537	     1.98645e-07	
         11.6066	         1.93537	         1.93537	     1.56572e-07	
         11.6335	          1.9355	          1.9355	     1.18704e-07	
         11.6603	         1.93584	         1.93584	     8.60831e-08	
         11.6872	         1.93642	         1.93642	     5.97091e-08	
         11.7141	         1.93731	         1.93731	     4.07383e-08	
         11.7409	         1.93852	         1.93852	     3.05821e-08	
         11.7678	         1.94008	         1.94008	     3.06014e-08	
         11.7947	         1.94196	         1.94196	     4.15145e-08	
         11.8215	         1.94414	         1.94414	     6.31084e-08	
         11.8484	         1.94656	         1.94656	     9.44089e-08	
         11.8753	         1.94919	         1.94919	     1.33964e-07	
         11.9021	         1.95196	         1.95196	     1.80003e-07	
          11.929	         1.95485	         1.95485	     2.30447e-07	
         11.9559	         1.95781	         1.95781	     2.82931e-07	
         11.9827	         1.96081	         1.96081	     3.35261e-07	
         12.0096	         1.96382	         1.96382	     3.86109e-07	
         12.0365	         1.96679	         1.96679	      4.3427e-07	
         12.0633	         1.96969	         1.96969	      4.7811e-07	
         12.0902	         1.97247	         1.97247	      5.1609e-07	
         12.1171	         1.97507	         1.97507	     5.47115e-07	
         12.1439	         1.97745	         1.97745	      5.7058e-07	
         12.1708	         1.97954	         1.97954	     5.86224e-07	
         12.1977	         1.98128	         1.98127	     5.93921e-07	
         12.2245	         1.98259	         1.98259	     5.93634e-07	
         12.2514	         1.98342	         1.98341	      5.8559e-07	
         12.2783	         1.98369	         1.98369	     5.70409e-07	
         12.3051	         1.98338	         1.98338	      5.4907e-07	
          12.332	         1.98246	         1.98246	     5.22809e-07	
         12.3589	         1.98091	         1.98091	     4.93004e-07	
         12.3857	         1.97876	         1.97876	     4.61078e-07	
         12.4126	         1.97604	         1.97604	     4.28407e-07	
         12.4395	         1.97279	         1.97279	     3.96239e-07	
         12.4663	         1.96909	         1.96909	     3.65648e-07	
         12.4932	         1.96503	         1.96503	     3.37512e-07	
         12.5201	         1.96071	         1.96071	     3.12523e-07	
         12.5469	         1.95625	         1.95625	     2.91198e-07	
         12.5738	         1.95181	         1.95181	      2.7382e-07	
         12.6007	         1.94752	         1.94752	     2.60294e-07	
         12.6275	         1.94353	         1.94352	     2.50001e-07	
         12.6544	         1.93995	         1.93995	     2.41941e-07	
         12.6813	         1.93689	         1.93689	     2.35109e-07	
         12.7081	         1.93441	         1.93441	     2.28729e-07	
          12.735	         1.93255	         1.93255	     2.22266e-07	
         12.7619	         1.93129	         1.93129	     2.15411e-07	
         12.7887	         1.93062	         1.93062	     2.08091e-07	
         12.8156	         1.93047	         1.93047	     2.00448e-07	
         12.8425	         1.93077	         1.93077	     1.92729e-07	
         12.8693	         1.93144	         1.93144	     1.85151e-07	
         12.8962	         1.93237	         1.93237	     1.77805e-07	
         12.9231	         1.93347	         1.93347	     1.70683e-07	
         12.9499	         1.93468	         1.93468	       1.638e-07	
         12.9768	         1.93592	         1.93592	     1.57484e-07	
         13.0037	         1.93717	         1.93717	      1.5264e-07	
         13.0305	          1.9384	          1.9384	     1.50025e-07	
         13.0574	         1.93959	         1.93959	     1.49748e-07	
         13.0843	         1.94077	         1.94077	     1.51561e-07	
         13.1111	         1.94196	         1.94196	     1.54955e-07	
          13.138	         1.94319	         1.94319	     1.59444e-07	
         13.1649	         1.94447	         1.94447	     1.65064e-07	
         13.1918	         1.94578	         1.94578	     1.71523e-07	
         13.2186	          1.9471	          1.9471	     1.77733e-07	
         13.2455	          1.9484	          1.9484	     1.82425e-07	
         13.2724	         1.94964	         1.94964	     1.84572e-07	
         13.2992	         1.95081	         1.95081	     1.83805e-07	
         13.3261	         1.95186	         1.95186	     1.81083e-07	
          13.353	         1.95274	         1.95274	     1.78052e-07	
         13.3798	         1.95338	         1.95338	      1.7538e-07	
         13.4067	         1.95372	         1.95372	      1.7331e-07	
         13.4336	         1.95371	         1.95371	     1.72117e-07	
         13.4604	         1.95331	         1.95331	     1.71987e-07	
         13.4873	          1.9525	          1.9525	     1.72924e-07	
         13.5142	         1.95126	         1.95126	     1.74745e-07	
          13.541	          1.9496	          1.9496	     1.77103e-07	
         13.5679	         1.94756	         1.94756	     1.79536e-07	
         13.5948	         1.94517	         1.94517	     1.81507e-07	
         13.6216	          1.9425	          1.9425	     1.82437e-07	
         13.6485	         1.93963	         1.93963	     1.81704e-07	
         13.6754	         1.93665	         1.93665	     1.78594e-07	
         13.7022	         1.93366	         1.93366	     1.72199e-07	
         13.7291	          1.9308	          1.9308	     1.61372e-07	
          13.756	         1.92819	         1.92819	     1.44865e-07	
         13.7828	         1.92597	         1.92597	     1.21678e-07	
         13.8097	         1.92426	         1.92426	     9.15653e-08	
         13.8366	         1.92318	         1.92318	     5.55817e-08	
         13.8634	         1.92284	         1.92284	     1.64759e-08	
         13.8903	         1.92331	         1.92331	    -2.20938e-08	
         13.9172	          1.9246	          1.9246	    -5.88793e-08	
          13.944	         1.92667	         1.92667	    -9.45887e-08	
         13.9709	         1.92946	         1.92946	    -1.28386e-07	
         13.9978	         1.93285	         1.93285	      -1.584e-07	
         14.0246	         1.93675	         1.93675	    -1.82495e-07	
         14.0515	         1.94102	         1.94102	    -1.98289e-07	
         14.0784	         1.94551	         1.94551	    -2.05834e-07	
         14.1052	         1.95002	         1.95002	    -2.07432e-07	
         14.1321	         1.95439	         1.95439	    -2.03982e-07	
          14.159	         1.95844	         1.95844	    -1.95939e-07	
         14.1858	         1.96204	         1.96204	    -1.83763e-07	
         14.2127	         1.96508	         1.96508	    -1.67981e-07	
         14.2396	         1.96747	         1.96747	    -1.49177e-07	
         14.2664	         1.96917	         1.96917	    -1.28008e-07	
         14.2933	         1.97016	         1.97016	    -1.05237e-07	
         14.3202	         1.97046	         1.97046	    -8.17717e-08	
          14.347	         1.97013	         1.97013	    -5.87112e-08	
         14.3739	         1.96926	         1.96926	    -3.73784e-08	
         14.4008	         1.96796	         1.96796	    -1.93505e-08	
         14.4276	          1.9664	          1.9664	    -6.51938e-09	
         14.4545	         1.96475	         1.96475	    -1.52387e-09	
         14.4814	         1.96321	         1.96321	    -5.96488e-09	
         14.5082	         1.96194	         1.96194	    -1.28664e-08	
         14.5351	         1.96107	         1.96107	    -2.43285e-08	
          14.562	         1.96075	         1.96075	    -4.23786e-08	
         14.5888	         1.96112	         1.96112	    -7.12967e-08	
         14.6157	         1.96225	         1.96225	    -9.88843e-08	
         14.6426	         1.96411	         1.96411	    -1.21634e-07	
         14.6694	         1.96664	         1.96664	    -1.39771e-07	
         14.6963	         1.96975	         1.96975	    -1.53802e-07	
         14.7232	         1.97335	         1.97335	    -1.64414e-07	
           14.75	         1.97734	         1.97734	    -1.72329e-07	
         14.7769	         1.98158	         1.98158	    -1.78087e-07	
         14.8038	         1.98594	         1.98594	    -1.81948e-07	
         14.8306	          1.9903	          1.9903	    -1.83985e-07	
         14.8575	         1.99453	         1.99453	    -1.84221e-07	
         14.8844	         1.99853	         1.99853	    -1.82713e-07	
         14.9112	         2.00222	         2.00222	    -1.79573e-07	
         14.9381	         2.00555	         2.00555	    -1.74968e-07	
          14.965	          2.0085	          2.0085	    -1.69071e-07	
         14.9918	         2.01105	         2.01105	     -1.6197e-07	
         15.0187	         2.01318	         2.01318	    -1.53574e-07	
         15.0456	         2.01491	         2.01491	    -1.43641e-07	
         15.0724	         2.01623	         2.01623	    -1.31965e-07	
         15.0993	         2.01714	         2.01714	    -1.18558e-07	
         15.1262	         2.01764	         2.01764	    -1.03717e-07	
         15.1531	         2.01772	         2.01772	    -8.80021e-08	
         15.1799	         2.01739	         2.01739	    -7.21771e-08	
         15.2068	         2.01666	         2.01666	     -5.7157e-08	
         15.2337	         2.01553	         2.01553	    -4.40135e-08	
         15.2605	         2.01403	         2.01403	    -3.39208e-08	
         15.2874	         2.01215	         2.01215	    -2.77708e-08	
         15.3143	         2.00991	         2.00991	    -2.57329e-08	
         15.3411	         2.00736	         2.00736	     -2.7197e-08	
          15.368	         2.00454	         2.00454	    -3.09917e-08	
         15.3949	         2.00154	         2.00154	    -3.56632e-08	
         15.4217	         1.99842	         1.99842	    -3.97396e-08	
         15.4486	          1.9953	          1.9953	    -4.19618e-08	
         15.4755	         1.99228	         1.99228	    -4.15072e-08	
         15.5023	         1.98947	         1.98947	    -3.82936e-08	
         15.5292	         1.98697	         1.98697	    -3.33115e-08	
         15.5561	         1.98488	         1.98488	    -2.83546e-08	
         15.5829	         1.98327	         1.98327	    -2.48435e-08	
         15.6098	         1.98221	         1.98221	    -2.30707e-08	
         15.6367	         1.98176	         1.98176	    -2.20505e-08	
         15.6635	         1.98195	         1.98195	    -1.94422e-08	
         15.6904	         1.98273	         1.98273	    -1.41853e-08	
         15.7173	         1.98404	         1.98404	    -5.57219e-09	
         15.7441	         1.98579	         1.98579	     7.43494e-09	
          15.771	         1.98787	         1.98787	     2.58066e-08	
         15.7979	          1.9902	          1.9902	      5.0288e-08	
         15.8247	         1.99267	         1.99267	     8.13424e-08	
         15.8516	         1.99519	         1.99519	     1.19128e-07	
         15.8785	         1.99771	         1.99771	     1.63486e-07	
         15.9053	         2.00015	         2.00015	      2.1394e-07	
         15.9322	         2.00249	         2.00249	     2.69711e-07	
         15.9591	         2.00469	         2.00469	     3.29761e-07	
         15.9859	         2.00673	         2.00673	     3.92894e-07	
         16.0128	         2.00857	         2.00857	     4.57902e-07	
         16.0397	         2.01022	         2.01022	     5.23702e-07	
         16.0665	         2.01164	         2.01164	     5.89429e-07	
         16.0934	         2.01283	         2.01283	     6.54425e-07	
         16.1203	         2.01377	         2.01377	     7.18104e-07	
         16.1471	         2.01444	         2.01444	     7.79685e-07	
          16.174	         2.01484	         2.01484	     8.37932e-07	
         16.2009	         2.01496	         2.01496	     8.91157e-07	
         16.2277	         2.01478	         2.01478	     9.37588e-07	
         16.2546	          2.0143	         2.01429	     9.75878e-07	
         16.2815	          2.0135	         2.01349	     1.00536e-06	
         16.3083	         2.01237	         2.01237	     1.02601e-06	
         16.3352	         2.01092	         2.01092	     1.03826e-06	
         16.3621	         2.00914	         2.00914	     1.04277e-06	
         16.3889	         2.00706	         2.00705	     1.04032e-06	
         16.4158	         2.00469	         2.00468	     1.03166e-06	
         16.4427	         2.00207	         2.00207	     1.01757e-06	
         16.4695	         1.99925	         1.99925	     9.98769e-07	
         16.4964	         1.99627	         1.99627	     9.75935e-07	
         16.5233	         1.99318	         1.99318	     9.49696e-07	
         16.5501	         1.99001	         1.99001	     9.20668e-07	
          16.577	         1.98679	         1.98679	     8.89558e-07	
         16.6039	         1.98354	         1.98354	     8.57252e-07	
         16.6307	         1.98027	         1.98026	      8.2485e-07	
         16.6576	         1.97697	         1.97697	      7.9363e-07	
         16.6845	         1.97365	         1.97364	     7.64972e-07	
         16.7113	         1.97029	         1.97029	     7.40234e-07	
         16.7382	         1.96691	         1.96691	     7.20605e-07	
         16.7651	          1.9635	          1.9635	     7.06951e-07	
         16.7919	         1.96005	         1.96005	     6.99706e-07	
         16.8188	          1.9566	          1.9566	     6.98823e-07	
         16.8457	         1.95316	         1.95316	      7.0381e-07	
         16.8725	         1.94978	         1.94978	     7.13812e-07	
         16.8994	         1.94653	         1.94653	     7.27728e-07	
         16.9263	         1.94349	         1.94349	     7.44335e-07	
         16.9531	         1.94075	         1.94075	     7.62367e-07	
           16.98	         1.93844	         1.93844	     7.80365e-07	
         17.0069	         1.93669	         1.93669	     7.96957e-07	
         17.0337	         1.93559	         1.93559	     8.15799e-07	
         17.0606	         1.93521	         1.93521	     8.33474e-07	
         17.0875	         1.93557	         1.93557	     8.47816e-07	
         17.1143	         1.93666	         1.93666	     8.57246e-07	
         17.1412	         1.93843	         1.93843	     8.60743e-07	
         17.1681	          1.9408	          1.9408	     8.57753e-07	
          17.195	         1.94368	         1.94368	     8.48078e-07	
         17.2218	         1.94696	         1.94696	     8.31778e-07	
         17.2487	         1.95052	         1.95052	     8.09094e-07	
         17.2756	         1.95425	         1.95425	     7.80411e-07	
         17.3024	         1.95804	         1.95804	     7.46328e-07	
         17.3293	          1.9618	          1.9618	     7.08081e-07	
         17.3562	         1.96545	         1.96545	     6.67564e-07	
          17.383	         1.96894	         1.96894	     6.25421e-07	
         17.4099	         1.97219	         1.97219	     5.81183e-07	
         17.4368	         1.97519	         1.97519	     5.34626e-07	
         17.4636	          1.9779	          1.9779	      4.8583e-07	
         17.4905	         1.98036	         1.98036	     4.35048e-07	
         17.5174	         1.98256	         1.98256	     3.82657e-07	
         17.5442	         1.98457	         1.98457	     3.29155e-07	
         17.5711	         1.98641	         1.98641	     2.75164e-07	
          17.598	         1.98814	         1.98814	     2.21448e-07	
         17.6248	          1.9898	          1.9898	     1.68926e-07	
         17.6517	         1.99143	         1.99143	     1.18684e-07	
         17.6786	         1.99308	         1.99308	     7.19668e-08	
         17.7054	         1.99478	         1.99478	     3.01294e-08	
         17.7323	         1.99655	         1.99655	    -5.46422e-09	
         17.7592	         1.99842	         1.99842	    -3.36064e-08	
          17.786	          2.0004	          2.0004	    -5.34573e-08	
         17.8129	          2.0025	          2.0025	    -6.47169e-08	
         17.8398	          2.0047	          2.0047	    -6.75877e-08	
         17.8666	         2.00697	         2.00697	    -6.25026e-08	
         17.8935	         2.00926	         2.00926	    -4.99519e-08	
         17.9204	         2.01152	         2.01152	    -3.05403e-08	
         17.9472	         2.01371	         2.01371	     -5.0331e-09	
         17.9741	         2.01578	         2.01578	     2.56753e-08	
          18.001	         2.01771	         2.01771	     6.06095e-08	
         18.0278	          2.0195	          2.0195	     9.87481e-08	
         18.0547	         2.02112	         2.02112	     1.38995e-07	
         18.0816	         2.02258	         2.02258	     1.79991e-07	
         18.1084	         2.02386	         2.02386	     2.19908e-07	
         18.1353	         2.02496	         2.02496	     2.56555e-07	
         18.1622	         2.02588	         2.02588	      2.8765e-07	
          18.189	         2.02663	         2.02663	     3.10986e-07	
         18.2159	          2.0272	          2.0272	     3.24489e-07	
         18.2428	         2.02761	         2.02761	     3.26303e-07	
         18.2696	         2.02788	         2.02788	      3.1491e-07	
         18.2965	           2.028	           2.028	     2.89265e-07	
         18.3234	         2.02801	         2.02801	     2.48917e-07	
         18.3502	         2.02792	         2.02792	     1.94078e-07	
         18.3771	         2.02775	         2.02775	     1.25659e-07	
          18.404	         2.02751	         2.02751	     4.52723e-08	
         18.4308	         2.02723	         2.02723	    -4.48086e-08	
         18.4577	         2.02692	         2.02692	    -1.41727e-07	
         18.4846	         2.02659	         2.02659	    -2.42198e-07	
         18.5114	         2.02624	         2.02624	    -3.42749e-07	
         18.5383	         2.02588	         2.02588	    -4.40005e-07	
         18.5652	         2.02548	         2.02548	    -5.30986e-07	
          18.592	         2.02506	         2.02506	    -6.13327e-07	
         18.6189	         2.02459	         2.02459	    -6.85401e-07	
         18.6458	         2.02408	         2.02408	    -7.46325e-07	
         18.6726	         2.02351	         2.02351	    -7.95884e-07	
         18.6995	          2.0229	          2.0229	    -8.34392e-07	
         18.7264	         2.02225	         2.02225	    -8.62522e-07	
         18.7532	         2.02158	         2.02158	    -8.81114e-07	
         18.7801	         2.02091	         2.02091	    -8.90922e-07	
          18.807	         2.02027	         2.02027	    -8.92658e-07	
         18.8338	         2.01966	         2.01966	     -8.8935e-07	
         18.8607	         2.01909	          2.0191	     -8.8485e-07	
         18.8876	         2.01858	         2.01858	    -8.80558e-07	
         18.9144	         2.01813	         2.01813	    -8.77145e-07	
         18.9413	         2.01778	         2.01778	    -8.75104e-07	
         18.9682	         2.01758	         2.01758	    -8.74657e-07	
          18.995	         2.01757	         2.01757	    -8.75533e-07	
         19.0219	         2.01781	         2.01781	     -8.7684e-07	
         19.0488	         2.01832	         2.01832	    -8.77328e-07	
         19.0756	         2.01914	         2.01915	    -8.75904e-07	
         19.1025	         2.02029	         2.02029	    -8.71945e-07	
         19.1294	         2.02176	         2.02176	    -8.65265e-07	
         19.1562	         2.02353	         2.02354	    -8.55846e-07	
         19.1831	         2.02559	         2.02559	    -8.43481e-07	
           19.21	          2.0279	          2.0279	    -8.27602e-07	
         19.2369	         2.03042	         2.03042	    -8.04675e-07	
         19.2637	         2.03303	         2.03303	    -7.71638e-07	
         19.2906	         2.03556	         2.03556	    -7.30063e-07	
         19.3175	         2.03789	         2.03789	     -6.7995e-07	
         19.3443	         2.03988	         2.03988	    -6.21324e-07	
         19.3712	         2.04142	         2.04142	    -5.54412e-07	
         19.3981	         2.04244	         2.04244	    -4.79643e-07	
         19.4249	         2.04286	         2.04286	     -3.9755e-07	
         19.4518	         2.04266	         2.04266	    -3.08701e-07	
         19.4787	         2.04183	         2.04183	    -2.13819e-07	
         19.5055	          2.0404	          2.0404	    -1.14029e-07	
         19.5324	         2.03846	         2.03846	    -1.10396e-08	
         19.5593	         2.03609	         2.03609	     9.28012e-08	
         19.5861	         2.03343	         2.03343	     1.94573e-07	
          19.613	         2.03063	         2.03063	     2.90946e-07	
         19.6399	         2.02784	         2.02784	     3.78462e-07	
         19.6667	         2.02525	         2.02525	     4.54006e-07	
         19.6936	         2.02299	         2.02299	     5.15559e-07	
         19.7205	         2.02122	         2.02122	     5.63054e-07	
         19.7473	         2.02005	         2.02005	     5.98321e-07	
         19.7742	         2.01954	         2.01954	     6.23562e-07	
         19.8011	          2.0197	          2.0197	     6.40463e-07	
         19.8279	         2.02055	         2.02055	     6.50585e-07	
         19.8548	         2.02204	         2.02204	     6.55635e-07	
         19.8817	         2.02413	         2.02413	      6.5742e-07	
         19.9085	         2.02674	         2.02674	     6.57723e-07	
         19.9354	         2.02979	         2.02979	     6.58145e-07	
         19.9623	         2.03319	         2.03319	     6.59974e-07	
         19.9891	         2.03682	         2.03681	     6.64062e-07	
          20.016	         2.04057	         2.04057	     6.70762e-07	
         20.0429	         2.04434	         2.04434	     6.79913e-07	
         20.0697	         2.04802	         2.04802	     6.90849e-07	
         20.0966	         2.05153	         2.05153	     7.02413e-07	
         20.1235	          2.0548	          2.0548	     7.12853e-07	
         20.1503	         2.05779	         2.05779	        7.19e-07	
         20.1772	         2.06048	         2.06048	     7.20761e-07	
         20.2041	         2.06287	         2.06287	     7.19503e-07	
         20.2309	         2.06489	         2.06489	     7.13905e-07	
         20.2578	         2.06653	         2.06653	     7.04399e-07	
         20.2847	         2.06779	         2.06779	     6.91402e-07	
         20.3115	         2.06866	         2.06866	     6.75496e-07	
         20.3384	         2.06916	         2.06916	     6.57479e-07	
         20.3653	         2.06929	         2.06929	     6.38341e-07	
         20.3921	         2.06907	         2.06907	     6.19186e-07	
          20.419	         2.06853	         2.06853	     6.01134e-07	
         20.4459	          2.0677	          2.0677	     5.85224e-07	
         20.4727	          2.0666	          2.0666	     5.72359e-07	
         20.4996	         2.06528	         2.06528	     5.63289e-07	
         20.5265	         2.06377	         2.06377	     5.58612e-07	
         20.5533	         2.06212	         2.06211	     5.58779e-07	
         20.5802	         2.06035	         2.06035	     5.64073e-07	
         20.6071	         2.05851	         2.05851	     5.74573e-07	
         20.6339	         2.05664	         2.05664	     5.90126e-07	
         20.6608	         2.05475	         2.05475	     6.10342e-07	
         20.6877	         2.05287	         2.05287	     6.34605e-07	
         20.7145	         2.05103	         2.05103	     6.62108e-07	
         20.7414	         2.04924	         2.04924	     6.91897e-07	
         20.7683	         2.04752	         2.04752	     7.22944e-07	
         20.7951	         2.04588	         2.04588	     7.54221e-07	
          20.822	         2.04436	         2.04436	     7.84743e-07	
         20.8489	         2.04296	         2.04296	     8.13535e-07	
         20.8757	         2.04172	         2.04172	     8.39504e-07	
         20.9026	         2.04065	         2.04065	     8.61377e-07	
         20.9295	         2.03975	         2.03975	     8.77774e-07	
         20.9563	         2.03904	         2.03904	     8.87288e-07	
         20.9832	         2.03852	         2.03852	     8.88531e-07	
         21.0101	          2.0382	          2.0382	     8.80257e-07	
         21.0369	         2.03808	         2.03808	     8.61632e-07	
         21.0638	         2.03817	         2.03817	     8.32555e-07	
         21.0907	         2.03846	         2.03846	     7.93799e-07	
         21.1175	         2.03896	         2.03896	     7.46836e-07	
         21.1444	         2.03964	         2.03964	     6.93498e-07	
         21.1713	         2.04052	         2.04052	     6.35695e-07	
         21.1982	         2.04157	         2.04157	     5.75206e-07	
          21.225	         2.04278	         2.04278	     5.13493e-07	
         21.2519	         2.04414	         2.04414	     4.51559e-07	
         21.2788	         2.04563	         2.04563	     3.89918e-07	
         21.3056	         2.04727	         2.04726	     3.28677e-07	
         21.3325	         2.04903	         2.04903	     2.67727e-07	
         21.3594	         2.05094	         2.05094	     2.06974e-07	
         21.3862	         2.05299	         2.05299	     1.46509e-07	
         21.4131	         2.05518	         2.05518	     8.66417e-08	
           21.44	          2.0575	          2.0575	      2.7822e-08	
         21.4668	          2.0599	          2.0599	    -2.93843e-08	
         21.4937	         2.06233	         2.06233	    -8.42136e-08	
         21.5206	         2.06472	         2.06472	     -1.3565e-07	
         21.5474	         2.06697	         2.06697	    -1.82496e-07	
         21.5743	         2.06899	         2.06899	    -2.23526e-07	
         21.6012	         2.07071	         2.07071	    -2.57665e-07	
          21.628	         2.07204	         2.07204	    -2.84199e-07	
         21.6549	         2.07295	         2.07295	    -3.03071e-07	
         21.6818	         2.07338	         2.07338	    -3.14792e-07	
         21.7086	         2.07333	         2.07333	    -3.17433e-07	
         21.7355	         2.07279	         2.07279	    -3.05869e-07	
         21.7624	         2.07177	         2.07177	    -2.77865e-07	
         21.7892	         2.07029	         2.07029	    -2.33592e-07	
         21.8161	          2.0684	          2.0684	    -1.73888e-07	
          21.843	         2.06616	         2.06616	     -1.0011e-07	
